date,pb_winners,pp_winners,states,total_winners
11/29/2017,11416,1830,Arizona,13246
11/29/2017,1692,1482,Arkansas,3174
11/29/2017,57664,0,California,57664
11/29/2017,5365,4238,Colorado,9603
11/29/2017,5812,3045,Connecticut,8857
11/29/2017,2209,388,Delaware,2597
11/29/2017,1139,193,Dist. of Columbia,1332
11/29/2017,37811,11444,Florida,49255
11/29/2017,14801,1736,Georgia,16537
11/29/2017,3123,803,Idaho,3926
11/29/2017,14428,2556,Illinois,16984
11/29/2017,9200,2056,Indiana,11256
11/29/2017,4537,1850,Iowa,6387
11/29/2017,4505,582,Kansas,5087
11/29/2017,8049,1252,Kentucky,9301
11/29/2017,7938,2649,Louisiana,10587
11/29/2017,1172,1082,Maine,2254
11/29/2017,9546,1398,Maryland,10944
11/29/2017,11598,1329,Massachusetts,12927
11/29/2017,14680,1659,Michigan,16339
11/29/2017,8188,682,Minnesota,8870
11/29/2017,11819,988,Missouri,12807
11/29/2017,961,536,Montana,1497
11/29/2017,4016,720,Nebraska,4736
11/29/2017,3330,556,New Hampshire,3886
11/29/2017,21664,2579,New Jersey,24243
11/29/2017,2371,930,New Mexico,3301
11/29/2017,41670,3410,New York,45080
11/29/2017,12221,4557,North Carolina,16778
11/29/2017,668,721,North Dakota,1389
11/29/2017,11472,2840,Ohio,14312
11/29/2017,2712,2112,Oklahoma,4824
11/29/2017,7268,1216,Oregon,8484
11/29/2017,21001,6246,Pennsylvania,27247
11/29/2017,0,0,Puerto Rico,0
11/29/2017,2255,747,Rhode Island,3002
11/29/2017,4917,3845,South Carolina,8762
11/29/2017,1269,425,South Dakota,1694
11/29/2017,8124,3767,Tennessee,11891
11/29/2017,25153,10470,Texas,35623
11/29/2017,554,427,Vermont,981
11/29/2017,0,0,Virgin Islands,0
11/29/2017,10746,2519,Virginia,13265
11/29/2017,7504,1129,Washington,8633
11/29/2017,3475,650,West Virginia,4125
11/29/2017,8951,1765,Wisconsin,10716
11/29/2017,605,484,Wyoming,1089
11/25/2017,11832,2199,Arizona,14031
11/25/2017,1882,1742,Arkansas,3624
11/25/2017,57084,0,California,57084
11/25/2017,5208,4447,Colorado,9655
11/25/2017,6371,3478,Connecticut,9849
11/25/2017,2394,459,Delaware,2853
11/25/2017,964,238,Dist. of Columbia,1202
11/25/2017,45278,13727,Florida,59005
11/25/2017,16606,2136,Georgia,18742
11/25/2017,3194,913,Idaho,4107
11/25/2017,14456,2862,Illinois,17318
11/25/2017,10334,2418,Indiana,12752
11/25/2017,4615,2033,Iowa,6648
11/25/2017,4434,612,Kansas,5046
11/25/2017,8670,1491,Kentucky,10161
11/25/2017,8676,3066,Louisiana,11742
11/25/2017,1407,1454,Maine,2861
11/25/2017,10763,1734,Maryland,12497
11/25/2017,12877,1739,Massachusetts,14616
11/25/2017,15261,1989,Michigan,17250
11/25/2017,8149,717,Minnesota,8866
11/25/2017,11738,1059,Missouri,12797
11/25/2017,948,566,Montana,1514
11/25/2017,4279,747,Nebraska,5026
11/25/2017,3865,772,New Hampshire,4637
11/25/2017,21655,3233,New Jersey,24888
11/25/2017,2490,929,New Mexico,3419
11/25/2017,41997,4275,New York,46272
11/25/2017,13804,5471,North Carolina,19275
11/25/2017,640,687,North Dakota,1327
11/25/2017,11524,3295,Ohio,14819
11/25/2017,2960,2491,Oklahoma,5451
11/25/2017,6824,1245,Oregon,8069
11/25/2017,22137,7256,Pennsylvania,29393
11/25/2017,1,0,Puerto Rico,1
11/25/2017,2730,862,Rhode Island,3592
11/25/2017,5947,4701,South Carolina,10648
11/25/2017,1237,481,South Dakota,1718
11/25/2017,9400,4519,Tennessee,13919
11/25/2017,26994,11656,Texas,38650
11/25/2017,688,560,Vermont,1248
11/25/2017,0,0,Virgin Islands,0
11/25/2017,12263,3168,Virginia,15431
11/25/2017,6940,1103,Washington,8043
11/25/2017,3739,738,West Virginia,4477
11/25/2017,9150,1885,Wisconsin,11035
11/25/2017,696,498,Wyoming,1194
11/22/2017,13753,2646,Arizona,16399
11/22/2017,2179,1959,Arkansas,4138
11/22/2017,65422,0,California,65422
11/22/2017,6065,5170,Colorado,11235
11/22/2017,7195,3929,Connecticut,11124
11/22/2017,2626,504,Delaware,3130
11/22/2017,1326,278,Dist. of Columbia,1604
11/22/2017,48331,15723,Florida,64054
11/22/2017,17894,2302,Georgia,20196
11/22/2017,3731,1134,Idaho,4865
11/22/2017,16650,3372,Illinois,20022
11/22/2017,10897,2788,Indiana,13685
11/22/2017,5372,2262,Iowa,7634
11/22/2017,5036,701,Kansas,5737
11/22/2017,9523,1683,Kentucky,11206
11/22/2017,9083,3376,Louisiana,12459
11/22/2017,1382,1365,Maine,2747
11/22/2017,11717,1862,Maryland,13579
11/22/2017,14514,2106,Massachusetts,16620
11/22/2017,17465,2238,Michigan,19703
11/22/2017,9193,892,Minnesota,10085
11/22/2017,13670,1339,Missouri,15009
11/22/2017,1175,786,Montana,1961
11/22/2017,4848,942,Nebraska,5790
11/22/2017,4036,821,New Hampshire,4857
11/22/2017,24960,3490,New Jersey,28450
11/22/2017,2792,1162,New Mexico,3954
11/22/2017,45632,4537,New York,50169
11/22/2017,14618,5879,North Carolina,20497
11/22/2017,716,801,North Dakota,1517
11/22/2017,13859,3989,Ohio,17848
11/22/2017,2977,2793,Oklahoma,5770
11/22/2017,7492,1474,Oregon,8966
11/22/2017,24521,8254,Pennsylvania,32775
11/22/2017,0,0,Puerto Rico,0
11/22/2017,3044,998,Rhode Island,4042
11/22/2017,6153,5022,South Carolina,11175
11/22/2017,1439,606,South Dakota,2045
11/22/2017,9718,4695,Tennessee,14413
11/22/2017,28426,13092,Texas,41518
11/22/2017,679,582,Vermont,1261
11/22/2017,0,0,Virgin Islands,0
11/22/2017,13422,3439,Virginia,16861
11/22/2017,8461,1501,Washington,9962
11/22/2017,4062,867,West Virginia,4929
11/22/2017,10169,2286,Wisconsin,12455
11/22/2017,871,613,Wyoming,1484
11/18/2017,12165,2058,Arizona,14223
11/18/2017,1870,1652,Arkansas,3522
11/18/2017,56428,0,California,56428
11/18/2017,5388,4538,Colorado,9926
11/18/2017,6896,3662,Connecticut,10558
11/18/2017,2545,460,Delaware,3005
11/18/2017,1272,276,Dist. of Columbia,1548
11/18/2017,44425,13271,Florida,57696
11/18/2017,16361,1900,Georgia,18261
11/18/2017,3242,910,Idaho,4152
11/18/2017,14678,2742,Illinois,17420
11/18/2017,10952,2569,Indiana,13521
11/18/2017,5130,2151,Iowa,7281
11/18/2017,4842,640,Kansas,5482
11/18/2017,9376,1495,Kentucky,10871
11/18/2017,9867,3248,Louisiana,13115
11/18/2017,1422,1349,Maine,2771
11/18/2017,10977,1605,Maryland,12582
11/18/2017,12665,1626,Massachusetts,14291
11/18/2017,15163,1764,Michigan,16927
11/18/2017,8617,759,Minnesota,9376
11/18/2017,12529,1135,Missouri,13664
11/18/2017,1039,604,Montana,1643
11/18/2017,4594,886,Nebraska,5480
11/18/2017,4027,710,New Hampshire,4737
11/18/2017,22947,3106,New Jersey,26053
11/18/2017,2689,956,New Mexico,3645
11/18/2017,41899,3910,New York,45809
11/18/2017,14108,5299,North Carolina,19407
11/18/2017,675,739,North Dakota,1414
11/18/2017,12439,3450,Ohio,15889
11/18/2017,2848,2557,Oklahoma,5405
11/18/2017,6406,1238,Oregon,7644
11/18/2017,22791,7341,Pennsylvania,30132
11/18/2017,1,3,Puerto Rico,4
11/18/2017,3137,961,Rhode Island,4098
11/18/2017,5858,4876,South Carolina,10734
11/18/2017,1289,548,South Dakota,1837
11/18/2017,8974,4349,Tennessee,13323
11/18/2017,27320,12141,Texas,39461
11/18/2017,660,594,Vermont,1254
11/18/2017,0,0,Virgin Islands,0
11/18/2017,12120,2910,Virginia,15030
11/18/2017,7083,1120,Washington,8203
11/18/2017,4244,841,West Virginia,5085
11/18/2017,9656,1935,Wisconsin,11591
11/18/2017,653,489,Wyoming,1142
11/15/2017,10290,1841,Arizona,12131
11/15/2017,1558,1401,Arkansas,2959
11/15/2017,53115,0,California,53115
11/15/2017,4693,3974,Colorado,8667
11/15/2017,5732,3086,Connecticut,8818
11/15/2017,2120,382,Delaware,2502
11/15/2017,1099,236,Dist. of Columbia,1335
11/15/2017,35109,11415,Florida,46524
11/15/2017,13176,1650,Georgia,14826
11/15/2017,2852,838,Idaho,3690
11/15/2017,12968,2565,Illinois,15533
11/15/2017,8702,2055,Indiana,10757
11/15/2017,4509,1853,Iowa,6362
11/15/2017,4115,557,Kansas,4672
11/15/2017,7698,1241,Kentucky,8939
11/15/2017,7735,2712,Louisiana,10447
11/15/2017,1191,1201,Maine,2392
11/15/2017,9095,1381,Maryland,10476
11/15/2017,10637,1376,Massachusetts,12013
11/15/2017,12978,1581,Michigan,14559
11/15/2017,7826,686,Minnesota,8512
11/15/2017,10953,1016,Missouri,11969
11/15/2017,931,557,Montana,1488
11/15/2017,3990,753,Nebraska,4743
11/15/2017,3240,561,New Hampshire,3801
11/15/2017,19592,2593,New Jersey,22185
11/15/2017,2305,868,New Mexico,3173
11/15/2017,35701,3353,New York,39054
11/15/2017,11193,4482,North Carolina,15675
11/15/2017,581,631,North Dakota,1212
11/15/2017,10446,2793,Ohio,13239
11/15/2017,2531,2257,Oklahoma,4788
11/15/2017,6152,1180,Oregon,7332
11/15/2017,18852,6382,Pennsylvania,25234
11/15/2017,1,1,Puerto Rico,2
11/15/2017,2337,749,Rhode Island,3086
11/15/2017,4785,4002,South Carolina,8787
11/15/2017,1176,456,South Dakota,1632
11/15/2017,7701,3613,Tennessee,11314
11/15/2017,22826,10129,Texas,32955
11/15/2017,501,464,Vermont,965
11/15/2017,0,0,Virgin Islands,0
11/15/2017,10006,2461,Virginia,12467
11/15/2017,6614,1017,Washington,7631
11/15/2017,3537,727,West Virginia,4264
11/15/2017,8450,1745,Wisconsin,10195
11/15/2017,614,469,Wyoming,1083
11/11/2017,10211,1871,Arizona,12082
11/11/2017,1640,1543,Arkansas,3183
11/11/2017,48489,0,California,48489
11/11/2017,4780,4318,Colorado,9098
11/11/2017,5875,3231,Connecticut,9106
11/11/2017,2238,430,Delaware,2668
11/11/2017,953,206,Dist. of Columbia,1159
11/11/2017,41347,12761,Florida,54108
11/11/2017,13848,1729,Georgia,15577
11/11/2017,2892,862,Idaho,3754
11/11/2017,12657,2464,Illinois,15121
11/11/2017,9315,2270,Indiana,11585
11/11/2017,4614,2068,Iowa,6682
11/11/2017,4274,642,Kansas,4916
11/11/2017,8022,1311,Kentucky,9333
11/11/2017,8125,2835,Louisiana,10960
11/11/2017,1328,1300,Maine,2628
11/11/2017,9995,1484,Maryland,11479
11/11/2017,10086,1371,Massachusetts,11457
11/11/2017,13004,1651,Michigan,14655
11/11/2017,7308,739,Minnesota,8047
11/11/2017,10258,970,Missouri,11228
11/11/2017,879,575,Montana,1454
11/11/2017,3836,713,Nebraska,4549
11/11/2017,3241,635,New Hampshire,3876
11/11/2017,17717,2531,New Jersey,20248
11/11/2017,2441,934,New Mexico,3375
11/11/2017,34585,3349,New York,37934
11/11/2017,12756,5105,North Carolina,17861
11/11/2017,585,651,North Dakota,1236
11/11/2017,10613,3053,Ohio,13666
11/11/2017,2796,2645,Oklahoma,5441
11/11/2017,5492,1083,Oregon,6575
11/11/2017,19125,6493,Pennsylvania,25618
11/11/2017,4,1,Puerto Rico,5
11/11/2017,2553,866,Rhode Island,3419
11/11/2017,5371,4434,South Carolina,9805
11/11/2017,1152,453,South Dakota,1605
11/11/2017,8755,4269,Tennessee,13024
11/11/2017,24087,10587,Texas,34674
11/11/2017,569,520,Vermont,1089
11/11/2017,0,0,Virgin Islands,0
11/11/2017,10742,2690,Virginia,13432
11/11/2017,6043,996,Washington,7039
11/11/2017,3528,751,West Virginia,4279
11/11/2017,8261,1713,Wisconsin,9974
11/11/2017,630,464,Wyoming,1094
11/8/2017,9536,1682,Arizona,11218
11/8/2017,1417,1291,Arkansas,2708
11/8/2017,43272,0,California,43272
11/8/2017,3909,3312,Colorado,7221
11/8/2017,4870,2616,Connecticut,7486
11/8/2017,1763,370,Delaware,2133
11/8/2017,903,220,Dist. of Columbia,1123
11/8/2017,30457,9621,Florida,40078
11/8/2017,11804,1535,Georgia,13339
11/8/2017,2626,775,Idaho,3401
11/8/2017,11278,2490,Illinois,13768
11/8/2017,7928,1933,Indiana,9861
11/8/2017,4003,1774,Iowa,5777
11/8/2017,3759,527,Kansas,4286
11/8/2017,7005,1201,Kentucky,8206
11/8/2017,7335,2621,Louisiana,9956
11/8/2017,1005,1084,Maine,2089
11/8/2017,8050,1271,Maryland,9321
11/8/2017,9044,1276,Massachusetts,10320
11/8/2017,11755,1562,Michigan,13317
11/8/2017,6983,705,Minnesota,7688
11/8/2017,9470,887,Missouri,10357
11/8/2017,893,554,Montana,1447
11/8/2017,3556,681,Nebraska,4237
11/8/2017,2779,512,New Hampshire,3291
11/8/2017,16470,2393,New Jersey,18863
11/8/2017,2093,852,New Mexico,2945
11/8/2017,29896,3064,New York,32960
11/8/2017,9857,3880,North Carolina,13737
11/8/2017,519,606,North Dakota,1125
11/8/2017,9219,2543,Ohio,11762
11/8/2017,2244,2149,Oklahoma,4393
11/8/2017,4891,1072,Oregon,5963
11/8/2017,15727,5480,Pennsylvania,21207
11/8/2017,1,3,Puerto Rico,4
11/8/2017,2097,688,Rhode Island,2785
11/8/2017,4303,3520,South Carolina,7823
11/8/2017,1116,407,South Dakota,1523
11/8/2017,6830,3362,Tennessee,10192
11/8/2017,18462,8709,Texas,27171
11/8/2017,495,430,Vermont,925
11/8/2017,0,0,Virgin Islands,0
11/8/2017,8755,2282,Virginia,11037
11/8/2017,5458,935,Washington,6393
11/8/2017,3207,720,West Virginia,3927
11/8/2017,7506,1637,Wisconsin,9143
11/8/2017,576,481,Wyoming,1057
11/4/2017,11264,2272,Arizona,13536
11/4/2017,1950,2028,Arkansas,3978
11/4/2017,50452,0,California,50452
11/4/2017,4582,4523,Colorado,9105
11/4/2017,6094,3651,Connecticut,9745
11/4/2017,2456,545,Delaware,3001
11/4/2017,1219,280,Dist. of Columbia,1499
11/4/2017,43352,14387,Florida,57739
11/4/2017,15965,2301,Georgia,18266
11/4/2017,3327,1086,Idaho,4413
11/4/2017,13664,2982,Illinois,16646
11/4/2017,10689,2761,Indiana,13450
11/4/2017,4724,2251,Iowa,6975
11/4/2017,5443,687,Kansas,6130
11/4/2017,8757,1707,Kentucky,10464
11/4/2017,8890,3442,Louisiana,12332
11/4/2017,1270,1441,Maine,2711
11/4/2017,10702,1857,Maryland,12559
11/4/2017,11594,1959,Massachusetts,13553
11/4/2017,14781,2099,Michigan,16880
11/4/2017,7625,932,Minnesota,8557
11/4/2017,11447,1211,Missouri,12658
11/4/2017,1058,695,Montana,1753
11/4/2017,4277,869,Nebraska,5146
11/4/2017,3700,817,New Hampshire,4517
11/4/2017,19604,3063,New Jersey,22667
11/4/2017,2774,1123,New Mexico,3897
11/4/2017,38069,4206,New York,42275
11/4/2017,13820,5986,North Carolina,19806
11/4/2017,580,746,North Dakota,1326
11/4/2017,11597,3946,Ohio,15543
11/4/2017,2855,2872,Oklahoma,5727
11/4/2017,6191,1224,Oregon,7415
11/4/2017,20006,7567,Pennsylvania,27573
11/4/2017,0,0,Puerto Rico,0
11/4/2017,2871,1016,Rhode Island,3887
11/4/2017,5777,5219,South Carolina,10996
11/4/2017,1252,558,South Dakota,1810
11/4/2017,9231,4821,Tennessee,14052
11/4/2017,24529,12386,Texas,36915
11/4/2017,650,565,Vermont,1215
11/4/2017,0,0,Virgin Islands,0
11/4/2017,11584,3300,Virginia,14884
11/4/2017,6077,1165,Washington,7242
11/4/2017,4059,950,West Virginia,5009
11/4/2017,8914,2120,Wisconsin,11034
11/4/2017,779,548,Wyoming,1327
11/1/2017,8576,1640,Arizona,10216
11/1/2017,1317,1344,Arkansas,2661
11/1/2017,42236,0,California,42236
11/1/2017,3543,3258,Colorado,6801
11/1/2017,4487,2673,Connecticut,7160
11/1/2017,1880,366,Delaware,2246
11/1/2017,1001,224,Dist. of Columbia,1225
11/1/2017,29692,9612,Florida,39304
11/1/2017,11339,1644,Georgia,12983
11/1/2017,2421,758,Idaho,3179
11/1/2017,10427,2276,Illinois,12703
11/1/2017,6913,1811,Indiana,8724
11/1/2017,3573,1637,Iowa,5210
11/1/2017,3302,514,Kansas,3816
11/1/2017,6342,1121,Kentucky,7463
11/1/2017,6536,2288,Louisiana,8824
11/1/2017,972,1044,Maine,2016
11/1/2017,8047,1379,Maryland,9426
11/1/2017,8629,1365,Massachusetts,9994
11/1/2017,11116,1639,Michigan,12755
11/1/2017,6016,671,Minnesota,6687
11/1/2017,8223,836,Missouri,9059
11/1/2017,837,540,Montana,1377
11/1/2017,3151,685,Nebraska,3836
11/1/2017,2751,502,New Hampshire,3253
11/1/2017,15917,2362,New Jersey,18279
11/1/2017,2025,852,New Mexico,2877
11/1/2017,29847,3331,New York,33178
11/1/2017,9595,3977,North Carolina,13572
11/1/2017,456,556,North Dakota,1012
11/1/2017,8950,2749,Ohio,11699
11/1/2017,2068,1905,Oklahoma,3973
11/1/2017,4243,917,Oregon,5160
11/1/2017,14321,5130,Pennsylvania,19451
11/1/2017,3,2,Puerto Rico,5
11/1/2017,2026,694,Rhode Island,2720
11/1/2017,4124,3498,South Carolina,7622
11/1/2017,953,406,South Dakota,1359
11/1/2017,6583,3179,Tennessee,9762
11/1/2017,17957,8662,Texas,26619
11/1/2017,465,381,Vermont,846
11/1/2017,0,0,Virgin Islands,0
11/1/2017,9053,2476,Virginia,11529
11/1/2017,4988,916,Washington,5904
11/1/2017,2970,616,West Virginia,3586
11/1/2017,6786,1624,Wisconsin,8410
11/1/2017,578,434,Wyoming,1012
10/28/2017,10166,1997,Arizona,12163
10/28/2017,1614,1628,Arkansas,3242
10/28/2017,48983,0,California,48983
10/28/2017,3876,3985,Colorado,7861
10/28/2017,5575,3300,Connecticut,8875
10/28/2017,2334,486,Delaware,2820
10/28/2017,1051,270,Dist. of Columbia,1321
10/28/2017,38859,12682,Florida,51541
10/28/2017,14065,1960,Georgia,16025
10/28/2017,2755,870,Idaho,3625
10/28/2017,12126,2776,Illinois,14902
10/28/2017,9089,2300,Indiana,11389
10/28/2017,4028,1927,Iowa,5955
10/28/2017,3804,567,Kansas,4371
10/28/2017,7786,1336,Kentucky,9122
10/28/2017,7566,2869,Louisiana,10435
10/28/2017,1184,1307,Maine,2491
10/28/2017,10664,1722,Maryland,12386
10/28/2017,10780,1649,Massachusetts,12429
10/28/2017,13181,1768,Michigan,14949
10/28/2017,6593,749,Minnesota,7342
10/28/2017,9636,1036,Missouri,10672
10/28/2017,926,551,Montana,1477
10/28/2017,3680,716,Nebraska,4396
10/28/2017,3457,657,New Hampshire,4114
10/28/2017,18775,2854,New Jersey,21629
10/28/2017,2172,879,New Mexico,3051
10/28/2017,34960,3800,New York,38760
10/28/2017,12704,5741,North Carolina,18445
10/28/2017,503,652,North Dakota,1155
10/28/2017,10658,3280,Ohio,13938
10/28/2017,2539,2416,Oklahoma,4955
10/28/2017,4266,1087,Oregon,5353
10/28/2017,18679,6705,Pennsylvania,25384
10/28/2017,0,1,Puerto Rico,1
10/28/2017,2645,940,Rhode Island,3585
10/28/2017,5459,5168,South Carolina,10627
10/28/2017,1022,405,South Dakota,1427
10/28/2017,8211,4239,Tennessee,12450
10/28/2017,23371,11397,Texas,34768
10/28/2017,555,458,Vermont,1013
10/28/2017,0,0,Virgin Islands,0
10/28/2017,10228,2896,Virginia,13124
10/28/2017,5091,907,Washington,5998
10/28/2017,3484,777,West Virginia,4261
10/28/2017,8123,1920,Wisconsin,10043
10/28/2017,698,487,Wyoming,1185
10/25/2017,13818,2292,Arizona,16110
10/25/2017,2123,1905,Arkansas,4028
10/25/2017,85789,0,California,85789
10/25/2017,6357,4988,Colorado,11345
10/25/2017,7917,3729,Connecticut,11646
10/25/2017,2927,480,Delaware,3407
10/25/2017,1487,274,Dist. of Columbia,1761
10/25/2017,46402,13422,Florida,59824
10/25/2017,19028,2471,Georgia,21499
10/25/2017,3768,1047,Idaho,4815
10/25/2017,18884,3522,Illinois,22406
10/25/2017,11429,2502,Indiana,13931
10/25/2017,5348,2086,Iowa,7434
10/25/2017,5135,640,Kansas,5775
10/25/2017,9780,1600,Kentucky,11380
10/25/2017,9799,3207,Louisiana,13006
10/25/2017,1465,1339,Maine,2804
10/25/2017,12873,1939,Maryland,14812
10/25/2017,16634,2002,Massachusetts,18636
10/25/2017,19525,2330,Michigan,21855
10/25/2017,10103,835,Minnesota,10938
10/25/2017,13860,1183,Missouri,15043
10/25/2017,1205,627,Montana,1832
10/25/2017,4882,852,Nebraska,5734
10/25/2017,4004,694,New Hampshire,4698
10/25/2017,31539,3716,New Jersey,35255
10/25/2017,3016,1108,New Mexico,4124
10/25/2017,55069,4609,New York,59678
10/25/2017,16645,6112,North Carolina,22757
10/25/2017,774,857,North Dakota,1631
10/25/2017,15690,4038,Ohio,19728
10/25/2017,3232,2724,Oklahoma,5956
10/25/2017,9751,1755,Oregon,11506
10/25/2017,27894,8371,Pennsylvania,36265
10/25/2017,2,0,Puerto Rico,2
10/25/2017,2975,943,Rhode Island,3918
10/25/2017,6199,4693,South Carolina,10892
10/25/2017,1513,540,South Dakota,2053
10/25/2017,10100,4528,Tennessee,14628
10/25/2017,32197,13427,Texas,45624
10/25/2017,685,540,Vermont,1225
10/25/2017,0,0,Virgin Islands,0
10/25/2017,14981,3502,Virginia,18483
10/25/2017,9560,1549,Washington,11109
10/25/2017,4144,826,West Virginia,4970
10/25/2017,11271,2123,Wisconsin,13394
10/25/2017,840,629,Wyoming,1469
10/21/2017,13475,2400,Arizona,15875
10/21/2017,2296,2074,Arkansas,4370
10/21/2017,74101,0,California,74101
10/21/2017,6206,5271,Colorado,11477
10/21/2017,8105,4140,Connecticut,12245
10/21/2017,3048,553,Delaware,3601
10/21/2017,1364,300,Dist. of Columbia,1664
10/21/2017,51071,14505,Florida,65576
10/21/2017,20165,2537,Georgia,22702
10/21/2017,3655,1095,Idaho,4750
10/21/2017,18877,3520,Illinois,22397
10/21/2017,12493,2737,Indiana,15230
10/21/2017,5378,2252,Iowa,7630
10/21/2017,5151,698,Kansas,5849
10/21/2017,10278,1639,Kentucky,11917
10/21/2017,10396,3461,Louisiana,13857
10/21/2017,1674,1629,Maine,3303
10/21/2017,13785,1966,Maryland,15751
10/21/2017,16381,2132,Massachusetts,18513
10/21/2017,19774,2321,Michigan,22095
10/21/2017,9945,938,Minnesota,10883
10/21/2017,14339,1248,Missouri,15587
10/21/2017,1155,621,Montana,1776
10/21/2017,4873,885,Nebraska,5758
10/21/2017,4650,815,New Hampshire,5465
10/21/2017,31137,3944,New Jersey,35081
10/21/2017,2976,1161,New Mexico,4137
10/21/2017,56791,5111,New York,61902
10/21/2017,17518,6332,North Carolina,23850
10/21/2017,815,853,North Dakota,1668
10/21/2017,15315,4136,Ohio,19451
10/21/2017,3318,2911,Oklahoma,6229
10/21/2017,8985,1795,Oregon,10780
10/21/2017,28654,8830,Pennsylvania,37484
10/21/2017,3,2,Puerto Rico,5
10/21/2017,3191,989,Rhode Island,4180
10/21/2017,6604,5353,South Carolina,11957
10/21/2017,1458,559,South Dakota,2017
10/21/2017,10965,5127,Tennessee,16092
10/21/2017,33798,14290,Texas,48088
10/21/2017,757,699,Vermont,1456
10/21/2017,0,0,Virgin Islands,0
10/21/2017,15715,3764,Virginia,19479
10/21/2017,8864,1453,Washington,10317
10/21/2017,4452,853,West Virginia,5305
10/21/2017,11523,2308,Wisconsin,13831
10/21/2017,764,581,Wyoming,1345
10/18/2017,12627,2208,Arizona,14835
10/18/2017,1993,1772,Arkansas,3765
10/18/2017,72584,0,California,72584
10/18/2017,5784,4652,Colorado,10436
10/18/2017,7052,3505,Connecticut,10557
10/18/2017,2558,486,Delaware,3044
10/18/2017,1263,249,Dist. of Columbia,1512
10/18/2017,42283,12641,Florida,54924
10/18/2017,17477,2466,Georgia,19943
10/18/2017,3538,974,Idaho,4512
10/18/2017,17269,3267,Illinois,20536
10/18/2017,10294,2432,Indiana,12726
10/18/2017,4938,2021,Iowa,6959
10/18/2017,4686,623,Kansas,5309
10/18/2017,8907,1599,Kentucky,10506
10/18/2017,9352,3180,Louisiana,12532
10/18/2017,1323,1268,Maine,2591
10/18/2017,11542,1789,Maryland,13331
10/18/2017,14162,1795,Massachusetts,15957
10/18/2017,17460,2211,Michigan,19671
10/18/2017,9201,864,Minnesota,10065
10/18/2017,12827,1117,Missouri,13944
10/18/2017,1087,619,Montana,1706
10/18/2017,4544,790,Nebraska,5334
10/18/2017,3720,699,New Hampshire,4419
10/18/2017,26801,3444,New Jersey,30245
10/18/2017,2603,1034,New Mexico,3637
10/18/2017,48405,4523,New York,52928
10/18/2017,14115,5590,North Carolina,19705
10/18/2017,675,837,North Dakota,1512
10/18/2017,14133,3765,Ohio,17898
10/18/2017,3018,2496,Oklahoma,5514
10/18/2017,8565,1608,Oregon,10173
10/18/2017,24229,7628,Pennsylvania,31857
10/18/2017,2,3,Puerto Rico,5
10/18/2017,2739,900,Rhode Island,3639
10/18/2017,5887,4735,South Carolina,10622
10/18/2017,1380,513,South Dakota,1893
10/18/2017,8984,4365,Tennessee,13349
10/18/2017,28639,12291,Texas,40930
10/18/2017,663,528,Vermont,1191
10/18/2017,0,0,Virgin Islands,0
10/18/2017,13349,3280,Virginia,16629
10/18/2017,8751,1422,Washington,10173
10/18/2017,3822,854,West Virginia,4676
10/18/2017,10063,2074,Wisconsin,12137
10/18/2017,795,565,Wyoming,1360
10/14/2017,13449,2485,Arizona,15934
10/14/2017,2277,2142,Arkansas,4419
10/14/2017,69521,0,California,69521
10/14/2017,6216,5266,Colorado,11482
10/14/2017,7885,4024,Connecticut,11909
10/14/2017,3053,552,Delaware,3605
10/14/2017,1394,314,Dist. of Columbia,1708
10/14/2017,52146,15573,Florida,67719
10/14/2017,18768,2579,Georgia,21347
10/14/2017,3562,1091,Idaho,4653
10/14/2017,17393,3374,Illinois,20767
10/14/2017,12147,3010,Indiana,15157
10/14/2017,5469,2435,Iowa,7904
10/14/2017,4965,676,Kansas,5641
10/14/2017,9998,1753,Kentucky,11751
10/14/2017,10057,3524,Louisiana,13581
10/14/2017,1595,1615,Maine,3210
10/14/2017,13574,2017,Maryland,15591
10/14/2017,15004,2046,Massachusetts,17050
10/14/2017,18875,2400,Michigan,21275
10/14/2017,9503,859,Minnesota,10362
10/14/2017,13882,1297,Missouri,15179
10/14/2017,1134,751,Montana,1885
10/14/2017,4828,925,Nebraska,5753
10/14/2017,4419,816,New Hampshire,5235
10/14/2017,25434,3572,New Jersey,29006
10/14/2017,2786,1136,New Mexico,3922
10/14/2017,46297,4475,New York,50772
10/14/2017,16714,6526,North Carolina,23240
10/14/2017,733,847,North Dakota,1580
10/14/2017,14341,4151,Ohio,18492
10/14/2017,3526,3286,Oklahoma,6812
10/14/2017,7487,1692,Oregon,9179
10/14/2017,26500,8581,Pennsylvania,35081
10/14/2017,7,2,Puerto Rico,9
10/14/2017,3067,1017,Rhode Island,4084
10/14/2017,6784,5712,South Carolina,12496
10/14/2017,1476,574,South Dakota,2050
10/14/2017,10967,5202,Tennessee,16169
10/14/2017,32950,14358,Texas,47308
10/14/2017,778,618,Vermont,1396
10/14/2017,0,0,Virgin Islands,0
10/14/2017,15407,3808,Virginia,19215
10/14/2017,8475,1411,Washington,9886
10/14/2017,4300,923,West Virginia,5223
10/14/2017,10698,2156,Wisconsin,12854
10/14/2017,871,622,Wyoming,1493
10/11/2017,11323,2118,Arizona,13441
10/11/2017,1795,1633,Arkansas,3428
10/11/2017,60040,0,California,60040
10/11/2017,5108,4151,Colorado,9259
10/11/2017,6087,3475,Connecticut,9562
10/11/2017,2288,393,Delaware,2681
10/11/2017,1145,245,Dist. of Columbia,1390
10/11/2017,36716,11340,Florida,48056
10/11/2017,14069,1941,Georgia,16010
10/11/2017,3141,913,Idaho,4054
10/11/2017,14927,2970,Illinois,17897
10/11/2017,9550,2420,Indiana,11970
10/11/2017,4604,1954,Iowa,6558
10/11/2017,4266,606,Kansas,4872
10/11/2017,8276,1390,Kentucky,9666
10/11/2017,8160,3093,Louisiana,11253
10/11/2017,1289,1209,Maine,2498
10/11/2017,9827,1604,Maryland,11431
10/11/2017,11643,1611,Massachusetts,13254
10/11/2017,14736,1928,Michigan,16664
10/11/2017,8375,842,Minnesota,9217
10/11/2017,12011,1116,Missouri,13127
10/11/2017,1070,620,Montana,1690
10/11/2017,4194,822,Nebraska,5016
10/11/2017,3372,613,New Hampshire,3985
10/11/2017,22001,3051,New Jersey,25052
10/11/2017,2515,937,New Mexico,3452
10/11/2017,38342,3906,New York,42248
10/11/2017,12259,4944,North Carolina,17203
10/11/2017,644,772,North Dakota,1416
10/11/2017,11777,3497,Ohio,15274
10/11/2017,2587,2394,Oklahoma,4981
10/11/2017,7311,1592,Oregon,8903
10/11/2017,21261,7194,Pennsylvania,28455
10/11/2017,4,3,Puerto Rico,7
10/11/2017,2493,863,Rhode Island,3356
10/11/2017,4896,4256,South Carolina,9152
10/11/2017,1238,478,South Dakota,1716
10/11/2017,8020,3930,Tennessee,11950
10/11/2017,23963,11185,Texas,35148
10/11/2017,629,481,Vermont,1110
10/11/2017,0,0,Virgin Islands,0
10/11/2017,11246,2837,Virginia,14083
10/11/2017,7745,1376,Washington,9121
10/11/2017,3675,786,West Virginia,4461
10/11/2017,9450,1980,Wisconsin,11430
10/11/2017,835,509,Wyoming,1344
10/7/2017,13131,2581,Arizona,15712
10/7/2017,2280,2212,Arkansas,4492
10/7/2017,71198,0,California,71198
10/7/2017,5615,5285,Colorado,10900
10/7/2017,7370,3959,Connecticut,11329
10/7/2017,2907,558,Delaware,3465
10/7/2017,1406,361,Dist. of Columbia,1767
10/7/2017,50078,15727,Florida,65805
10/7/2017,19315,2922,Georgia,22237
10/7/2017,3567,1173,Idaho,4740
10/7/2017,17080,3564,Illinois,20644
10/7/2017,11745,2961,Indiana,14706
10/7/2017,5178,2269,Iowa,7447
10/7/2017,5201,742,Kansas,5943
10/7/2017,10267,1807,Kentucky,12074
10/7/2017,9984,3688,Louisiana,13672
10/7/2017,1612,1606,Maine,3218
10/7/2017,13318,2257,Maryland,15575
10/7/2017,15471,2319,Massachusetts,17790
10/7/2017,18315,2611,Michigan,20926
10/7/2017,9052,967,Minnesota,10019
10/7/2017,13557,1335,Missouri,14892
10/7/2017,1247,788,Montana,2035
10/7/2017,4761,961,Nebraska,5722
10/7/2017,4389,868,New Hampshire,5257
10/7/2017,25569,3732,New Jersey,29301
10/7/2017,2803,1165,New Mexico,3968
10/7/2017,48550,5157,New York,53707
10/7/2017,16392,6613,North Carolina,23005
10/7/2017,726,876,North Dakota,1602
10/7/2017,13897,4333,Ohio,18230
10/7/2017,3264,3179,Oklahoma,6443
10/7/2017,5595,1753,Oregon,7348
10/7/2017,24799,8689,Pennsylvania,33488
10/7/2017,8,9,Puerto Rico,17
10/7/2017,3116,1110,Rhode Island,4226
10/7/2017,6674,5938,South Carolina,12612
10/7/2017,1344,516,South Dakota,1860
10/7/2017,10329,5366,Tennessee,15695
10/7/2017,31357,14584,Texas,45941
10/7/2017,761,621,Vermont,1382
10/7/2017,0,3,Virgin Islands,3
10/7/2017,15099,4148,Virginia,19247
10/7/2017,8118,1426,Washington,9544
10/7/2017,4415,967,West Virginia,5382
10/7/2017,10420,2324,Wisconsin,12744
10/7/2017,858,623,Wyoming,1481
10/4/2017,9699,1762,Arizona,11461
10/4/2017,1516,1471,Arkansas,2987
10/4/2017,49635,0,California,49635
10/4/2017,4432,3995,Colorado,8427
10/4/2017,5282,2887,Connecticut,8169
10/4/2017,2031,366,Delaware,2397
10/4/2017,1015,199,Dist. of Columbia,1214
10/4/2017,31820,9842,Florida,41662
10/4/2017,12454,1635,Georgia,14089
10/4/2017,2815,824,Idaho,3639
10/4/2017,12812,2484,Illinois,15296
10/4/2017,8337,2085,Indiana,10422
10/4/2017,3927,1772,Iowa,5699
10/4/2017,3985,503,Kansas,4488
10/4/2017,7404,1165,Kentucky,8569
10/4/2017,7538,2780,Louisiana,10318
10/4/2017,1151,1247,Maine,2398
10/4/2017,8900,1477,Maryland,10377
10/4/2017,9700,1389,Massachusetts,11089
10/4/2017,12594,1670,Michigan,14264
10/4/2017,7083,663,Minnesota,7746
10/4/2017,10394,1007,Missouri,11401
10/4/2017,994,581,Montana,1575
10/4/2017,3746,719,Nebraska,4465
10/4/2017,2960,519,New Hampshire,3479
10/4/2017,18408,2666,New Jersey,21074
10/4/2017,2084,772,New Mexico,2856
10/4/2017,32438,3347,New York,35785
10/4/2017,10637,4486,North Carolina,15123
10/4/2017,564,696,North Dakota,1260
10/4/2017,10256,3014,Ohio,13270
10/4/2017,2316,2077,Oklahoma,4393
10/4/2017,4029,1303,Oregon,5332
10/4/2017,17217,6038,Pennsylvania,23255
10/4/2017,2,9,Puerto Rico,11
10/4/2017,2353,788,Rhode Island,3141
10/4/2017,4422,3869,South Carolina,8291
10/4/2017,1131,447,South Dakota,1578
10/4/2017,7121,3560,Tennessee,10681
10/4/2017,21146,9752,Texas,30898
10/4/2017,515,507,Vermont,1022
10/4/2017,1,0,Virgin Islands,1
10/4/2017,9844,2520,Virginia,12364
10/4/2017,6416,1056,Washington,7472
10/4/2017,3347,702,West Virginia,4049
10/4/2017,8066,1855,Wisconsin,9921
10/4/2017,673,497,Wyoming,1170
9/30/2017,10583,1903,Arizona,12486
9/30/2017,1727,1867,Arkansas,3594
9/30/2017,53381,0,California,53381
9/30/2017,4404,4156,Colorado,8560
9/30/2017,5520,3312,Connecticut,8832
9/30/2017,2194,457,Delaware,2651
9/30/2017,1148,293,Dist. of Columbia,1441
9/30/2017,37137,11390,Florida,48527
9/30/2017,15942,2148,Georgia,18090
9/30/2017,2886,959,Idaho,3845
9/30/2017,13529,2773,Illinois,16302
9/30/2017,9641,2406,Indiana,12047
9/30/2017,4156,1907,Iowa,6063
9/30/2017,4050,571,Kansas,4621
9/30/2017,7854,1402,Kentucky,9256
9/30/2017,8527,3052,Louisiana,11579
9/30/2017,1286,1363,Maine,2649
9/30/2017,10116,1683,Maryland,11799
9/30/2017,10357,1542,Massachusetts,11899
9/30/2017,14241,1986,Michigan,16227
9/30/2017,7353,752,Minnesota,8105
9/30/2017,11083,1105,Missouri,12188
9/30/2017,921,601,Montana,1522
9/30/2017,3892,791,Nebraska,4683
9/30/2017,3272,646,New Hampshire,3918
9/30/2017,19352,2967,New Jersey,22319
9/30/2017,2274,928,New Mexico,3202
9/30/2017,37595,4084,New York,41679
9/30/2017,12418,5523,North Carolina,17941
9/30/2017,552,656,North Dakota,1208
9/30/2017,11010,3482,Ohio,14492
9/30/2017,2596,2485,Oklahoma,5081
9/30/2017,4055,1385,Oregon,5440
9/30/2017,18468,6676,Pennsylvania,25144
9/30/2017,10,24,Puerto Rico,34
9/30/2017,2548,888,Rhode Island,3436
9/30/2017,5288,4703,South Carolina,9991
9/30/2017,1133,469,South Dakota,1602
9/30/2017,8011,4041,Tennessee,12052
9/30/2017,23832,11380,Texas,35212
9/30/2017,593,467,Vermont,1060
9/30/2017,2,0,Virgin Islands,2
9/30/2017,11506,3120,Virginia,14626
9/30/2017,6061,1122,Washington,7183
9/30/2017,3421,788,West Virginia,4209
9/30/2017,8248,1860,Wisconsin,10108
9/30/2017,676,470,Wyoming,1146
9/27/2017,9155,1707,Arizona,10862
9/27/2017,1386,1418,Arkansas,2804
9/27/2017,44690,0,California,44690
9/27/2017,3860,3559,Colorado,7419
9/27/2017,5014,2785,Connecticut,7799
9/27/2017,1865,340,Delaware,2205
9/27/2017,968,213,Dist. of Columbia,1181
9/27/2017,30281,9200,Florida,39481
9/27/2017,11654,1527,Georgia,13181
9/27/2017,2706,746,Idaho,3452
9/27/2017,11549,2490,Illinois,14039
9/27/2017,8086,1973,Indiana,10059
9/27/2017,3781,1677,Iowa,5458
9/27/2017,3575,484,Kansas,4059
9/27/2017,6981,1202,Kentucky,8183
9/27/2017,7075,2575,Louisiana,9650
9/27/2017,1162,1148,Maine,2310
9/27/2017,8408,1416,Maryland,9824
9/27/2017,9512,1420,Massachusetts,10932
9/27/2017,11789,1657,Michigan,13446
9/27/2017,6714,675,Minnesota,7389
9/27/2017,9718,947,Missouri,10665
9/27/2017,893,595,Montana,1488
9/27/2017,3561,694,Nebraska,4255
9/27/2017,3026,541,New Hampshire,3567
9/27/2017,16956,2427,New Jersey,19383
9/27/2017,1910,702,New Mexico,2612
9/27/2017,29872,3035,New York,32907
9/27/2017,10051,4180,North Carolina,14231
9/27/2017,522,629,North Dakota,1151
9/27/2017,9427,2783,Ohio,12210
9/27/2017,2012,2047,Oklahoma,4059
9/27/2017,3602,1183,Oregon,4785
9/27/2017,15702,5524,Pennsylvania,21226
9/27/2017,6,38,Puerto Rico,44
9/27/2017,2177,723,Rhode Island,2900
9/27/2017,4355,3550,South Carolina,7905
9/27/2017,1099,399,South Dakota,1498
9/27/2017,6632,3284,Tennessee,9916
9/27/2017,19067,9124,Texas,28191
9/27/2017,549,473,Vermont,1022
9/27/2017,1,1,Virgin Islands,2
9/27/2017,9236,2427,Virginia,11663
9/27/2017,5386,996,Washington,6382
9/27/2017,3193,692,West Virginia,3885
9/27/2017,7839,1745,Wisconsin,9584
9/27/2017,659,463,Wyoming,1122
9/23/2017,9855,1851,Arizona,11706
9/23/2017,1679,1652,Arkansas,3331
9/23/2017,43812,0,California,43812
9/23/2017,3884,3922,Colorado,7806
9/23/2017,5321,3371,Connecticut,8692
9/23/2017,2143,449,Delaware,2592
9/23/2017,1026,241,Dist. of Columbia,1267
9/23/2017,36620,11556,Florida,48176
9/23/2017,12939,1735,Georgia,14674
9/23/2017,2858,814,Idaho,3672
9/23/2017,11981,2491,Illinois,14472
9/23/2017,9055,2417,Indiana,11472
9/23/2017,4145,1959,Iowa,6104
9/23/2017,3900,581,Kansas,4481
9/23/2017,7892,1263,Kentucky,9155
9/23/2017,8149,2988,Louisiana,11137
9/23/2017,1267,1350,Maine,2617
9/23/2017,9535,1559,Maryland,11094
9/23/2017,9790,1440,Massachusetts,11230
9/23/2017,12567,1761,Michigan,14328
9/23/2017,6870,682,Minnesota,7552
9/23/2017,9802,958,Missouri,10760
9/23/2017,926,611,Montana,1537
9/23/2017,3643,776,Nebraska,4419
9/23/2017,3482,667,New Hampshire,4149
9/23/2017,17231,2729,New Jersey,19960
9/23/2017,2184,896,New Mexico,3080
9/23/2017,31727,3346,New York,35073
9/23/2017,12253,5187,North Carolina,17440
9/23/2017,506,697,North Dakota,1203
9/23/2017,10021,3228,Ohio,13249
9/23/2017,2419,2388,Oklahoma,4807
9/23/2017,3487,1219,Oregon,4706
9/23/2017,17318,6436,Pennsylvania,23754
9/23/2017,33,94,Puerto Rico,127
9/23/2017,2526,822,Rhode Island,3348
9/23/2017,4918,4433,South Carolina,9351
9/23/2017,1057,484,South Dakota,1541
9/23/2017,8001,4126,Tennessee,12127
9/23/2017,22075,10663,Texas,32738
9/23/2017,572,524,Vermont,1096
9/23/2017,1,0,Virgin Islands,1
9/23/2017,10360,2900,Virginia,13260
9/23/2017,4964,911,Washington,5875
9/23/2017,3455,772,West Virginia,4227
9/23/2017,8130,1823,Wisconsin,9953
9/23/2017,635,493,Wyoming,1128
9/20/2017,9354,1815,Arizona,11169
9/20/2017,1474,1435,Arkansas,2909
9/20/2017,41867,0,California,41867
9/20/2017,3392,3305,Colorado,6697
9/20/2017,5263,3064,Connecticut,8327
9/20/2017,1963,403,Delaware,2366
9/20/2017,1084,211,Dist. of Columbia,1295
9/20/2017,30414,9409,Florida,39823
9/20/2017,11644,1485,Georgia,13129
9/20/2017,2942,871,Idaho,3813
9/20/2017,11031,2242,Illinois,13273
9/20/2017,8040,2089,Indiana,10129
9/20/2017,3969,1729,Iowa,5698
9/20/2017,3575,502,Kansas,4077
9/20/2017,7131,1182,Kentucky,8313
9/20/2017,7614,2674,Louisiana,10288
9/20/2017,1151,1182,Maine,2333
9/20/2017,8363,1305,Maryland,9668
9/20/2017,9262,1397,Massachusetts,10659
9/20/2017,11581,1558,Michigan,13139
9/20/2017,6595,699,Minnesota,7294
9/20/2017,9598,1000,Missouri,10598
9/20/2017,939,604,Montana,1543
9/20/2017,3904,727,Nebraska,4631
9/20/2017,3286,657,New Hampshire,3943
9/20/2017,17103,2670,New Jersey,19773
9/20/2017,2047,760,New Mexico,2807
9/20/2017,30817,3057,New York,33874
9/20/2017,10353,4228,North Carolina,14581
9/20/2017,518,635,North Dakota,1153
9/20/2017,9583,3077,Ohio,12660
9/20/2017,2106,2043,Oklahoma,4149
9/20/2017,3232,1168,Oregon,4400
9/20/2017,15817,5723,Pennsylvania,21540
9/20/2017,244,1439,Puerto Rico,1683
9/20/2017,2441,824,Rhode Island,3265
9/20/2017,4485,3760,South Carolina,8245
9/20/2017,1068,452,South Dakota,1520
9/20/2017,7088,3522,Tennessee,10610
9/20/2017,19231,9398,Texas,28629
9/20/2017,524,462,Vermont,986
9/20/2017,3,2,Virgin Islands,5
9/20/2017,9411,2512,Virginia,11923
9/20/2017,4538,841,Washington,5379
9/20/2017,3542,720,West Virginia,4262
9/20/2017,7642,1623,Wisconsin,9265
9/20/2017,744,477,Wyoming,1221
9/16/2017,12372,2185,Arizona,14557
9/16/2017,2061,1997,Arkansas,4058
9/16/2017,63657,0,California,63657
9/16/2017,5329,4711,Colorado,10040
9/16/2017,6809,3815,Connecticut,10624
9/16/2017,2649,493,Delaware,3142
9/16/2017,1228,278,Dist. of Columbia,1506
9/16/2017,37462,11197,Florida,48659
9/16/2017,17052,2128,Georgia,19180
9/16/2017,3569,1007,Idaho,4576
9/16/2017,16322,3150,Illinois,19472
9/16/2017,11769,2699,Indiana,14468
9/16/2017,5126,2226,Iowa,7352
9/16/2017,5035,618,Kansas,5653
9/16/2017,9748,1581,Kentucky,11329
9/16/2017,9743,3406,Louisiana,13149
9/16/2017,1532,1589,Maine,3121
9/16/2017,11644,1729,Maryland,13373
9/16/2017,13298,1705,Massachusetts,15003
9/16/2017,16667,2012,Michigan,18679
9/16/2017,8861,842,Minnesota,9703
9/16/2017,13460,1246,Missouri,14706
9/16/2017,1086,612,Montana,1698
9/16/2017,4597,873,Nebraska,5470
9/16/2017,4016,744,New Hampshire,4760
9/16/2017,24164,3459,New Jersey,27623
9/16/2017,2672,1002,New Mexico,3674
9/16/2017,43293,3932,New York,47225
9/16/2017,14429,5835,North Carolina,20264
9/16/2017,700,845,North Dakota,1545
9/16/2017,13226,3856,Ohio,17082
9/16/2017,2988,2785,Oklahoma,5773
9/16/2017,5236,1563,Oregon,6799
9/16/2017,23515,7796,Pennsylvania,31311
9/16/2017,1233,9658,Puerto Rico,10891
9/16/2017,3170,963,Rhode Island,4133
9/16/2017,5748,4943,South Carolina,10691
9/16/2017,1378,539,South Dakota,1917
9/16/2017,9967,4721,Tennessee,14688
9/16/2017,28816,13012,Texas,41828
9/16/2017,668,630,Vermont,1298
9/16/2017,4,1,Virgin Islands,5
9/16/2017,13263,3379,Virginia,16642
9/16/2017,7237,1231,Washington,8468
9/16/2017,4254,881,West Virginia,5135
9/16/2017,10108,2107,Wisconsin,12215
9/16/2017,903,601,Wyoming,1504
9/13/2017,10944,2066,Arizona,13010
9/13/2017,1842,1718,Arkansas,3560
9/13/2017,61611,0,California,61611
9/13/2017,5030,4394,Colorado,9424
9/13/2017,6284,3689,Connecticut,9973
9/13/2017,2429,449,Delaware,2878
9/13/2017,1127,263,Dist. of Columbia,1390
9/13/2017,23506,7761,Florida,31267
9/13/2017,13274,1754,Georgia,15028
9/13/2017,3500,1015,Idaho,4515
9/13/2017,15263,2998,Illinois,18261
9/13/2017,9785,2423,Indiana,12208
9/13/2017,4745,2074,Iowa,6819
9/13/2017,4511,613,Kansas,5124
9/13/2017,8512,1374,Kentucky,9886
9/13/2017,8631,2964,Louisiana,11595
9/13/2017,1364,1308,Maine,2672
9/13/2017,10544,1737,Maryland,12281
9/13/2017,12317,1716,Massachusetts,14033
9/13/2017,15259,1938,Michigan,17197
9/13/2017,8339,786,Minnesota,9125
9/13/2017,12044,1184,Missouri,13228
9/13/2017,1008,629,Montana,1637
9/13/2017,4215,836,Nebraska,5051
9/13/2017,3559,683,New Hampshire,4242
9/13/2017,22431,3159,New Jersey,25590
9/13/2017,2476,993,New Mexico,3469
9/13/2017,40284,4003,New York,44287
9/13/2017,13296,5380,North Carolina,18676
9/13/2017,673,809,North Dakota,1482
9/13/2017,12056,3480,Ohio,15536
9/13/2017,2918,2640,Oklahoma,5558
9/13/2017,5346,1525,Oregon,6871
9/13/2017,21011,7245,Pennsylvania,28256
9/13/2017,1034,7472,Puerto Rico,8506
9/13/2017,2664,902,Rhode Island,3566
9/13/2017,4958,4146,South Carolina,9104
9/13/2017,1285,509,South Dakota,1794
9/13/2017,8980,4478,Tennessee,13458
9/13/2017,26224,12033,Texas,38257
9/13/2017,646,506,Vermont,1152
9/13/2017,8,3,Virgin Islands,11
9/13/2017,12007,3130,Virginia,15137
9/13/2017,7029,1185,Washington,8214
9/13/2017,3862,802,West Virginia,4664
9/13/2017,9341,2048,Wisconsin,11389
9/13/2017,915,645,Wyoming,1560
9/9/2017,11911,2281,Arizona,14192
9/9/2017,1986,1989,Arkansas,3975
9/9/2017,61189,0,California,61189
9/9/2017,4842,4301,Colorado,9143
9/9/2017,6492,3546,Connecticut,10038
9/9/2017,2518,450,Delaware,2968
9/9/2017,1154,268,Dist. of Columbia,1422
9/9/2017,27944,8477,Florida,36421
9/9/2017,17158,2132,Georgia,19290
9/9/2017,3652,1021,Idaho,4673
9/9/2017,15309,3125,Illinois,18434
9/9/2017,11547,2691,Indiana,14238
9/9/2017,4821,2132,Iowa,6953
9/9/2017,4823,650,Kansas,5473
9/9/2017,9432,1468,Kentucky,10900
9/9/2017,9500,3201,Louisiana,12701
9/9/2017,1433,1403,Maine,2836
9/9/2017,11231,1709,Maryland,12940
9/9/2017,12714,1670,Massachusetts,14384
9/9/2017,16446,2043,Michigan,18489
9/9/2017,8451,788,Minnesota,9239
9/9/2017,12985,1165,Missouri,14150
9/9/2017,1046,639,Montana,1685
9/9/2017,4477,806,Nebraska,5283
9/9/2017,3825,663,New Hampshire,4488
9/9/2017,22728,3278,New Jersey,26006
9/9/2017,2606,949,New Mexico,3555
9/9/2017,41297,3908,New York,45205
9/9/2017,13740,5520,North Carolina,19260
9/9/2017,665,793,North Dakota,1458
9/9/2017,12444,3758,Ohio,16202
9/9/2017,2742,2686,Oklahoma,5428
9/9/2017,5596,1605,Oregon,7201
9/9/2017,21021,7425,Pennsylvania,28446
9/9/2017,798,5923,Puerto Rico,6721
9/9/2017,2923,958,Rhode Island,3881
9/9/2017,5621,4562,South Carolina,10183
9/9/2017,1230,470,South Dakota,1700
9/9/2017,9302,4531,Tennessee,13833
9/9/2017,26371,12286,Texas,38657
9/9/2017,698,657,Vermont,1355
9/9/2017,9,9,Virgin Islands,18
9/9/2017,12514,3091,Virginia,15605
9/9/2017,7027,1196,Washington,8223
9/9/2017,4144,747,West Virginia,4891
9/9/2017,9432,2019,Wisconsin,11451
9/9/2017,1014,624,Wyoming,1638
9/6/2017,10451,2076,Arizona,12527
9/6/2017,1754,1885,Arkansas,3639
9/6/2017,56026,0,California,56026
9/6/2017,4499,4074,Colorado,8573
9/6/2017,5827,3455,Connecticut,9282
9/6/2017,2329,447,Delaware,2776
9/6/2017,1022,240,Dist. of Columbia,1262
9/6/2017,37655,11975,Florida,49630
9/6/2017,15285,2016,Georgia,17301
9/6/2017,3603,1050,Idaho,4653
9/6/2017,13610,2887,Illinois,16497
9/6/2017,8964,2260,Indiana,11224
9/6/2017,4166,1910,Iowa,6076
9/6/2017,3940,563,Kansas,4503
9/6/2017,7949,1414,Kentucky,9363
9/6/2017,8287,2913,Louisiana,11200
9/6/2017,1324,1394,Maine,2718
9/6/2017,9858,1644,Maryland,11502
9/6/2017,10515,1491,Massachusetts,12006
9/6/2017,13685,1879,Michigan,15564
9/6/2017,7260,763,Minnesota,8023
9/6/2017,10915,1155,Missouri,12070
9/6/2017,1050,700,Montana,1750
9/6/2017,3921,739,Nebraska,4660
9/6/2017,3222,614,New Hampshire,3836
9/6/2017,19049,2851,New Jersey,21900
9/6/2017,2257,941,New Mexico,3198
9/6/2017,36760,3904,New York,40664
9/6/2017,12721,5393,North Carolina,18114
9/6/2017,621,763,North Dakota,1384
9/6/2017,10998,3328,Ohio,14326
9/6/2017,2627,2572,Oklahoma,5199
9/6/2017,4970,1508,Oregon,6478
9/6/2017,17985,6751,Pennsylvania,24736
9/6/2017,359,2195,Puerto Rico,2554
9/6/2017,2436,825,Rhode Island,3261
9/6/2017,5316,4582,South Carolina,9898
9/6/2017,1166,524,South Dakota,1690
9/6/2017,8832,4580,Tennessee,13412
9/6/2017,23234,11124,Texas,34358
9/6/2017,553,499,Vermont,1052
9/6/2017,53,123,Virgin Islands,176
9/6/2017,11137,3028,Virginia,14165
9/6/2017,6562,1167,Washington,7729
9/6/2017,3512,791,West Virginia,4303
9/6/2017,8538,1965,Wisconsin,10503
9/6/2017,1097,647,Wyoming,1744
9/2/2017,12009,2353,Arizona,14362
9/2/2017,1983,1996,Arkansas,3979
9/2/2017,55724,0,California,55724
9/2/2017,4486,4261,Colorado,8747
9/2/2017,6645,3865,Connecticut,10510
9/2/2017,2534,532,Delaware,3066
9/2/2017,1245,283,Dist. of Columbia,1528
9/2/2017,45532,13917,Florida,59449
9/2/2017,17031,2197,Georgia,19228
9/2/2017,3840,1053,Idaho,4893
9/2/2017,14594,2991,Illinois,17585
9/2/2017,11449,2788,Indiana,14237
9/2/2017,4708,2152,Iowa,6860
9/2/2017,4875,660,Kansas,5535
9/2/2017,9367,1586,Kentucky,10953
9/2/2017,9760,3381,Louisiana,13141
9/2/2017,1535,1633,Maine,3168
9/2/2017,11240,1742,Maryland,12982
9/2/2017,11939,1701,Massachusetts,13640
9/2/2017,15537,1986,Michigan,17523
9/2/2017,8087,912,Minnesota,8999
9/2/2017,12537,1223,Missouri,13760
9/2/2017,1081,647,Montana,1728
9/2/2017,4647,884,Nebraska,5531
9/2/2017,4291,790,New Hampshire,5081
9/2/2017,21711,3233,New Jersey,24944
9/2/2017,2592,1082,New Mexico,3674
9/2/2017,39761,4047,New York,43808
9/2/2017,14612,5833,North Carolina,20445
9/2/2017,607,1248,North Dakota,1855
9/2/2017,12503,4018,Ohio,16521
9/2/2017,2678,2735,Oklahoma,5413
9/2/2017,4680,1529,Oregon,6209
9/2/2017,20831,7608,Pennsylvania,28439
9/2/2017,1395,10259,Puerto Rico,11654
9/2/2017,3248,1010,Rhode Island,4258
9/2/2017,5987,5196,South Carolina,11183
9/2/2017,1314,537,South Dakota,1851
9/2/2017,9742,4895,Tennessee,14637
9/2/2017,23879,11809,Texas,35688
9/2/2017,715,570,Vermont,1285
9/2/2017,118,256,Virgin Islands,374
9/2/2017,13039,3530,Virginia,16569
9/2/2017,6125,1097,Washington,7222
9/2/2017,4405,873,West Virginia,5278
9/2/2017,9486,2043,Wisconsin,11529
9/2/2017,1101,679,Wyoming,1780
8/30/2017,12202,2640,Arizona,14842
8/30/2017,2041,2258,Arkansas,4299
8/30/2017,65314,0,California,65314
8/30/2017,4488,4339,Colorado,8827
8/30/2017,6381,3851,Connecticut,10232
8/30/2017,2376,531,Delaware,2907
8/30/2017,1295,334,Dist. of Columbia,1629
8/30/2017,45454,14721,Florida,60175
8/30/2017,18174,2734,Georgia,20908
8/30/2017,4039,1233,Idaho,5272
8/30/2017,15005,3346,Illinois,18351
8/30/2017,10111,2575,Indiana,12686
8/30/2017,4491,1987,Iowa,6478
8/30/2017,4483,694,Kansas,5177
8/30/2017,9162,1636,Kentucky,10798
8/30/2017,8974,3241,Louisiana,12215
8/30/2017,1384,1389,Maine,2773
8/30/2017,11518,1973,Maryland,13491
8/30/2017,13495,2119,Massachusetts,15614
8/30/2017,15299,2312,Michigan,17611
8/30/2017,7713,865,Minnesota,8578
8/30/2017,11528,1334,Missouri,12862
8/30/2017,1087,750,Montana,1837
8/30/2017,4403,924,Nebraska,5327
8/30/2017,3735,782,New Hampshire,4517
8/30/2017,22724,3637,New Jersey,26361
8/30/2017,2545,1041,New Mexico,3586
8/30/2017,41574,4946,New York,46520
8/30/2017,15472,6601,North Carolina,22073
8/30/2017,629,1144,North Dakota,1773
8/30/2017,12168,4176,Ohio,16344
8/30/2017,2763,2988,Oklahoma,5751
8/30/2017,5278,1638,Oregon,6916
8/30/2017,20085,7737,Pennsylvania,27822
8/30/2017,1252,8969,Puerto Rico,10221
8/30/2017,2904,995,Rhode Island,3899
8/30/2017,6355,5676,South Carolina,12031
8/30/2017,1215,468,South Dakota,1683
8/30/2017,10055,5487,Tennessee,15542
8/30/2017,22637,11731,Texas,34368
8/30/2017,620,537,Vermont,1157
8/30/2017,149,402,Virgin Islands,551
8/30/2017,13919,4136,Virginia,18055
8/30/2017,6596,1315,Washington,7911
8/30/2017,3934,841,West Virginia,4775
8/30/2017,9138,2214,Wisconsin,11352
8/30/2017,1276,829,Wyoming,2105
8/26/2017,13081,2334,Arizona,15415
8/26/2017,2035,2256,Arkansas,4291
8/26/2017,66365,0,California,66365
8/26/2017,4364,4299,Colorado,8663
8/26/2017,5358,3298,Connecticut,8656
8/26/2017,2473,447,Delaware,2920
8/26/2017,1165,257,Dist. of Columbia,1422
8/26/2017,41415,12880,Florida,54295
8/26/2017,18915,2572,Georgia,21487
8/26/2017,4744,1216,Idaho,5960
8/26/2017,14682,3355,Illinois,18037
8/26/2017,10330,2581,Indiana,12911
8/26/2017,4280,2027,Iowa,6307
8/26/2017,4123,605,Kansas,4728
8/26/2017,8704,1436,Kentucky,10140
8/26/2017,9943,3274,Louisiana,13217
8/26/2017,1314,1457,Maine,2771
8/26/2017,11174,1803,Maryland,12977
8/26/2017,10746,1652,Massachusetts,12398
8/26/2017,15678,2228,Michigan,17906
8/26/2017,7543,732,Minnesota,8275
8/26/2017,10724,1203,Missouri,11927
8/26/2017,1044,680,Montana,1724
8/26/2017,4123,818,Nebraska,4941
8/26/2017,3312,640,New Hampshire,3952
8/26/2017,19464,3269,New Jersey,22733
8/26/2017,2412,995,New Mexico,3407
8/26/2017,39217,4207,New York,43424
8/26/2017,13746,5866,North Carolina,19612
8/26/2017,639,1168,North Dakota,1807
8/26/2017,12460,4244,Ohio,16704
8/26/2017,2572,2751,Oklahoma,5323
8/26/2017,5368,1547,Oregon,6915
8/26/2017,18959,7347,Pennsylvania,26306
8/26/2017,1214,9042,Puerto Rico,10256
8/26/2017,2923,842,Rhode Island,3765
8/26/2017,5741,5268,South Carolina,11009
8/26/2017,1121,475,South Dakota,1596
8/26/2017,10415,5414,Tennessee,15829
8/26/2017,21896,11044,Texas,32940
8/26/2017,576,548,Vermont,1124
8/26/2017,121,312,Virgin Islands,433
8/26/2017,11938,3428,Virginia,15366
8/26/2017,5943,1138,Washington,7081
8/26/2017,3615,744,West Virginia,4359
8/26/2017,8739,1951,Wisconsin,10690
8/26/2017,1737,872,Wyoming,2609
8/23/2017,177529,19282,Arizona,196811
8/23/2017,34046,30067,Arkansas,64113
8/23/2017,1172477,0,California,1172477
8/23/2017,87758,60156,Colorado,147914
8/23/2017,93440,35288,Connecticut,128728
8/23/2017,37848,3677,Delaware,41525
8/23/2017,17894,1761,Dist. of Columbia,19655
8/23/2017,611366,120917,Florida,732283
8/23/2017,310970,20593,Georgia,331563
8/23/2017,35803,7689,Idaho,43492
8/23/2017,317437,33991,Illinois,351428
8/23/2017,157852,21121,Indiana,178973
8/23/2017,64751,20689,Iowa,85440
8/23/2017,60845,5022,Kansas,65867
8/23/2017,104180,9496,Kentucky,113676
8/23/2017,116338,22830,Louisiana,139168
8/23/2017,19508,15051,Maine,34559
8/23/2017,187136,13943,Maryland,201079
8/23/2017,245856,15787,Massachusetts,261643
8/23/2017,276015,16791,Michigan,292806
8/23/2017,138672,5865,Minnesota,144537
8/23/2017,161751,7800,Missouri,169551
8/23/2017,15359,7287,Montana,22646
8/23/2017,46055,4888,Nebraska,50943
8/23/2017,53401,5396,New Hampshire,58797
8/23/2017,450361,32010,New Jersey,482371
8/23/2017,39582,10927,New Mexico,50509
8/23/2017,730339,33984,New York,764323
8/23/2017,208260,48969,North Carolina,257229
8/23/2017,10525,12461,North Dakota,22986
8/23/2017,250177,46111,Ohio,296288
8/23/2017,43943,31936,Oklahoma,75879
8/23/2017,88527,12855,Oregon,101382
8/23/2017,393211,92115,Pennsylvania,485326
8/23/2017,5352,30951,Puerto Rico,36303
8/23/2017,33453,6272,Rhode Island,39725
8/23/2017,91160,52801,South Carolina,143961
8/23/2017,16346,5050,South Dakota,21396
8/23/2017,142152,50995,Tennessee,193147
8/23/2017,548306,169585,Texas,717891
8/23/2017,8472,6266,Vermont,14738
8/23/2017,1013,1700,Virgin Islands,2713
8/23/2017,215734,31172,Virginia,246906
8/23/2017,135146,14645,Washington,149791
8/23/2017,45709,5963,West Virginia,51672
8/23/2017,161402,16881,Wisconsin,178283
8/23/2017,9637,5594,Wyoming,15231
8/19/2017,94270,11524,Arizona,105794
8/19/2017,16034,14385,Arkansas,30419
8/19/2017,529790,0,California,529790
8/19/2017,40418,28262,Colorado,68680
8/19/2017,48592,19430,Connecticut,68022
8/19/2017,21166,2328,Delaware,23494
8/19/2017,7624,1013,Dist. of Columbia,8637
8/19/2017,319562,68835,Florida,388397
8/19/2017,147834,11865,Georgia,159699
8/19/2017,18993,4411,Idaho,23404
8/19/2017,147513,17551,Illinois,165064
8/19/2017,84966,12563,Indiana,97529
8/19/2017,37196,12514,Iowa,49710
8/19/2017,30206,2971,Kansas,33177
8/19/2017,55030,6032,Kentucky,61062
8/19/2017,55303,12844,Louisiana,68147
8/19/2017,10261,7592,Maine,17853
8/19/2017,93616,8334,Maryland,101950
8/19/2017,126928,9427,Massachusetts,136355
8/19/2017,144227,10354,Michigan,154581
8/19/2017,71449,3700,Minnesota,75149
8/19/2017,87352,5158,Missouri,92510
8/19/2017,7653,3664,Montana,11317
8/19/2017,25437,3327,Nebraska,28764
8/19/2017,31647,3508,New Hampshire,35155
8/19/2017,241703,18765,New Jersey,260468
8/19/2017,18907,5591,New Mexico,24498
8/19/2017,380577,19988,New York,400565
8/19/2017,104233,27062,North Carolina,131295
8/19/2017,4947,6255,North Dakota,11202
8/19/2017,127207,25000,Ohio,152207
8/19/2017,19941,14490,Oklahoma,34431
8/19/2017,38066,6915,Oregon,44981
8/19/2017,221144,53295,Pennsylvania,274439
8/19/2017,3226,20538,Puerto Rico,23764
8/19/2017,20221,4468,Rhode Island,24689
8/19/2017,44408,26594,South Carolina,71002
8/19/2017,8347,2680,South Dakota,11027
8/19/2017,70181,25946,Tennessee,96127
8/19/2017,242091,82644,Texas,324735
8/19/2017,4381,2996,Vermont,7377
8/19/2017,529,1011,Virgin Islands,1540
8/19/2017,103683,16639,Virginia,120322
8/19/2017,62173,7474,Washington,69647
8/19/2017,25233,3587,West Virginia,28820
8/19/2017,88712,10560,Wisconsin,99272
8/19/2017,4796,2731,Wyoming,7527
8/16/2017,52938,6649,Arizona,59587
8/16/2017,7353,6254,Arkansas,13607
8/16/2017,285290,0,California,285290
8/16/2017,21237,14603,Colorado,35840
8/16/2017,29660,12062,Connecticut,41722
8/16/2017,11772,1303,Delaware,13075
8/16/2017,4846,601,Dist. of Columbia,5447
8/16/2017,170382,37440,Florida,207822
8/16/2017,75792,6184,Georgia,81976
8/16/2017,10128,2455,Idaho,12583
8/16/2017,78606,9982,Illinois,88588
8/16/2017,45344,7112,Indiana,52456
8/16/2017,21277,7034,Iowa,28311
8/16/2017,16856,1604,Kansas,18460
8/16/2017,28105,3299,Kentucky,31404
8/16/2017,28860,6995,Louisiana,35855
8/16/2017,5651,4181,Maine,9832
8/16/2017,51666,4991,Maryland,56657
8/16/2017,73761,5650,Massachusetts,79411
8/16/2017,83301,6387,Michigan,89688
8/16/2017,38033,2141,Minnesota,40174
8/16/2017,47871,2854,Missouri,50725
8/16/2017,3863,1732,Montana,5595
8/16/2017,14561,1937,Nebraska,16498
8/16/2017,17953,2137,New Hampshire,20090
8/16/2017,143240,11714,New Jersey,154954
8/16/2017,9559,2843,New Mexico,12402
8/16/2017,221980,12824,New York,234804
8/16/2017,55625,15186,North Carolina,70811
8/16/2017,3087,3835,North Dakota,6922
8/16/2017,67477,13008,Ohio,80485
8/16/2017,10673,7630,Oklahoma,18303
8/16/2017,21668,4409,Oregon,26077
8/16/2017,131821,31237,Pennsylvania,163058
8/16/2017,2055,12253,Puerto Rico,14308
8/16/2017,9907,2409,Rhode Island,12316
8/16/2017,22857,14165,South Carolina,37022
8/16/2017,4803,1475,South Dakota,6278
8/16/2017,35612,13320,Tennessee,48932
8/16/2017,130094,42743,Texas,172837
8/16/2017,2255,1489,Vermont,3744
8/16/2017,289,474,Virgin Islands,763
8/16/2017,54642,9261,Virginia,63903
8/16/2017,34151,4228,Washington,38379
8/16/2017,13984,1996,West Virginia,15980
8/16/2017,48866,6181,Wisconsin,55047
8/16/2017,2280,1366,Wyoming,3646
8/12/2017,41439,5270,Arizona,46709
8/12/2017,6356,5586,Arkansas,11942
8/12/2017,222597,0,California,222597
8/12/2017,16524,12513,Colorado,29037
8/12/2017,23559,10106,Connecticut,33665
8/12/2017,9705,1195,Delaware,10900
8/12/2017,3917,522,Dist. of Columbia,4439
8/12/2017,137069,31177,Florida,168246
8/12/2017,64036,5145,Georgia,69181
8/12/2017,8367,1992,Idaho,10359
8/12/2017,60243,7897,Illinois,68140
8/12/2017,38157,6346,Indiana,44503
8/12/2017,15737,5631,Iowa,21368
8/12/2017,13381,1432,Kansas,14813
8/12/2017,27067,3128,Kentucky,30195
8/12/2017,26305,6906,Louisiana,33211
8/12/2017,4912,3881,Maine,8793
8/12/2017,47627,4662,Maryland,52289
8/12/2017,58212,4576,Massachusetts,62788
8/12/2017,63163,4983,Michigan,68146
8/12/2017,31928,1777,Minnesota,33705
8/12/2017,39330,2458,Missouri,41788
8/12/2017,3307,1673,Montana,4980
8/12/2017,11899,1663,Nebraska,13562
8/12/2017,14643,1744,New Hampshire,16387
8/12/2017,102731,9024,New Jersey,111755
8/12/2017,8378,2550,New Mexico,10928
8/12/2017,173106,9932,New York,183038
8/12/2017,51009,14688,North Carolina,65697
8/12/2017,2233,3187,North Dakota,5420
8/12/2017,56140,11703,Ohio,67843
8/12/2017,8837,7118,Oklahoma,15955
8/12/2017,14805,3404,Oregon,18209
8/12/2017,104392,27174,Pennsylvania,131566
8/12/2017,2215,15115,Puerto Rico,17330
8/12/2017,9634,2251,Rhode Island,11885
8/12/2017,19615,12909,South Carolina,32524
8/12/2017,3574,1245,South Dakota,4819
8/12/2017,31287,12634,Tennessee,43921
8/12/2017,105563,36811,Texas,142374
8/12/2017,2070,1365,Vermont,3435
8/12/2017,208,477,Virgin Islands,685
8/12/2017,47749,8342,Virginia,56091
8/12/2017,24029,2946,Washington,26975
8/12/2017,12732,2031,West Virginia,14763
8/12/2017,40481,5339,Wisconsin,45820
8/12/2017,1652,1080,Wyoming,2732
8/9/2017,29834,4601,Arizona,34435
8/9/2017,4768,4451,Arkansas,9219
8/9/2017,168495,0,California,168495
8/9/2017,12590,9579,Colorado,22169
8/9/2017,19822,8901,Connecticut,28723
8/9/2017,7366,1039,Delaware,8405
8/9/2017,3466,564,Dist. of Columbia,4030
8/9/2017,96268,24446,Florida,120714
8/9/2017,49415,4754,Georgia,54169
8/9/2017,6777,1713,Idaho,8490
8/9/2017,40005,6057,Illinois,46062
8/9/2017,25205,4646,Indiana,29851
8/9/2017,11344,4115,Iowa,15459
8/9/2017,9700,1108,Kansas,10808
8/9/2017,19826,2496,Kentucky,22322
8/9/2017,19260,5629,Louisiana,24889
8/9/2017,3312,2633,Maine,5945
8/9/2017,36893,4036,Maryland,40929
8/9/2017,46194,4311,Massachusetts,50505
8/9/2017,47932,4403,Michigan,52335
8/9/2017,23186,1640,Minnesota,24826
8/9/2017,28803,2168,Missouri,30971
8/9/2017,2312,1235,Montana,3547
8/9/2017,9518,1533,Nebraska,11051
8/9/2017,11313,1466,New Hampshire,12779
8/9/2017,79647,7597,New Jersey,87244
8/9/2017,6277,2025,New Mexico,8302
8/9/2017,137032,8865,New York,145897
8/9/2017,37786,11965,North Carolina,49751
8/9/2017,1759,2527,North Dakota,4286
8/9/2017,40130,8821,Ohio,48951
8/9/2017,6623,5443,Oklahoma,12066
8/9/2017,11328,2955,Oregon,14283
8/9/2017,74320,19712,Pennsylvania,94032
8/9/2017,1787,10986,Puerto Rico,12773
8/9/2017,8194,2160,Rhode Island,10354
8/9/2017,14297,9900,South Carolina,24197
8/9/2017,2808,1010,South Dakota,3818
8/9/2017,22947,9627,Tennessee,32574
8/9/2017,77461,29219,Texas,106680
8/9/2017,1372,944,Vermont,2316
8/9/2017,165,406,Virgin Islands,571
8/9/2017,34728,6985,Virginia,41713
8/9/2017,18302,2486,Washington,20788
8/9/2017,9288,1578,West Virginia,10866
8/9/2017,27752,4306,Wisconsin,32058
8/9/2017,1525,1021,Wyoming,2546
8/5/2017,22786,3690,Arizona,26476
8/5/2017,3962,3621,Arkansas,7583
8/5/2017,118034,0,California,118034
8/5/2017,9170,7451,Colorado,16621
8/5/2017,13358,6429,Connecticut,19787
8/5/2017,5602,859,Delaware,6461
8/5/2017,2061,406,Dist. of Columbia,2467
8/5/2017,86190,22811,Florida,109001
8/5/2017,36324,3911,Georgia,40235
8/5/2017,5503,1549,Idaho,7052
8/5/2017,28303,4773,Illinois,33076
8/5/2017,21382,4449,Indiana,25831
8/5/2017,8962,3385,Iowa,12347
8/5/2017,7917,975,Kansas,8892
8/5/2017,15238,2397,Kentucky,17635
8/5/2017,15460,4703,Louisiana,20163
8/5/2017,2719,2311,Maine,5030
8/5/2017,25775,3415,Maryland,29190
8/5/2017,31287,3303,Massachusetts,34590
8/5/2017,36442,3782,Michigan,40224
8/5/2017,16725,1375,Minnesota,18100
8/5/2017,22125,1858,Missouri,23983
8/5/2017,1711,971,Montana,2682
8/5/2017,7663,1337,Nebraska,9000
8/5/2017,8949,1293,New Hampshire,10242
8/5/2017,53336,5838,New Jersey,59174
8/5/2017,4761,1669,New Mexico,6430
8/5/2017,95711,7120,New York,102831
8/5/2017,31456,10479,North Carolina,41935
8/5/2017,1331,1358,North Dakota,2689
8/5/2017,28693,6918,Ohio,35611
8/5/2017,5818,5018,Oklahoma,10836
8/5/2017,8912,2456,Oregon,11368
8/5/2017,52042,15058,Pennsylvania,67100
8/5/2017,2057,13715,Puerto Rico,15772
8/5/2017,5640,1559,Rhode Island,7199
8/5/2017,11834,8784,South Carolina,20618
8/5/2017,2241,824,South Dakota,3065
8/5/2017,18733,7987,Tennessee,26720
8/5/2017,62420,23650,Texas,86070
8/5/2017,1093,813,Vermont,1906
8/5/2017,168,371,Virgin Islands,539
8/5/2017,25689,5541,Virginia,31230
8/5/2017,12660,1919,Washington,14579
8/5/2017,7259,1447,West Virginia,8706
8/5/2017,19777,3416,Wisconsin,23193
8/5/2017,1215,740,Wyoming,1955
8/2/2017,15277,2599,Arizona,17876
8/2/2017,2305,2169,Arkansas,4474
8/2/2017,87265,0,California,87265
8/2/2017,6853,5261,Colorado,12114
8/2/2017,9180,4532,Connecticut,13712
8/2/2017,3863,658,Delaware,4521
8/2/2017,1409,285,Dist. of Columbia,1694
8/2/2017,54650,16159,Florida,70809
8/2/2017,21233,2505,Georgia,23738
8/2/2017,4248,1138,Idaho,5386
8/2/2017,18338,3256,Illinois,21594
8/2/2017,14083,3006,Indiana,17089
8/2/2017,6463,2568,Iowa,9031
8/2/2017,5789,747,Kansas,6536
8/2/2017,11034,1683,Kentucky,12717
8/2/2017,11249,3582,Louisiana,14831
8/2/2017,1678,1448,Maine,3126
8/2/2017,17158,2274,Maryland,19432
8/2/2017,18400,2038,Massachusetts,20438
8/2/2017,23654,2501,Michigan,26155
8/2/2017,11578,965,Minnesota,12543
8/2/2017,16670,1374,Missouri,18044
8/2/2017,1230,720,Montana,1950
8/2/2017,5533,954,Nebraska,6487
8/2/2017,5159,775,New Hampshire,5934
8/2/2017,33759,4059,New Jersey,37818
8/2/2017,3041,1086,New Mexico,4127
8/2/2017,61885,5559,New York,67444
8/2/2017,19155,7041,North Carolina,26196
8/2/2017,1114,1122,North Dakota,2236
8/2/2017,20252,4843,Ohio,25095
8/2/2017,3890,3064,Oklahoma,6954
8/2/2017,6690,1796,Oregon,8486
8/2/2017,34339,10268,Pennsylvania,44607
8/2/2017,1380,9310,Puerto Rico,10690
8/2/2017,4159,1279,Rhode Island,5438
8/2/2017,7603,5837,South Carolina,13440
8/2/2017,1742,626,South Dakota,2368
8/2/2017,12231,5646,Tennessee,17877
8/2/2017,37367,15340,Texas,52707
8/2/2017,780,550,Vermont,1330
8/2/2017,96,240,Virgin Islands,336
8/2/2017,16050,3866,Virginia,19916
8/2/2017,8941,1394,Washington,10335
8/2/2017,5463,1057,West Virginia,6520
8/2/2017,13044,2502,Wisconsin,15546
8/2/2017,828,624,Wyoming,1452
7/29/2017,16632,2812,Arizona,19444
7/29/2017,2730,2599,Arkansas,5329
7/29/2017,88815,0,California,88815
7/29/2017,7050,5626,Colorado,12676
7/29/2017,9778,4690,Connecticut,14468
7/29/2017,3908,690,Delaware,4598
7/29/2017,1507,340,Dist. of Columbia,1847
7/29/2017,62508,17508,Florida,80016
7/29/2017,24696,2794,Georgia,27490
7/29/2017,4319,1166,Idaho,5485
7/29/2017,17817,3302,Illinois,21119
7/29/2017,16366,3386,Indiana,19752
7/29/2017,6653,2716,Iowa,9369
7/29/2017,6060,784,Kansas,6844
7/29/2017,11697,1909,Kentucky,13606
7/29/2017,12405,3834,Louisiana,16239
7/29/2017,1877,1662,Maine,3539
7/29/2017,18568,2542,Maryland,21110
7/29/2017,19744,2376,Massachusetts,22120
7/29/2017,25687,2831,Michigan,28518
7/29/2017,11852,1058,Minnesota,12910
7/29/2017,17977,1547,Missouri,19524
7/29/2017,1226,696,Montana,1922
7/29/2017,5819,1096,Nebraska,6915
7/29/2017,5394,837,New Hampshire,6231
7/29/2017,34065,4304,New Jersey,38369
7/29/2017,3317,1247,New Mexico,4564
7/29/2017,62935,5408,New York,68343
7/29/2017,21428,7692,North Carolina,29120
7/29/2017,975,1114,North Dakota,2089
7/29/2017,20828,5269,Ohio,26097
7/29/2017,4141,3487,Oklahoma,7628
7/29/2017,6506,1825,Oregon,8331
7/29/2017,35177,10878,Pennsylvania,46055
7/29/2017,1835,12863,Puerto Rico,14698
7/29/2017,4578,1343,Rhode Island,5921
7/29/2017,8462,6566,South Carolina,15028
7/29/2017,1697,604,South Dakota,2301
7/29/2017,13287,5917,Tennessee,19204
7/29/2017,39997,16247,Texas,56244
7/29/2017,817,665,Vermont,1482
7/29/2017,145,362,Virgin Islands,507
7/29/2017,17881,4271,Virginia,22152
7/29/2017,8794,1394,Washington,10188
7/29/2017,5755,1151,West Virginia,6906
7/29/2017,13313,2465,Wisconsin,15778
7/29/2017,1016,655,Wyoming,1671
7/26/2017,14706,2642,Arizona,17348
7/26/2017,2349,2142,Arkansas,4491
7/26/2017,83025,0,California,83025
7/26/2017,6678,4982,Colorado,11660
7/26/2017,8277,3959,Connecticut,12236
7/26/2017,3342,667,Delaware,4009
7/26/2017,1361,322,Dist. of Columbia,1683
7/26/2017,52035,15161,Florida,67196
7/26/2017,20283,2454,Georgia,22737
7/26/2017,4177,1164,Idaho,5341
7/26/2017,16385,3082,Illinois,19467
7/26/2017,13420,2858,Indiana,16278
7/26/2017,5685,2296,Iowa,7981
7/26/2017,5480,707,Kansas,6187
7/26/2017,10191,1637,Kentucky,11828
7/26/2017,10799,3414,Louisiana,14213
7/26/2017,1590,1387,Maine,2977
7/26/2017,15436,2243,Maryland,17679
7/26/2017,16566,2189,Massachusetts,18755
7/26/2017,22423,2602,Michigan,25025
7/26/2017,10956,977,Minnesota,11933
7/26/2017,15223,1310,Missouri,16533
7/26/2017,1180,715,Montana,1895
7/26/2017,5258,1010,Nebraska,6268
7/26/2017,4637,743,New Hampshire,5380
7/26/2017,30103,3819,New Jersey,33922
7/26/2017,3022,1096,New Mexico,4118
7/26/2017,55191,4981,New York,60172
7/26/2017,18000,6840,North Carolina,24840
7/26/2017,933,951,North Dakota,1884
7/26/2017,17367,4472,Ohio,21839
7/26/2017,3503,3001,Oklahoma,6504
7/26/2017,6216,1804,Oregon,8020
7/26/2017,30200,9594,Pennsylvania,39794
7/26/2017,1368,8905,Puerto Rico,10273
7/26/2017,3608,1124,Rhode Island,4732
7/26/2017,6923,5556,South Carolina,12479
7/26/2017,1572,588,South Dakota,2160
7/26/2017,11170,5172,Tennessee,16342
7/26/2017,34256,14342,Texas,48598
7/26/2017,774,595,Vermont,1369
7/26/2017,94,274,Virgin Islands,368
7/26/2017,15195,3707,Virginia,18902
7/26/2017,8469,1384,Washington,9853
7/26/2017,4812,1002,West Virginia,5814
7/26/2017,11994,2287,Wisconsin,14281
7/26/2017,973,658,Wyoming,1631
7/22/2017,14988,2707,Arizona,17695
7/22/2017,2142,2001,Arkansas,4143
7/22/2017,84512,0,California,84512
7/22/2017,6467,5204,Colorado,11671
7/22/2017,8320,4314,Connecticut,12634
7/22/2017,3478,622,Delaware,4100
7/22/2017,1305,327,Dist. of Columbia,1632
7/22/2017,57523,16461,Florida,73984
7/22/2017,22826,3007,Georgia,25833
7/22/2017,4229,1199,Idaho,5428
7/22/2017,15971,2978,Illinois,18949
7/22/2017,14123,3293,Indiana,17416
7/22/2017,5909,2483,Iowa,8392
7/22/2017,5832,730,Kansas,6562
7/22/2017,11171,1812,Kentucky,12983
7/22/2017,11750,3869,Louisiana,15619
7/22/2017,1717,1632,Maine,3349
7/22/2017,15861,2262,Maryland,18123
7/22/2017,17735,2377,Massachusetts,20112
7/22/2017,22205,2643,Michigan,24848
7/22/2017,11167,1044,Minnesota,12211
7/22/2017,15911,1476,Missouri,17387
7/22/2017,1201,655,Montana,1856
7/22/2017,5495,1101,Nebraska,6596
7/22/2017,4923,824,New Hampshire,5747
7/22/2017,30264,4060,New Jersey,34324
7/22/2017,3117,1199,New Mexico,4316
7/22/2017,56169,5072,New York,61241
7/22/2017,19370,7092,North Carolina,26462
7/22/2017,928,991,North Dakota,1919
7/22/2017,17661,4719,Ohio,22380
7/22/2017,3816,3354,Oklahoma,7170
7/22/2017,6234,1850,Oregon,8084
7/22/2017,31046,10068,Pennsylvania,41114
7/22/2017,1716,11522,Puerto Rico,13238
7/22/2017,4085,1191,Rhode Island,5276
7/22/2017,7638,6099,South Carolina,13737
7/22/2017,1643,614,South Dakota,2257
7/22/2017,12092,5563,Tennessee,17655
7/22/2017,36730,15656,Texas,52386
7/22/2017,825,687,Vermont,1512
7/22/2017,133,291,Virgin Islands,424
7/22/2017,16354,3849,Virginia,20203
7/22/2017,8283,1402,Washington,9685
7/22/2017,5063,978,West Virginia,6041
7/22/2017,12329,2463,Wisconsin,14792
7/22/2017,940,640,Wyoming,1580
7/19/2017,12298,2074,Arizona,14372
7/19/2017,1900,1749,Arkansas,3649
7/19/2017,67337,0,California,67337
7/19/2017,5460,4236,Colorado,9696
7/19/2017,6949,3623,Connecticut,10572
7/19/2017,2790,485,Delaware,3275
7/19/2017,1291,264,Dist. of Columbia,1555
7/19/2017,44172,12309,Florida,56481
7/19/2017,17038,2180,Georgia,19218
7/19/2017,3474,911,Idaho,4385
7/19/2017,13358,2438,Illinois,15796
7/19/2017,10490,2356,Indiana,12846
7/19/2017,5039,2041,Iowa,7080
7/19/2017,4856,558,Kansas,5414
7/19/2017,8929,1427,Kentucky,10356
7/19/2017,9397,2938,Louisiana,12335
7/19/2017,1595,1447,Maine,3042
7/19/2017,12783,1863,Maryland,14646
7/19/2017,14302,1804,Massachusetts,16106
7/19/2017,17926,2146,Michigan,20072
7/19/2017,9510,808,Minnesota,10318
7/19/2017,12963,1118,Missouri,14081
7/19/2017,1125,629,Montana,1754
7/19/2017,4743,879,Nebraska,5622
7/19/2017,4142,723,New Hampshire,4865
7/19/2017,26331,3474,New Jersey,29805
7/19/2017,2682,952,New Mexico,3634
7/19/2017,48666,4559,New York,53225
7/19/2017,14702,5266,North Carolina,19968
7/19/2017,773,858,North Dakota,1631
7/19/2017,13513,3467,Ohio,16980
7/19/2017,3078,2547,Oklahoma,5625
7/19/2017,5109,1498,Oregon,6607
7/19/2017,25022,7928,Pennsylvania,32950
7/19/2017,1344,8417,Puerto Rico,9761
7/19/2017,2996,947,Rhode Island,3943
7/19/2017,5741,4417,South Carolina,10158
7/19/2017,1405,477,South Dakota,1882
7/19/2017,9663,4347,Tennessee,14010
7/19/2017,28254,11774,Texas,40028
7/19/2017,649,529,Vermont,1178
7/19/2017,94,240,Virgin Islands,334
7/19/2017,13216,3120,Virginia,16336
7/19/2017,7110,1168,Washington,8278
7/19/2017,4134,832,West Virginia,4966
7/19/2017,10314,2015,Wisconsin,12329
7/19/2017,865,569,Wyoming,1434
7/15/2017,13283,2425,Arizona,15708
7/15/2017,2114,2014,Arkansas,4128
7/15/2017,69746,0,California,69746
7/15/2017,5633,4691,Colorado,10324
7/15/2017,7507,3895,Connecticut,11402
7/15/2017,2960,606,Delaware,3566
7/15/2017,1328,298,Dist. of Columbia,1626
7/15/2017,52465,15903,Florida,68368
7/15/2017,18845,2198,Georgia,21043
7/15/2017,3715,994,Idaho,4709
7/15/2017,13177,2531,Illinois,15708
7/15/2017,12167,2826,Indiana,14993
7/15/2017,5442,2350,Iowa,7792
7/15/2017,5347,675,Kansas,6022
7/15/2017,10123,1713,Kentucky,11836
7/15/2017,10353,3418,Louisiana,13771
7/15/2017,1649,1533,Maine,3182
7/15/2017,13452,2101,Maryland,15553
7/15/2017,14622,1911,Massachusetts,16533
7/15/2017,18739,2237,Michigan,20976
7/15/2017,9825,947,Minnesota,10772
7/15/2017,14177,1341,Missouri,15518
7/15/2017,1230,698,Montana,1928
7/15/2017,5126,933,Nebraska,6059
7/15/2017,4422,770,New Hampshire,5192
7/15/2017,25726,3656,New Jersey,29382
7/15/2017,2782,1076,New Mexico,3858
7/15/2017,50296,4540,New York,54836
7/15/2017,15942,6364,North Carolina,22306
7/15/2017,813,867,North Dakota,1680
7/15/2017,14009,3839,Ohio,17848
7/15/2017,3423,3031,Oklahoma,6454
7/15/2017,5012,1527,Oregon,6539
7/15/2017,27109,8994,Pennsylvania,36103
7/15/2017,1707,11156,Puerto Rico,12863
7/15/2017,3671,1097,Rhode Island,4768
7/15/2017,6614,5471,South Carolina,12085
7/15/2017,1556,585,South Dakota,2141
7/15/2017,10830,5308,Tennessee,16138
7/15/2017,31352,13722,Texas,45074
7/15/2017,694,631,Vermont,1325
7/15/2017,124,315,Virgin Islands,439
7/15/2017,13875,3418,Virginia,17293
7/15/2017,7116,1167,Washington,8283
7/15/2017,4491,978,West Virginia,5469
7/15/2017,11034,2223,Wisconsin,13257
7/15/2017,810,548,Wyoming,1358
7/12/2017,12333,2405,Arizona,14738
7/12/2017,1987,2022,Arkansas,4009
7/12/2017,69594,0,California,69594
7/12/2017,5309,4517,Colorado,9826
7/12/2017,6799,3709,Connecticut,10508
7/12/2017,2695,498,Delaware,3193
7/12/2017,1215,290,Dist. of Columbia,1505
7/12/2017,43065,13128,Florida,56193
7/12/2017,17641,2221,Georgia,19862
7/12/2017,3567,981,Idaho,4548
7/12/2017,11951,2458,Illinois,14409
7/12/2017,10516,2541,Indiana,13057
7/12/2017,5037,2178,Iowa,7215
7/12/2017,4818,652,Kansas,5470
7/12/2017,9014,1546,Kentucky,10560
7/12/2017,9642,3380,Louisiana,13022
7/12/2017,1374,1347,Maine,2721
7/12/2017,12203,1864,Maryland,14067
7/12/2017,13964,2059,Massachusetts,16023
7/12/2017,17808,2221,Michigan,20029
7/12/2017,9165,825,Minnesota,9990
7/12/2017,13159,1316,Missouri,14475
7/12/2017,1112,661,Montana,1773
7/12/2017,4731,936,Nebraska,5667
7/12/2017,3881,702,New Hampshire,4583
7/12/2017,24914,3517,New Jersey,28431
7/12/2017,2665,1093,New Mexico,3758
7/12/2017,46070,4415,New York,50485
7/12/2017,14407,5626,North Carolina,20033
7/12/2017,698,909,North Dakota,1607
7/12/2017,13372,3815,Ohio,17187
7/12/2017,2912,2772,Oklahoma,5684
7/12/2017,5178,1610,Oregon,6788
7/12/2017,23451,7899,Pennsylvania,31350
7/12/2017,1238,8170,Puerto Rico,9408
7/12/2017,2959,936,Rhode Island,3895
7/12/2017,5958,4778,South Carolina,10736
7/12/2017,1321,534,South Dakota,1855
7/12/2017,9805,4573,Tennessee,14378
7/12/2017,28176,12640,Texas,40816
7/12/2017,650,509,Vermont,1159
7/12/2017,105,250,Virgin Islands,355
7/12/2017,13106,3355,Virginia,16461
7/12/2017,7115,1174,Washington,8289
7/12/2017,4179,862,West Virginia,5041
7/12/2017,10090,2166,Wisconsin,12256
7/12/2017,819,608,Wyoming,1427
7/8/2017,12709,2299,Arizona,15008
7/8/2017,2078,1845,Arkansas,3923
7/8/2017,62653,0,California,62653
7/8/2017,5278,4503,Colorado,9781
7/8/2017,7391,3798,Connecticut,11189
7/8/2017,2842,547,Delaware,3389
7/8/2017,1293,261,Dist. of Columbia,1554
7/8/2017,48077,13665,Florida,61742
7/8/2017,17388,2121,Georgia,19509
7/8/2017,3570,974,Idaho,4544
7/8/2017,8499,1697,Illinois,10196
7/8/2017,12240,2867,Indiana,15107
7/8/2017,5316,2280,Iowa,7596
7/8/2017,5150,644,Kansas,5794
7/8/2017,9965,1650,Kentucky,11615
7/8/2017,10316,3323,Louisiana,13639
7/8/2017,1570,1534,Maine,3104
7/8/2017,11943,1852,Maryland,13795
7/8/2017,13364,1702,Massachusetts,15066
7/8/2017,17302,2153,Michigan,19455
7/8/2017,9343,888,Minnesota,10231
7/8/2017,13928,1361,Missouri,15289
7/8/2017,1029,623,Montana,1652
7/8/2017,4956,923,Nebraska,5879
7/8/2017,4521,789,New Hampshire,5310
7/8/2017,24559,3445,New Jersey,28004
7/8/2017,2779,1016,New Mexico,3795
7/8/2017,44458,4280,New York,48738
7/8/2017,14622,5516,North Carolina,20138
7/8/2017,747,789,North Dakota,1536
7/8/2017,13349,3909,Ohio,17258
7/8/2017,2999,2654,Oklahoma,5653
7/8/2017,4828,1439,Oregon,6267
7/8/2017,24859,8161,Pennsylvania,33020
7/8/2017,1383,9777,Puerto Rico,11160
7/8/2017,3473,1072,Rhode Island,4545
7/8/2017,6321,5162,South Carolina,11483
7/8/2017,1517,580,South Dakota,2097
7/8/2017,9905,4729,Tennessee,14634
7/8/2017,28431,12207,Texas,40638
7/8/2017,708,572,Vermont,1280
7/8/2017,138,262,Virgin Islands,400
7/8/2017,12780,3155,Virginia,15935
7/8/2017,6364,1021,Washington,7385
7/8/2017,4700,896,West Virginia,5596
7/8/2017,10871,2198,Wisconsin,13069
7/8/2017,808,546,Wyoming,1354
7/5/2017,10693,1936,Arizona,12629
7/5/2017,1642,1594,Arkansas,3236
7/5/2017,51248,0,California,51248
7/5/2017,4321,3766,Colorado,8087
7/5/2017,5605,3040,Connecticut,8645
7/5/2017,2240,434,Delaware,2674
7/5/2017,998,218,Dist. of Columbia,1216
7/5/2017,36390,10620,Florida,47010
7/5/2017,13419,1709,Georgia,15128
7/5/2017,3484,834,Idaho,4318
7/5/2017,295,83,Illinois,378
7/5/2017,9766,2399,Indiana,12165
7/5/2017,4212,1734,Iowa,5946
7/5/2017,4103,554,Kansas,4657
7/5/2017,8096,1357,Kentucky,9453
7/5/2017,8121,2781,Louisiana,10902
7/5/2017,985,948,Maine,1933
7/5/2017,9614,1461,Maryland,11075
7/5/2017,10703,1398,Massachusetts,12101
7/5/2017,13980,1738,Michigan,15718
7/5/2017,7754,722,Minnesota,8476
7/5/2017,11450,1109,Missouri,12559
7/5/2017,967,610,Montana,1577
7/5/2017,3922,772,Nebraska,4694
7/5/2017,3313,577,New Hampshire,3890
7/5/2017,19477,2773,New Jersey,22250
7/5/2017,2315,880,New Mexico,3195
7/5/2017,34154,3234,New York,37388
7/5/2017,11315,4689,North Carolina,16004
7/5/2017,592,694,North Dakota,1286
7/5/2017,10668,2865,Ohio,13533
7/5/2017,2551,2182,Oklahoma,4733
7/5/2017,4279,1361,Oregon,5640
7/5/2017,18777,6350,Pennsylvania,25127
7/5/2017,1004,6546,Puerto Rico,7550
7/5/2017,2455,704,Rhode Island,3159
7/5/2017,4769,3990,South Carolina,8759
7/5/2017,1182,498,South Dakota,1680
7/5/2017,7878,3707,Tennessee,11585
7/5/2017,21748,9951,Texas,31699
7/5/2017,604,462,Vermont,1066
7/5/2017,79,191,Virgin Islands,270
7/5/2017,10033,2552,Virginia,12585
7/5/2017,5891,970,Washington,6861
7/5/2017,3648,754,West Virginia,4402
7/5/2017,9232,1968,Wisconsin,11200
7/5/2017,843,566,Wyoming,1409
7/1/2017,11106,1929,Arizona,13035
7/1/2017,1722,1811,Arkansas,3533
7/1/2017,56177,0,California,56177
7/1/2017,4531,3957,Colorado,8488
7/1/2017,6171,3336,Connecticut,9507
7/1/2017,2478,449,Delaware,2927
7/1/2017,1124,217,Dist. of Columbia,1341
7/1/2017,41680,12134,Florida,53814
7/1/2017,15906,1975,Georgia,17881
7/1/2017,3201,839,Idaho,4040
7/1/2017,741,195,Illinois,936
7/1/2017,10777,2542,Indiana,13319
7/1/2017,4607,2048,Iowa,6655
7/1/2017,4428,588,Kansas,5016
7/1/2017,8584,1426,Kentucky,10010
7/1/2017,8803,3005,Louisiana,11808
7/1/2017,1314,1334,Maine,2648
7/1/2017,10557,1628,Maryland,12185
7/1/2017,11172,1561,Massachusetts,12733
7/1/2017,15180,1890,Michigan,17070
7/1/2017,8218,776,Minnesota,8994
7/1/2017,12209,1125,Missouri,13334
7/1/2017,940,577,Montana,1517
7/1/2017,4160,835,Nebraska,4995
7/1/2017,3645,594,New Hampshire,4239
7/1/2017,20138,2856,New Jersey,22994
7/1/2017,2502,902,New Mexico,3404
7/1/2017,39747,3687,New York,43434
7/1/2017,13270,5196,North Carolina,18466
7/1/2017,619,739,North Dakota,1358
7/1/2017,11573,3195,Ohio,14768
7/1/2017,2593,2433,Oklahoma,5026
7/1/2017,4243,1335,Oregon,5578
7/1/2017,20834,7218,Pennsylvania,28052
7/1/2017,1426,9792,Puerto Rico,11218
7/1/2017,2866,908,Rhode Island,3774
7/1/2017,5319,4442,South Carolina,9761
7/1/2017,1283,526,South Dakota,1809
7/1/2017,8913,4157,Tennessee,13070
7/1/2017,23921,10733,Texas,34654
7/1/2017,616,541,Vermont,1157
7/1/2017,111,229,Virgin Islands,340
7/1/2017,11446,2892,Virginia,14338
7/1/2017,2974,532,Washington,3506
7/1/2017,3946,783,West Virginia,4729
7/1/2017,9327,1945,Wisconsin,11272
7/1/2017,753,536,Wyoming,1289
6/28/2017,10144,1996,Arizona,12140
6/28/2017,1499,1526,Arkansas,3025
6/28/2017,50828,0,California,50828
6/28/2017,3808,3485,Colorado,7293
6/28/2017,5440,2958,Connecticut,8398
6/28/2017,2099,443,Delaware,2542
6/28/2017,1093,219,Dist. of Columbia,1312
6/28/2017,35134,11169,Florida,46303
6/28/2017,13033,1831,Georgia,14864
6/28/2017,2903,834,Idaho,3737
6/28/2017,14819,2896,Illinois,17715
6/28/2017,8517,2133,Indiana,10650
6/28/2017,4020,1826,Iowa,5846
6/28/2017,3893,516,Kansas,4409
6/28/2017,7440,1367,Kentucky,8807
6/28/2017,7633,2766,Louisiana,10399
6/28/2017,1060,1207,Maine,2267
6/28/2017,9229,1533,Maryland,10762
6/28/2017,10298,1466,Massachusetts,11764
6/28/2017,13208,1885,Michigan,15093
6/28/2017,7222,702,Minnesota,7924
6/28/2017,10269,1023,Missouri,11292
6/28/2017,934,556,Montana,1490
6/28/2017,3871,731,Nebraska,4602
6/28/2017,3021,599,New Hampshire,3620
6/28/2017,18565,2682,New Jersey,21247
6/28/2017,2179,845,New Mexico,3024
6/28/2017,33845,3603,New York,37448
6/28/2017,11358,4701,North Carolina,16059
6/28/2017,562,680,North Dakota,1242
6/28/2017,10130,3056,Ohio,13186
6/28/2017,2305,2189,Oklahoma,4494
6/28/2017,3661,1211,Oregon,4872
6/28/2017,17113,6347,Pennsylvania,23460
6/28/2017,1109,7470,Puerto Rico,8579
6/28/2017,2544,800,Rhode Island,3344
6/28/2017,4651,4141,South Carolina,8792
6/28/2017,1173,472,South Dakota,1645
6/28/2017,7516,3606,Tennessee,11122
6/28/2017,19816,9251,Texas,29067
6/28/2017,509,441,Vermont,950
6/28/2017,67,246,Virgin Islands,313
6/28/2017,10010,2651,Virginia,12661
6/28/2017,5207,979,Washington,6186
6/28/2017,3322,740,West Virginia,4062
6/28/2017,7678,1745,Wisconsin,9423
6/28/2017,680,570,Wyoming,1250
6/24/2017,10755,2086,Arizona,12841
6/24/2017,1833,1969,Arkansas,3802
6/24/2017,51013,0,California,51013
6/24/2017,3937,3827,Colorado,7764
6/24/2017,5711,3276,Connecticut,8987
6/24/2017,2450,487,Delaware,2937
6/24/2017,1082,238,Dist. of Columbia,1320
6/24/2017,43276,13495,Florida,56771
6/24/2017,15055,2032,Georgia,17087
6/24/2017,3003,866,Idaho,3869
6/24/2017,12322,2484,Illinois,14806
6/24/2017,9896,2512,Indiana,12408
6/24/2017,4330,2008,Iowa,6338
6/24/2017,4265,603,Kansas,4868
6/24/2017,8274,1456,Kentucky,9730
6/24/2017,8687,2996,Louisiana,11683
6/24/2017,1178,1972,Maine,3150
6/24/2017,10952,1774,Maryland,12726
6/24/2017,10925,1620,Massachusetts,12545
6/24/2017,13997,1840,Michigan,15837
6/24/2017,7421,781,Minnesota,8202
6/24/2017,10748,1144,Missouri,11892
6/24/2017,953,571,Montana,1524
6/24/2017,3948,779,Nebraska,4727
6/24/2017,3597,679,New Hampshire,4276
6/24/2017,19079,2977,New Jersey,22056
6/24/2017,2353,904,New Mexico,3257
6/24/2017,34839,3715,New York,38554
6/24/2017,13695,5681,North Carolina,19376
6/24/2017,571,711,North Dakota,1282
6/24/2017,10772,3452,Ohio,14224
6/24/2017,2581,2552,Oklahoma,5133
6/24/2017,3511,1246,Oregon,4757
6/24/2017,18906,6893,Pennsylvania,25799
6/24/2017,1463,9936,Puerto Rico,11399
6/24/2017,2952,947,Rhode Island,3899
6/24/2017,5669,5012,South Carolina,10681
6/24/2017,1148,485,South Dakota,1633
6/24/2017,8841,4488,Tennessee,13329
6/24/2017,23129,11115,Texas,34244
6/24/2017,506,482,Vermont,988
6/24/2017,147,259,Virgin Islands,406
6/24/2017,11827,3102,Virginia,14929
6/24/2017,5053,945,Washington,5998
6/24/2017,3798,823,West Virginia,4621
6/24/2017,8373,1910,Wisconsin,10283
6/24/2017,749,517,Wyoming,1266
6/21/2017,10311,2173,Arizona,12484
6/21/2017,1698,1789,Arkansas,3487
6/21/2017,47954,0,California,47954
6/21/2017,3538,3533,Colorado,7071
6/21/2017,5274,3243,Connecticut,8517
6/21/2017,1998,473,Delaware,2471
6/21/2017,1157,233,Dist. of Columbia,1390
6/21/2017,37039,12255,Florida,49294
6/21/2017,13216,1987,Georgia,15203
6/21/2017,3272,962,Idaho,4234
6/21/2017,12464,2805,Illinois,15269
6/21/2017,8821,2350,Indiana,11171
6/21/2017,4128,1846,Iowa,5974
6/21/2017,3983,556,Kansas,4539
6/21/2017,7503,1498,Kentucky,9001
6/21/2017,7393,2835,Louisiana,10228
6/21/2017,1106,1726,Maine,2832
6/21/2017,9202,1580,Maryland,10782
6/21/2017,10252,1798,Massachusetts,12050
6/21/2017,13229,1891,Michigan,15120
6/21/2017,6892,794,Minnesota,7686
6/21/2017,10279,1160,Missouri,11439
6/21/2017,982,685,Montana,1667
6/21/2017,4080,860,Nebraska,4940
6/21/2017,3294,682,New Hampshire,3976
6/21/2017,18143,2915,New Jersey,21058
6/21/2017,2189,956,New Mexico,3145
6/21/2017,32749,3759,New York,36508
6/21/2017,11798,5182,North Carolina,16980
6/21/2017,569,718,North Dakota,1287
6/21/2017,10185,3360,Ohio,13545
6/21/2017,2279,2371,Oklahoma,4650
6/21/2017,3463,1273,Oregon,4736
6/21/2017,16612,6637,Pennsylvania,23249
6/21/2017,1115,7477,Puerto Rico,8592
6/21/2017,2702,913,Rhode Island,3615
6/21/2017,4819,4330,South Carolina,9149
6/21/2017,1140,492,South Dakota,1632
6/21/2017,7699,4072,Tennessee,11771
6/21/2017,19900,10013,Texas,29913
6/21/2017,558,491,Vermont,1049
6/21/2017,82,230,Virgin Islands,312
6/21/2017,9986,2880,Virginia,12866
6/21/2017,5216,1006,Washington,6222
6/21/2017,3542,821,West Virginia,4363
6/21/2017,8035,1877,Wisconsin,9912
6/21/2017,852,566,Wyoming,1418
6/17/2017,10179,1900,Arizona,12079
6/17/2017,1728,1635,Arkansas,3363
6/17/2017,42754,0,California,42754
6/17/2017,3433,3526,Colorado,6959
6/17/2017,5223,3044,Connecticut,8267
6/17/2017,2026,417,Delaware,2443
6/17/2017,1002,227,Dist. of Columbia,1229
6/17/2017,37755,11523,Florida,49278
6/17/2017,12721,1597,Georgia,14318
6/17/2017,2866,826,Idaho,3692
6/17/2017,11828,2465,Illinois,14293
6/17/2017,9425,2311,Indiana,11736
6/17/2017,3995,1832,Iowa,5827
6/17/2017,3908,554,Kansas,4462
6/17/2017,8022,1274,Kentucky,9296
6/17/2017,8211,2781,Louisiana,10992
6/17/2017,1134,1764,Maine,2898
6/17/2017,9393,1407,Maryland,10800
6/17/2017,9670,1321,Massachusetts,10991
6/17/2017,12770,1611,Michigan,14381
6/17/2017,6823,672,Minnesota,7495
6/17/2017,9928,963,Missouri,10891
6/17/2017,888,549,Montana,1437
6/17/2017,3680,696,Nebraska,4376
6/17/2017,3266,589,New Hampshire,3855
6/17/2017,17256,2526,New Jersey,19782
6/17/2017,2112,823,New Mexico,2935
6/17/2017,30843,3010,New York,33853
6/17/2017,11956,4797,North Carolina,16753
6/17/2017,593,656,North Dakota,1249
6/17/2017,9653,2877,Ohio,12530
6/17/2017,2280,2329,Oklahoma,4609
6/17/2017,3211,1193,Oregon,4404
6/17/2017,16769,6029,Pennsylvania,22798
6/17/2017,1271,9406,Puerto Rico,10677
6/17/2017,2592,787,Rhode Island,3379
6/17/2017,4908,4198,South Carolina,9106
6/17/2017,1034,443,South Dakota,1477
6/17/2017,7823,3961,Tennessee,11784
6/17/2017,19626,9270,Texas,28896
6/17/2017,591,497,Vermont,1088
6/17/2017,78,255,Virgin Islands,333
6/17/2017,9810,2499,Virginia,12309
6/17/2017,4498,848,Washington,5346
6/17/2017,3563,763,West Virginia,4326
6/17/2017,8106,1718,Wisconsin,9824
6/17/2017,680,471,Wyoming,1151
6/14/2017,9581,1819,Arizona,11400
6/14/2017,1293,1350,Arkansas,2643
6/14/2017,41966,0,California,41966
6/14/2017,3257,3172,Colorado,6429
6/14/2017,4394,2525,Connecticut,6919
6/14/2017,1837,354,Delaware,2191
6/14/2017,979,201,Dist. of Columbia,1180
6/14/2017,30935,9293,Florida,40228
6/14/2017,10891,1299,Georgia,12190
6/14/2017,2781,748,Idaho,3529
6/14/2017,11948,2331,Illinois,14279
6/14/2017,7571,1973,Indiana,9544
6/14/2017,3563,1618,Iowa,5181
6/14/2017,3354,472,Kansas,3826
6/14/2017,6843,1155,Kentucky,7998
6/14/2017,6958,2416,Louisiana,9374
6/14/2017,981,1502,Maine,2483
6/14/2017,8092,1255,Maryland,9347
6/14/2017,8454,1254,Massachusetts,9708
6/14/2017,11991,1431,Michigan,13422
6/14/2017,6066,584,Minnesota,6650
6/14/2017,8373,815,Missouri,9188
6/14/2017,910,553,Montana,1463
6/14/2017,3499,669,Nebraska,4168
6/14/2017,2852,512,New Hampshire,3364
6/14/2017,15532,2320,New Jersey,17852
6/14/2017,1914,703,New Mexico,2617
6/14/2017,26748,2643,New York,29391
6/14/2017,9776,4089,North Carolina,13865
6/14/2017,551,659,North Dakota,1210
6/14/2017,9368,2678,Ohio,12046
6/14/2017,1991,1807,Oklahoma,3798
6/14/2017,3061,1131,Oregon,4192
6/14/2017,14700,5444,Pennsylvania,20144
6/14/2017,822,6144,Puerto Rico,6966
6/14/2017,2407,709,Rhode Island,3116
6/14/2017,4131,3566,South Carolina,7697
6/14/2017,993,395,South Dakota,1388
6/14/2017,6688,3341,Tennessee,10029
6/14/2017,16844,7968,Texas,24812
6/14/2017,439,428,Vermont,867
6/14/2017,75,182,Virgin Islands,257
6/14/2017,8328,2093,Virginia,10421
6/14/2017,4375,772,Washington,5147
6/14/2017,3101,687,West Virginia,3788
6/14/2017,7188,1542,Wisconsin,8730
6/14/2017,753,522,Wyoming,1275
6/10/2017,61356,7920,Arizona,69276
6/10/2017,8305,6982,Arkansas,15287
6/10/2017,305601,0,California,305601
6/10/2017,20798,14736,Colorado,35534
6/10/2017,30870,12266,Connecticut,43136
6/10/2017,13111,1551,Delaware,14662
6/10/2017,4645,699,Dist. of Columbia,5344
6/10/2017,224982,50265,Florida,275247
6/10/2017,67700,6025,Georgia,73725
6/10/2017,9508,2273,Idaho,11781
6/10/2017,86446,11027,Illinois,97473
6/10/2017,48209,7887,Indiana,56096
6/10/2017,20741,6988,Iowa,27729
6/10/2017,15764,1687,Kansas,17451
6/10/2017,30303,3683,Kentucky,33986
6/10/2017,29641,7219,Louisiana,36860
6/10/2017,5036,3823,Maine,8859
6/10/2017,58988,5709,Maryland,64697
6/10/2017,93275,6961,Massachusetts,100236
6/10/2017,79332,6141,Michigan,85473
6/10/2017,32506,2036,Minnesota,34542
6/10/2017,48179,3066,Missouri,51245
6/10/2017,3383,1616,Montana,4999
6/10/2017,14256,2019,Nebraska,16275
6/10/2017,21403,2511,New Hampshire,23914
6/10/2017,149542,12347,New Jersey,161889
6/10/2017,8665,2783,New Mexico,11448
6/10/2017,234630,13435,New York,248065
6/10/2017,60243,17005,North Carolina,77248
6/10/2017,2872,2564,North Dakota,5436
6/10/2017,64411,12629,Ohio,77040
6/10/2017,10145,7325,Oklahoma,17470
6/10/2017,22032,4298,Oregon,26330
6/10/2017,124674,28961,Pennsylvania,153635
6/10/2017,2342,14241,Puerto Rico,16583
6/10/2017,13551,3065,Rhode Island,16616
6/10/2017,23094,14993,South Carolina,38087
6/10/2017,4311,1352,South Dakota,5663
6/10/2017,38156,14253,Tennessee,52409
6/10/2017,117796,39516,Texas,157312
6/10/2017,2303,1767,Vermont,4070
6/10/2017,326,611,Virgin Islands,937
6/10/2017,57114,10092,Virginia,67206
6/10/2017,31463,3852,Washington,35315
6/10/2017,15415,2381,West Virginia,17796
6/10/2017,41543,5655,Wisconsin,47198
6/10/2017,1921,1230,Wyoming,3151
6/7/2017,41889,6046,Arizona,47935
6/7/2017,5253,4360,Arkansas,9613
6/7/2017,210689,0,California,210689
6/7/2017,13294,9234,Colorado,22528
6/7/2017,21495,9226,Connecticut,30721
6/7/2017,8705,1207,Delaware,9912
6/7/2017,3425,567,Dist. of Columbia,3992
6/7/2017,139766,34793,Florida,174559
6/7/2017,43682,4497,Georgia,48179
6/7/2017,7339,1879,Idaho,9218
6/7/2017,58186,8406,Illinois,66592
6/7/2017,31388,5593,Indiana,36981
6/7/2017,14315,5020,Iowa,19335
6/7/2017,10664,1309,Kansas,11973
6/7/2017,21534,2999,Kentucky,24533
6/7/2017,19116,5408,Louisiana,24524
6/7/2017,3245,2420,Maine,5665
6/7/2017,40141,4382,Maryland,44523
6/7/2017,69737,5706,Massachusetts,75443
6/7/2017,58575,5170,Michigan,63745
6/7/2017,20830,1503,Minnesota,22333
6/7/2017,33004,2468,Missouri,35472
6/7/2017,2420,1297,Montana,3717
6/7/2017,10895,1701,Nebraska,12596
6/7/2017,13954,1860,New Hampshire,15814
6/7/2017,102811,9171,New Jersey,111982
6/7/2017,5953,2085,New Mexico,8038
6/7/2017,170171,11031,New York,181202
6/7/2017,37125,11548,North Carolina,48673
6/7/2017,2014,1821,North Dakota,3835
6/7/2017,43728,9344,Ohio,53072
6/7/2017,6767,5137,Oklahoma,11904
6/7/2017,14830,3079,Oregon,17909
6/7/2017,84695,21644,Pennsylvania,106339
6/7/2017,1840,11293,Puerto Rico,13133
6/7/2017,9298,2453,Rhode Island,11751
6/7/2017,13996,9748,South Carolina,23744
6/7/2017,2908,943,South Dakota,3851
6/7/2017,23243,9215,Tennessee,32458
6/7/2017,73701,25978,Texas,99679
6/7/2017,1618,1125,Vermont,2743
6/7/2017,211,467,Virgin Islands,678
6/7/2017,38281,7323,Virginia,45604
6/7/2017,21503,2903,Washington,24406
6/7/2017,10321,1811,West Virginia,12132
6/7/2017,27850,4390,Wisconsin,32240
6/7/2017,1480,972,Wyoming,2452
6/3/2017,30782,4358,Arizona,35140
6/3/2017,4416,3697,Arkansas,8113
6/3/2017,169614,0,California,169614
6/3/2017,10946,7845,Colorado,18791
6/3/2017,17828,7703,Connecticut,25531
6/3/2017,6628,939,Delaware,7567
6/3/2017,2341,368,Dist. of Columbia,2709
6/3/2017,110424,27096,Florida,137520
6/3/2017,37301,3756,Georgia,41057
6/3/2017,6046,1457,Idaho,7503
6/3/2017,45068,6453,Illinois,51521
6/3/2017,27684,5065,Indiana,32749
6/3/2017,11504,4010,Iowa,15514
6/3/2017,9735,1159,Kansas,10894
6/3/2017,19231,2592,Kentucky,21823
6/3/2017,18328,5049,Louisiana,23377
6/3/2017,3088,2487,Maine,5575
6/3/2017,32459,3563,Maryland,36022
6/3/2017,49031,3980,Massachusetts,53011
6/3/2017,45958,3940,Michigan,49898
6/3/2017,18513,1258,Minnesota,19771
6/3/2017,29957,2252,Missouri,32209
6/3/2017,2240,1143,Montana,3383
6/3/2017,9033,1417,Nebraska,10450
6/3/2017,11818,1562,New Hampshire,13380
6/3/2017,73590,6921,New Jersey,80511
6/3/2017,4748,1613,New Mexico,6361
6/3/2017,125032,8306,New York,133338
6/3/2017,33763,10092,North Carolina,43855
6/3/2017,1675,1430,North Dakota,3105
6/3/2017,36726,7508,Ohio,44234
6/3/2017,6133,4463,Oklahoma,10596
6/3/2017,12051,2812,Oregon,14863
6/3/2017,66992,17446,Pennsylvania,84438
6/3/2017,2002,13193,Puerto Rico,15195
6/3/2017,8144,2095,Rhode Island,10239
6/3/2017,11492,7945,South Carolina,19437
6/3/2017,2593,820,South Dakota,3413
6/3/2017,20490,8233,Tennessee,28723
6/3/2017,62320,22551,Texas,84871
6/3/2017,1428,987,Vermont,2415
6/3/2017,196,403,Virgin Islands,599
6/3/2017,29675,5786,Virginia,35461
6/3/2017,16743,2234,Washington,18977
6/3/2017,9473,1654,West Virginia,11127
6/3/2017,24136,3803,Wisconsin,27939
6/3/2017,1160,803,Wyoming,1963
5/31/2017,24129,3379,Arizona,27508
5/31/2017,3584,2831,Arkansas,6415
5/31/2017,153474,0,California,153474
5/31/2017,9477,6671,Colorado,16148
5/31/2017,14056,5895,Connecticut,19951
5/31/2017,5463,756,Delaware,6219
5/31/2017,2025,372,Dist. of Columbia,2397
5/31/2017,80704,19842,Florida,100546
5/31/2017,31543,3298,Georgia,34841
5/31/2017,5474,1325,Idaho,6799
5/31/2017,40325,5745,Illinois,46070
5/31/2017,21769,4081,Indiana,25850
5/31/2017,9259,3231,Iowa,12490
5/31/2017,7841,915,Kansas,8756
5/31/2017,16264,2220,Kentucky,18484
5/31/2017,14780,4111,Louisiana,18891
5/31/2017,2475,1835,Maine,4310
5/31/2017,26704,3034,Maryland,29738
5/31/2017,38664,3314,Massachusetts,41978
5/31/2017,40116,3606,Michigan,43722
5/31/2017,15899,1162,Minnesota,17061
5/31/2017,25094,1816,Missouri,26910
5/31/2017,1668,873,Montana,2541
5/31/2017,7669,1232,Nebraska,8901
5/31/2017,7912,1090,New Hampshire,9002
5/31/2017,57770,5636,New Jersey,63406
5/31/2017,4034,1302,New Mexico,5336
5/31/2017,95574,6809,New York,102383
5/31/2017,28436,7894,North Carolina,36330
5/31/2017,1490,1406,North Dakota,2896
5/31/2017,31153,6429,Ohio,37582
5/31/2017,5192,3840,Oklahoma,9032
5/31/2017,11290,2377,Oregon,13667
5/31/2017,50993,13147,Pennsylvania,64140
5/31/2017,1402,8752,Puerto Rico,10154
5/31/2017,6419,1707,Rhode Island,8126
5/31/2017,9798,6503,South Carolina,16301
5/31/2017,2171,752,South Dakota,2923
5/31/2017,17037,6586,Tennessee,23623
5/31/2017,52643,18814,Texas,71457
5/31/2017,1179,820,Vermont,1999
5/31/2017,176,335,Virgin Islands,511
5/31/2017,26089,5089,Virginia,31178
5/31/2017,16075,2218,Washington,18293
5/31/2017,7722,1266,West Virginia,8988
5/31/2017,18672,3130,Wisconsin,21802
5/31/2017,1184,798,Wyoming,1982
5/27/2017,21174,3293,Arizona,24467
5/27/2017,3297,2900,Arkansas,6197
5/27/2017,140351,0,California,140351
5/27/2017,8571,6277,Colorado,14848
5/27/2017,11548,5397,Connecticut,16945
5/27/2017,5110,735,Delaware,5845
5/27/2017,1839,353,Dist. of Columbia,2192
5/27/2017,76117,20430,Florida,96547
5/27/2017,28544,3109,Georgia,31653
5/27/2017,5079,1281,Idaho,6360
5/27/2017,33512,5329,Illinois,38841
5/27/2017,20999,4007,Indiana,25006
5/27/2017,9368,3408,Iowa,12776
5/27/2017,7537,920,Kansas,8457
5/27/2017,15619,2273,Kentucky,17892
5/27/2017,14358,4251,Louisiana,18609
5/27/2017,2262,1870,Maine,4132
5/27/2017,24162,3070,Maryland,27232
5/27/2017,26984,2934,Massachusetts,29918
5/27/2017,33080,3228,Michigan,36308
5/27/2017,14733,1182,Minnesota,15915
5/27/2017,21776,1771,Missouri,23547
5/27/2017,1456,750,Montana,2206
5/27/2017,7293,1259,Nebraska,8552
5/27/2017,6724,1043,New Hampshire,7767
5/27/2017,48771,5305,New Jersey,54076
5/27/2017,3832,1452,New Mexico,5284
5/27/2017,81260,6269,New York,87529
5/27/2017,26517,8026,North Carolina,34543
5/27/2017,1319,1310,North Dakota,2629
5/27/2017,27032,6019,Ohio,33051
5/27/2017,4800,3866,Oklahoma,8666
5/27/2017,9974,2237,Oregon,12211
5/27/2017,46749,12922,Pennsylvania,59671
5/27/2017,1805,12132,Puerto Rico,13937
5/27/2017,5943,1548,Rhode Island,7491
5/27/2017,9475,6647,South Carolina,16122
5/27/2017,2055,769,South Dakota,2824
5/27/2017,16194,6843,Tennessee,23037
5/27/2017,48350,18344,Texas,66694
5/27/2017,1037,776,Vermont,1813
5/27/2017,171,357,Virgin Islands,528
5/27/2017,23068,4863,Virginia,27931
5/27/2017,12942,1904,Washington,14846
5/27/2017,6980,1265,West Virginia,8245
5/27/2017,17102,3042,Wisconsin,20144
5/27/2017,1096,755,Wyoming,1851
5/24/2017,18769,2741,Arizona,21510
5/24/2017,2632,2321,Arkansas,4953
5/24/2017,124806,0,California,124806
5/24/2017,7133,5196,Colorado,12329
5/24/2017,9526,4388,Connecticut,13914
5/24/2017,3926,639,Delaware,4565
5/24/2017,1862,333,Dist. of Columbia,2195
5/24/2017,55673,15262,Florida,70935
5/24/2017,23214,2628,Georgia,25842
5/24/2017,4385,1166,Idaho,5551
5/24/2017,30448,4696,Illinois,35144
5/24/2017,16455,3256,Indiana,19711
5/24/2017,7906,2784,Iowa,10690
5/24/2017,6257,835,Kansas,7092
5/24/2017,12433,1807,Kentucky,14240
5/24/2017,11803,3495,Louisiana,15298
5/24/2017,1755,1470,Maine,3225
5/24/2017,19179,2489,Maryland,21668
5/24/2017,20763,2266,Massachusetts,23029
5/24/2017,28221,2941,Michigan,31162
5/24/2017,12919,985,Minnesota,13904
5/24/2017,19094,1498,Missouri,20592
5/24/2017,1262,683,Montana,1945
5/24/2017,6481,1051,Nebraska,7532
5/24/2017,5043,820,New Hampshire,5863
5/24/2017,42859,4763,New Jersey,47622
5/24/2017,3257,1111,New Mexico,4368
5/24/2017,72060,5634,New York,77694
5/24/2017,21201,6534,North Carolina,27735
5/24/2017,1214,1043,North Dakota,2257
5/24/2017,23641,5172,Ohio,28813
5/24/2017,3987,3186,Oklahoma,7173
5/24/2017,8710,2026,Oregon,10736
5/24/2017,37397,10402,Pennsylvania,47799
5/24/2017,1357,8815,Puerto Rico,10172
5/24/2017,4341,1209,Rhode Island,5550
5/24/2017,7177,5440,South Carolina,12617
5/24/2017,1855,637,South Dakota,2492
5/24/2017,12806,5151,Tennessee,17957
5/24/2017,39218,14801,Texas,54019
5/24/2017,883,664,Vermont,1547
5/24/2017,110,291,Virgin Islands,401
5/24/2017,19003,4258,Virginia,23261
5/24/2017,12152,1741,Washington,13893
5/24/2017,5205,982,West Virginia,6187
5/24/2017,14714,2550,Wisconsin,17264
5/24/2017,923,726,Wyoming,1649
5/20/2017,17734,2872,Arizona,20606
5/20/2017,2770,2356,Arkansas,5126
5/20/2017,119018,0,California,119018
5/20/2017,7476,5702,Colorado,13178
5/20/2017,9800,4736,Connecticut,14536
5/20/2017,4100,605,Delaware,4705
5/20/2017,1624,383,Dist. of Columbia,2007
5/20/2017,64242,17906,Florida,82148
5/20/2017,24436,2850,Georgia,27286
5/20/2017,4354,1174,Idaho,5528
5/20/2017,29365,4798,Illinois,34163
5/20/2017,17513,3631,Indiana,21144
5/20/2017,7683,2947,Iowa,10630
5/20/2017,7037,831,Kansas,7868
5/20/2017,13409,1939,Kentucky,15348
5/20/2017,12371,3757,Louisiana,16128
5/20/2017,2033,1890,Maine,3923
5/20/2017,18921,2655,Maryland,21576
5/20/2017,21103,2480,Massachusetts,23583
5/20/2017,28665,3025,Michigan,31690
5/20/2017,12685,1038,Minnesota,13723
5/20/2017,18816,1518,Missouri,20334
5/20/2017,1343,730,Montana,2073
5/20/2017,6578,1147,Nebraska,7725
5/20/2017,5836,994,New Hampshire,6830
5/20/2017,41360,4799,New Jersey,46159
5/20/2017,3595,1245,New Mexico,4840
5/20/2017,69527,5969,New York,75496
5/20/2017,22880,7190,North Carolina,30070
5/20/2017,1146,1152,North Dakota,2298
5/20/2017,22540,5363,Ohio,27903
5/20/2017,4117,3364,Oklahoma,7481
5/20/2017,8257,2035,Oregon,10292
5/20/2017,38682,11164,Pennsylvania,49846
5/20/2017,1641,11329,Puerto Rico,12970
5/20/2017,4496,1230,Rhode Island,5726
5/20/2017,8324,6171,South Carolina,14495
5/20/2017,1900,664,South Dakota,2564
5/20/2017,14437,6264,Tennessee,20701
5/20/2017,41440,16450,Texas,57890
5/20/2017,909,746,Vermont,1655
5/20/2017,154,333,Virgin Islands,487
5/20/2017,20151,4456,Virginia,24607
5/20/2017,11083,1628,Washington,12711
5/20/2017,5693,1015,West Virginia,6708
5/20/2017,14618,2595,Wisconsin,17213
5/20/2017,890,738,Wyoming,1628
5/17/2017,15581,2534,Arizona,18115
5/17/2017,2458,2199,Arkansas,4657
5/17/2017,112728,0,California,112728
5/17/2017,7103,5414,Colorado,12517
5/17/2017,8823,4111,Connecticut,12934
5/17/2017,3561,586,Delaware,4147
5/17/2017,1586,303,Dist. of Columbia,1889
5/17/2017,56138,15749,Florida,71887
5/17/2017,21577,2582,Georgia,24159
5/17/2017,4139,1059,Idaho,5198
5/17/2017,26878,4571,Illinois,31449
5/17/2017,14554,3074,Indiana,17628
5/17/2017,6217,2303,Iowa,8520
5/17/2017,6102,804,Kansas,6906
5/17/2017,11902,1822,Kentucky,13724
5/17/2017,11495,3557,Louisiana,15052
5/17/2017,1641,1497,Maine,3138
5/17/2017,16803,2361,Maryland,19164
5/17/2017,19009,2203,Massachusetts,21212
5/17/2017,24355,2620,Michigan,26975
5/17/2017,12129,956,Minnesota,13085
5/17/2017,16723,1376,Missouri,18099
5/17/2017,1217,669,Montana,1886
5/17/2017,5814,925,Nebraska,6739
5/17/2017,4599,748,New Hampshire,5347
5/17/2017,37475,4344,New Jersey,41819
5/17/2017,3336,1228,New Mexico,4564
5/17/2017,62701,5080,New York,67781
5/17/2017,20939,6561,North Carolina,27500
5/17/2017,1094,1085,North Dakota,2179
5/17/2017,20254,4728,Ohio,24982
5/17/2017,3829,3093,Oklahoma,6922
5/17/2017,8388,2039,Oregon,10427
5/17/2017,34119,9802,Pennsylvania,43921
5/17/2017,1399,8713,Puerto Rico,10112
5/17/2017,3605,1037,Rhode Island,4642
5/17/2017,7238,5470,South Carolina,12708
5/17/2017,1726,638,South Dakota,2364
5/17/2017,12402,5219,Tennessee,17621
5/17/2017,38557,14953,Texas,53510
5/17/2017,788,614,Vermont,1402
5/17/2017,123,280,Virgin Islands,403
5/17/2017,17774,3959,Virginia,21733
5/17/2017,11119,1760,Washington,12879
5/17/2017,4947,961,West Virginia,5908
5/17/2017,13130,2431,Wisconsin,15561
5/17/2017,868,665,Wyoming,1533
5/13/2017,14441,2285,Arizona,16726
5/13/2017,2216,2032,Arkansas,4248
5/13/2017,87352,0,California,87352
5/13/2017,6306,4853,Colorado,11159
5/13/2017,8243,4138,Connecticut,12381
5/13/2017,3220,550,Delaware,3770
5/13/2017,1398,304,Dist. of Columbia,1702
5/13/2017,54818,15282,Florida,70100
5/13/2017,18698,2176,Georgia,20874
5/13/2017,3502,926,Idaho,4428
5/13/2017,21581,3686,Illinois,25267
5/13/2017,12908,2787,Indiana,15695
5/13/2017,5879,2380,Iowa,8259
5/13/2017,5702,751,Kansas,6453
5/13/2017,11572,1700,Kentucky,13272
5/13/2017,10351,3245,Louisiana,13596
5/13/2017,1626,1607,Maine,3233
5/13/2017,15046,2168,Maryland,17214
5/13/2017,16600,1839,Massachusetts,18439
5/13/2017,19396,2167,Michigan,21563
5/13/2017,10841,899,Minnesota,11740
5/13/2017,14856,1220,Missouri,16076
5/13/2017,1126,648,Montana,1774
5/13/2017,5320,1004,Nebraska,6324
5/13/2017,4566,739,New Hampshire,5305
5/13/2017,31022,3804,New Jersey,34826
5/13/2017,3075,1081,New Mexico,4156
5/13/2017,51638,4417,New York,56055
5/13/2017,19365,6391,North Carolina,25756
5/13/2017,902,916,North Dakota,1818
5/13/2017,17892,4493,Ohio,22385
5/13/2017,3699,3058,Oklahoma,6757
5/13/2017,6610,1753,Oregon,8363
5/13/2017,31486,9699,Pennsylvania,41185
5/13/2017,1591,11420,Puerto Rico,13011
5/13/2017,3791,1019,Rhode Island,4810
5/13/2017,6839,5337,South Carolina,12176
5/13/2017,1530,643,South Dakota,2173
5/13/2017,11490,5033,Tennessee,16523
5/13/2017,34148,13248,Texas,47396
5/13/2017,761,651,Vermont,1412
5/13/2017,110,254,Virgin Islands,364
5/13/2017,15471,3384,Virginia,18855
5/13/2017,9011,1357,Washington,10368
5/13/2017,4793,903,West Virginia,5696
5/13/2017,11849,2365,Wisconsin,14214
5/13/2017,720,600,Wyoming,1320
5/10/2017,13535,2296,Arizona,15831
5/10/2017,2072,1859,Arkansas,3931
5/10/2017,84412,0,California,84412
5/10/2017,5672,4477,Colorado,10149
5/10/2017,7557,3664,Connecticut,11221
5/10/2017,2914,513,Delaware,3427
5/10/2017,1487,287,Dist. of Columbia,1774
5/10/2017,46983,13583,Florida,60566
5/10/2017,17999,2301,Georgia,20300
5/10/2017,3476,864,Idaho,4340
5/10/2017,20144,3556,Illinois,23700
5/10/2017,11051,2565,Indiana,13616
5/10/2017,5338,2138,Iowa,7476
5/10/2017,4977,639,Kansas,5616
5/10/2017,9859,1650,Kentucky,11509
5/10/2017,9809,3216,Louisiana,13025
5/10/2017,1304,1357,Maine,2661
5/10/2017,12784,2001,Maryland,14785
5/10/2017,15162,1877,Massachusetts,17039
5/10/2017,18053,2167,Michigan,20220
5/10/2017,9899,901,Minnesota,10800
5/10/2017,13556,1204,Missouri,14760
5/10/2017,1097,617,Montana,1714
5/10/2017,4993,914,Nebraska,5907
5/10/2017,3951,692,New Hampshire,4643
5/10/2017,29791,3674,New Jersey,33465
5/10/2017,2914,1042,New Mexico,3956
5/10/2017,51503,4730,New York,56233
5/10/2017,16775,5756,North Carolina,22531
5/10/2017,825,864,North Dakota,1689
5/10/2017,16367,4104,Ohio,20471
5/10/2017,3274,2739,Oklahoma,6013
5/10/2017,6172,1552,Oregon,7724
5/10/2017,26895,8607,Pennsylvania,35502
5/10/2017,1245,8090,Puerto Rico,9335
5/10/2017,3042,937,Rhode Island,3979
5/10/2017,6132,4866,South Carolina,10998
5/10/2017,1432,591,South Dakota,2023
5/10/2017,9969,4536,Tennessee,14505
5/10/2017,29870,12303,Texas,42173
5/10/2017,690,580,Vermont,1270
5/10/2017,103,262,Virgin Islands,365
5/10/2017,14528,3317,Virginia,17845
5/10/2017,8745,1437,Washington,10182
5/10/2017,4200,823,West Virginia,5023
5/10/2017,10967,2171,Wisconsin,13138
5/10/2017,776,577,Wyoming,1353
5/6/2017,13437,2260,Arizona,15697
5/6/2017,2181,2025,Arkansas,4206
5/6/2017,70883,0,California,70883
5/6/2017,5717,4480,Colorado,10197
5/6/2017,7183,3755,Connecticut,10938
5/6/2017,2952,521,Delaware,3473
5/6/2017,1351,289,Dist. of Columbia,1640
5/6/2017,48794,13669,Florida,62463
5/6/2017,17342,2085,Georgia,19427
5/6/2017,3390,933,Idaho,4323
5/6/2017,19526,3463,Illinois,22989
5/6/2017,12813,2824,Indiana,15637
5/6/2017,5523,2250,Iowa,7773
5/6/2017,5091,852,Kansas,5943
5/6/2017,10615,1561,Kentucky,12176
5/6/2017,10238,3102,Louisiana,13340
5/6/2017,1554,1466,Maine,3020
5/6/2017,12317,1759,Maryland,14076
5/6/2017,14184,1684,Massachusetts,15868
5/6/2017,17975,1976,Michigan,19951
5/6/2017,9927,831,Minnesota,10758
5/6/2017,14068,1198,Missouri,15266
5/6/2017,1092,670,Montana,1762
5/6/2017,4907,853,Nebraska,5760
5/6/2017,4224,671,New Hampshire,4895
5/6/2017,27018,3367,New Jersey,30385
5/6/2017,3001,1038,New Mexico,4039
5/6/2017,46574,3859,New York,50433
5/6/2017,14999,5612,North Carolina,20611
5/6/2017,847,829,North Dakota,1676
5/6/2017,14374,3795,Ohio,18169
5/6/2017,3412,2819,Oklahoma,6231
5/6/2017,5670,1572,Oregon,7242
5/6/2017,27158,8327,Pennsylvania,35485
5/6/2017,1379,10799,Puerto Rico,12178
5/6/2017,3062,892,Rhode Island,3954
5/6/2017,6290,5096,South Carolina,11386
5/6/2017,1353,497,South Dakota,1850
5/6/2017,9987,4729,Tennessee,14716
5/6/2017,29818,12258,Texas,42076
5/6/2017,724,575,Vermont,1299
5/6/2017,113,272,Virgin Islands,385
5/6/2017,14238,3078,Virginia,17316
5/6/2017,8071,1208,Washington,9279
5/6/2017,4742,866,West Virginia,5608
5/6/2017,11358,2232,Wisconsin,13590
5/6/2017,692,577,Wyoming,1269
5/3/2017,12739,2181,Arizona,14920
5/3/2017,1857,1775,Arkansas,3632
5/3/2017,68548,0,California,68548
5/3/2017,5398,4400,Colorado,9798
5/3/2017,6695,3497,Connecticut,10192
5/3/2017,2656,488,Delaware,3144
5/3/2017,1375,317,Dist. of Columbia,1692
5/3/2017,44392,13143,Florida,57535
5/3/2017,17165,2435,Georgia,19600
5/3/2017,3210,858,Idaho,4068
5/3/2017,18886,3474,Illinois,22360
5/3/2017,10357,2510,Indiana,12867
5/3/2017,5002,2070,Iowa,7072
5/3/2017,4747,633,Kansas,5380
5/3/2017,9409,1525,Kentucky,10934
5/3/2017,8818,3038,Louisiana,11856
5/3/2017,1330,1267,Maine,2597
5/3/2017,11839,1875,Maryland,13714
5/3/2017,13611,1762,Massachusetts,15373
5/3/2017,16426,2113,Michigan,18539
5/3/2017,9335,813,Minnesota,10148
5/3/2017,12469,1200,Missouri,13669
5/3/2017,983,560,Montana,1543
5/3/2017,4687,872,Nebraska,5559
5/3/2017,3758,628,New Hampshire,4386
5/3/2017,26586,3374,New Jersey,29960
5/3/2017,2654,1101,New Mexico,3755
5/3/2017,46003,4343,New York,50346
5/3/2017,14135,5246,North Carolina,19381
5/3/2017,736,835,North Dakota,1571
5/3/2017,13748,3636,Ohio,17384
5/3/2017,2966,2655,Oklahoma,5621
5/3/2017,5773,1565,Oregon,7338
5/3/2017,24465,7782,Pennsylvania,32247
5/3/2017,1135,8321,Puerto Rico,9456
5/3/2017,2874,900,Rhode Island,3774
5/3/2017,5825,4703,South Carolina,10528
5/3/2017,1336,478,South Dakota,1814
5/3/2017,9320,4347,Tennessee,13667
5/3/2017,28160,11603,Texas,39763
5/3/2017,619,477,Vermont,1096
5/3/2017,110,254,Virgin Islands,364
5/3/2017,13452,3280,Virginia,16732
5/3/2017,8329,1314,Washington,9643
5/3/2017,4030,864,West Virginia,4894
5/3/2017,10066,2108,Wisconsin,12174
5/3/2017,765,555,Wyoming,1320
4/29/2017,13258,2293,Arizona,15551
4/29/2017,2087,2172,Arkansas,4259
4/29/2017,64726,0,California,64726
4/29/2017,5155,4503,Colorado,9658
4/29/2017,7101,3798,Connecticut,10899
4/29/2017,2837,569,Delaware,3406
4/29/2017,1315,295,Dist. of Columbia,1610
4/29/2017,50081,14693,Florida,64774
4/29/2017,17800,2329,Georgia,20129
4/29/2017,3261,930,Idaho,4191
4/29/2017,17642,3486,Illinois,21128
4/29/2017,11812,2785,Indiana,14597
4/29/2017,5446,2260,Iowa,7706
4/29/2017,5696,716,Kansas,6412
4/29/2017,9789,1572,Kentucky,11361
4/29/2017,9907,3343,Louisiana,13250
4/29/2017,1579,1538,Maine,3117
4/29/2017,12255,1979,Maryland,14234
4/29/2017,14145,1951,Massachusetts,16096
4/29/2017,17175,2089,Michigan,19264
4/29/2017,9662,897,Minnesota,10559
4/29/2017,13154,1193,Missouri,14347
4/29/2017,1114,669,Montana,1783
4/29/2017,4930,912,Nebraska,5842
4/29/2017,4212,791,New Hampshire,5003
4/29/2017,25767,3481,New Jersey,29248
4/29/2017,2937,1017,New Mexico,3954
4/29/2017,47133,4592,New York,51725
4/29/2017,15191,6095,North Carolina,21286
4/29/2017,765,848,North Dakota,1613
4/29/2017,13992,3930,Ohio,17922
4/29/2017,2978,2945,Oklahoma,5923
4/29/2017,5236,1553,Oregon,6789
4/29/2017,25571,8654,Pennsylvania,34225
4/29/2017,1561,11007,Puerto Rico,12568
4/29/2017,3268,1026,Rhode Island,4294
4/29/2017,6480,5254,South Carolina,11734
4/29/2017,1385,579,South Dakota,1964
4/29/2017,10177,4939,Tennessee,15116
4/29/2017,28513,12556,Texas,41069
4/29/2017,681,639,Vermont,1320
4/29/2017,118,242,Virgin Islands,360
4/29/2017,14096,3492,Virginia,17588
4/29/2017,7425,1206,Washington,8631
4/29/2017,4129,820,West Virginia,4949
4/29/2017,10437,2097,Wisconsin,12534
4/29/2017,633,511,Wyoming,1144
4/26/2017,11709,2176,Arizona,13885
4/26/2017,1676,1532,Arkansas,3208
4/26/2017,60307,0,California,60307
4/26/2017,4899,4255,Colorado,9154
4/26/2017,6667,3420,Connecticut,10087
4/26/2017,2359,486,Delaware,2845
4/26/2017,1314,296,Dist. of Columbia,1610
4/26/2017,42989,12895,Florida,55884
4/26/2017,14008,1941,Georgia,15949
4/26/2017,3063,841,Idaho,3904
4/26/2017,16784,3181,Illinois,19965
4/26/2017,10017,2476,Indiana,12493
4/26/2017,4942,2102,Iowa,7044
4/26/2017,5643,620,Kansas,6263
4/26/2017,8717,1391,Kentucky,10108
4/26/2017,8837,2931,Louisiana,11768
4/26/2017,1290,1276,Maine,2566
4/26/2017,10504,1688,Maryland,12192
4/26/2017,11893,1535,Massachusetts,13428
4/26/2017,14671,1839,Michigan,16510
4/26/2017,9059,879,Minnesota,9938
4/26/2017,12796,1178,Missouri,13974
4/26/2017,1019,621,Montana,1640
4/26/2017,4712,913,Nebraska,5625
4/26/2017,3627,654,New Hampshire,4281
4/26/2017,23279,3123,New Jersey,26402
4/26/2017,2640,966,New Mexico,3606
4/26/2017,41662,4163,New York,45825
4/26/2017,12125,4874,North Carolina,16999
4/26/2017,729,806,North Dakota,1535
4/26/2017,12339,3458,Ohio,15797
4/26/2017,2720,2515,Oklahoma,5235
4/26/2017,5176,1559,Oregon,6735
4/26/2017,22653,7518,Pennsylvania,30171
4/26/2017,1146,8252,Puerto Rico,9398
4/26/2017,2968,922,Rhode Island,3890
4/26/2017,5285,4274,South Carolina,9559
4/26/2017,1378,513,South Dakota,1891
4/26/2017,8455,3912,Tennessee,12367
4/26/2017,25072,11198,Texas,36270
4/26/2017,603,533,Vermont,1136
4/26/2017,91,224,Virgin Islands,315
4/26/2017,11609,2840,Virginia,14449
4/26/2017,6999,1132,Washington,8131
4/26/2017,4093,783,West Virginia,4876
4/26/2017,9769,2110,Wisconsin,11879
4/26/2017,665,494,Wyoming,1159
4/22/2017,11473,2037,Arizona,13510
4/22/2017,1730,1695,Arkansas,3425
4/22/2017,52202,0,California,52202
4/22/2017,4355,4074,Colorado,8429
4/22/2017,6018,3282,Connecticut,9300
4/22/2017,2401,459,Delaware,2860
4/22/2017,1185,300,Dist. of Columbia,1485
4/22/2017,42759,12365,Florida,55124
4/22/2017,14850,1927,Georgia,16777
4/22/2017,2960,834,Idaho,3794
4/22/2017,14753,2870,Illinois,17623
4/22/2017,10243,2505,Indiana,12748
4/22/2017,4670,2060,Iowa,6730
4/22/2017,5467,644,Kansas,6111
4/22/2017,8483,1381,Kentucky,9864
4/22/2017,8595,2866,Louisiana,11461
4/22/2017,1283,1385,Maine,2668
4/22/2017,10610,1677,Maryland,12287
4/22/2017,11086,1544,Massachusetts,12630
4/22/2017,14035,1830,Michigan,15865
4/22/2017,7985,751,Minnesota,8736
4/22/2017,11273,1155,Missouri,12428
4/22/2017,1007,561,Montana,1568
4/22/2017,4204,866,Nebraska,5070
4/22/2017,3657,632,New Hampshire,4289
4/22/2017,20157,2744,New Jersey,22901
4/22/2017,2513,884,New Mexico,3397
4/22/2017,37735,3752,New York,41487
4/22/2017,12743,5124,North Carolina,17867
4/22/2017,638,747,North Dakota,1385
4/22/2017,11453,3201,Ohio,14654
4/22/2017,2706,2616,Oklahoma,5322
4/22/2017,4414,1307,Oregon,5721
4/22/2017,20413,6898,Pennsylvania,27311
4/22/2017,1317,9846,Puerto Rico,11163
4/22/2017,3140,955,Rhode Island,4095
4/22/2017,5605,4398,South Carolina,10003
4/22/2017,1218,495,South Dakota,1713
4/22/2017,8255,4134,Tennessee,12389
4/22/2017,23375,10238,Texas,33613
4/22/2017,593,509,Vermont,1102
4/22/2017,112,286,Virgin Islands,398
4/22/2017,11687,2844,Virginia,14531
4/22/2017,6192,1038,Washington,7230
4/22/2017,3802,731,West Virginia,4533
4/22/2017,9125,1905,Wisconsin,11030
4/22/2017,590,470,Wyoming,1060
4/19/2017,10015,1817,Arizona,11832
4/19/2017,1517,1584,Arkansas,3101
4/19/2017,48031,0,California,48031
4/19/2017,3801,3462,Colorado,7263
4/19/2017,5218,2761,Connecticut,7979
4/19/2017,1963,367,Delaware,2330
4/19/2017,1130,245,Dist. of Columbia,1375
4/19/2017,33441,10195,Florida,43636
4/19/2017,12656,1778,Georgia,14434
4/19/2017,2740,773,Idaho,3513
4/19/2017,13446,2664,Illinois,16110
4/19/2017,7832,2046,Indiana,9878
4/19/2017,3986,1746,Iowa,5732
4/19/2017,3597,490,Kansas,4087
4/19/2017,6886,1220,Kentucky,8106
4/19/2017,7406,2493,Louisiana,9899
4/19/2017,1011,933,Maine,1944
4/19/2017,8886,1648,Maryland,10534
4/19/2017,8883,1329,Massachusetts,10212
4/19/2017,11877,1626,Michigan,13503
4/19/2017,6734,697,Minnesota,7431
4/19/2017,10641,948,Missouri,11589
4/19/2017,911,573,Montana,1484
4/19/2017,3744,884,Nebraska,4628
4/19/2017,2800,533,New Hampshire,3333
4/19/2017,17795,2690,New Jersey,20485
4/19/2017,2088,826,New Mexico,2914
4/19/2017,32887,3446,New York,36333
4/19/2017,10101,4401,North Carolina,14502
4/19/2017,559,656,North Dakota,1215
4/19/2017,9670,2775,Ohio,12445
4/19/2017,2241,2166,Oklahoma,4407
4/19/2017,3766,1221,Oregon,4987
4/19/2017,16490,5784,Pennsylvania,22274
4/19/2017,1047,7550,Puerto Rico,8597
4/19/2017,2295,728,Rhode Island,3023
4/19/2017,4527,3894,South Carolina,8421
4/19/2017,1175,377,South Dakota,1552
4/19/2017,7069,3414,Tennessee,10483
4/19/2017,19323,8704,Texas,28027
4/19/2017,474,431,Vermont,905
4/19/2017,90,241,Virgin Islands,331
4/19/2017,9825,2606,Virginia,12431
4/19/2017,5879,971,Washington,6850
4/19/2017,3068,610,West Virginia,3678
4/19/2017,7729,1734,Wisconsin,9463
4/19/2017,591,488,Wyoming,1079
4/15/2017,12306,2322,Arizona,14628
4/15/2017,1908,1948,Arkansas,3856
4/15/2017,51263,0,California,51263
4/15/2017,4559,4278,Colorado,8837
4/15/2017,6239,3570,Connecticut,9809
4/15/2017,2588,525,Delaware,3113
4/15/2017,1204,270,Dist. of Columbia,1474
4/15/2017,47014,14390,Florida,61404
4/15/2017,15492,2143,Georgia,17635
4/15/2017,3117,1002,Idaho,4119
4/15/2017,14826,2990,Illinois,17816
4/15/2017,10642,2701,Indiana,13343
4/15/2017,4806,2239,Iowa,7045
4/15/2017,4525,682,Kansas,5207
4/15/2017,8751,1506,Kentucky,10257
4/15/2017,8527,2973,Louisiana,11500
4/15/2017,1302,1318,Maine,2620
4/15/2017,10916,1753,Maryland,12669
4/15/2017,11583,1803,Massachusetts,13386
4/15/2017,14585,1897,Michigan,16482
4/15/2017,8070,869,Minnesota,8939
4/15/2017,11981,1206,Missouri,13187
4/15/2017,1159,650,Montana,1809
4/15/2017,4538,851,Nebraska,5389
4/15/2017,3889,768,New Hampshire,4657
4/15/2017,19773,3010,New Jersey,22783
4/15/2017,2687,1071,New Mexico,3758
4/15/2017,36864,3840,New York,40704
4/15/2017,13303,5557,North Carolina,18860
4/15/2017,661,735,North Dakota,1396
4/15/2017,11812,3690,Ohio,15502
4/15/2017,2841,2853,Oklahoma,5694
4/15/2017,3891,1344,Oregon,5235
4/15/2017,21208,7572,Pennsylvania,28780
4/15/2017,1088,8114,Puerto Rico,9202
4/15/2017,3215,1035,Rhode Island,4250
4/15/2017,5963,4963,South Carolina,10926
4/15/2017,1295,512,South Dakota,1807
4/15/2017,8781,4412,Tennessee,13193
4/15/2017,24118,11120,Texas,35238
4/15/2017,651,569,Vermont,1220
4/15/2017,107,245,Virgin Islands,352
4/15/2017,11802,3128,Virginia,14930
4/15/2017,6264,1129,Washington,7393
4/15/2017,3799,872,West Virginia,4671
4/15/2017,9327,2023,Wisconsin,11350
4/15/2017,668,499,Wyoming,1167
4/12/2017,9626,1584,Arizona,11210
4/12/2017,1399,1388,Arkansas,2787
4/12/2017,40800,0,California,40800
4/12/2017,3484,3219,Colorado,6703
4/12/2017,4646,2694,Connecticut,7340
4/12/2017,1896,352,Delaware,2248
4/12/2017,1044,230,Dist. of Columbia,1274
4/12/2017,31948,9802,Florida,41750
4/12/2017,10604,1413,Georgia,12017
4/12/2017,2468,700,Idaho,3168
4/12/2017,11913,2323,Illinois,14236
4/12/2017,7603,1959,Indiana,9562
4/12/2017,3748,1644,Iowa,5392
4/12/2017,3576,458,Kansas,4034
4/12/2017,6783,1223,Kentucky,8006
4/12/2017,6800,2430,Louisiana,9230
4/12/2017,935,1002,Maine,1937
4/12/2017,8000,1211,Maryland,9211
4/12/2017,8246,1191,Massachusetts,9437
4/12/2017,10663,1420,Michigan,12083
4/12/2017,6613,651,Minnesota,7264
4/12/2017,9012,908,Missouri,9920
4/12/2017,920,507,Montana,1427
4/12/2017,3547,703,Nebraska,4250
4/12/2017,2806,496,New Hampshire,3302
4/12/2017,15641,2303,New Jersey,17944
4/12/2017,2051,708,New Mexico,2759
4/12/2017,27406,2805,New York,30211
4/12/2017,9197,4055,North Carolina,13252
4/12/2017,512,628,North Dakota,1140
4/12/2017,8855,2601,Ohio,11456
4/12/2017,2096,2066,Oklahoma,4162
4/12/2017,3064,1106,Oregon,4170
4/12/2017,15548,5700,Pennsylvania,21248
4/12/2017,995,6875,Puerto Rico,7870
4/12/2017,2285,750,Rhode Island,3035
4/12/2017,4065,3495,South Carolina,7560
4/12/2017,1061,416,South Dakota,1477
4/12/2017,6595,3209,Tennessee,9804
4/12/2017,17640,8100,Texas,25740
4/12/2017,468,409,Vermont,877
4/12/2017,77,240,Virgin Islands,317
4/12/2017,8447,2201,Virginia,10648
4/12/2017,5075,879,Washington,5954
4/12/2017,3138,652,West Virginia,3790
4/12/2017,7444,1608,Wisconsin,9052
4/12/2017,588,451,Wyoming,1039
4/8/2017,10405,1810,Arizona,12215
4/8/2017,1657,1687,Arkansas,3344
4/8/2017,45205,0,California,45205
4/8/2017,3543,3487,Colorado,7030
4/8/2017,5268,3037,Connecticut,8305
4/8/2017,2039,386,Delaware,2425
4/8/2017,1066,258,Dist. of Columbia,1324
4/8/2017,37452,11477,Florida,48929
4/8/2017,13264,1862,Georgia,15126
4/8/2017,2629,794,Idaho,3423
4/8/2017,12711,2570,Illinois,15281
4/8/2017,8797,2237,Indiana,11034
4/8/2017,3894,1827,Iowa,5721
4/8/2017,3753,500,Kansas,4253
4/8/2017,7446,1336,Kentucky,8782
4/8/2017,7674,2687,Louisiana,10361
4/8/2017,1054,1115,Maine,2169
4/8/2017,9307,1577,Maryland,10884
4/8/2017,9363,1311,Massachusetts,10674
4/8/2017,12073,1595,Michigan,13668
4/8/2017,6770,676,Minnesota,7446
4/8/2017,10097,977,Missouri,11074
4/8/2017,836,579,Montana,1415
4/8/2017,3828,751,Nebraska,4579
4/8/2017,3135,609,New Hampshire,3744
4/8/2017,17557,2753,New Jersey,20310
4/8/2017,2183,831,New Mexico,3014
4/8/2017,32598,3402,New York,36000
4/8/2017,11272,5042,North Carolina,16314
4/8/2017,519,655,North Dakota,1174
4/8/2017,10252,3130,Ohio,13382
4/8/2017,2312,2342,Oklahoma,4654
4/8/2017,3100,1125,Oregon,4225
4/8/2017,17309,6393,Pennsylvania,23702
4/8/2017,1217,9460,Puerto Rico,10677
4/8/2017,2620,902,Rhode Island,3522
4/8/2017,5005,4519,South Carolina,9524
4/8/2017,1044,435,South Dakota,1479
4/8/2017,7479,3704,Tennessee,11183
4/8/2017,19776,9524,Texas,29300
4/8/2017,507,443,Vermont,950
4/8/2017,84,258,Virgin Islands,342
4/8/2017,9805,2554,Virginia,12359
4/8/2017,4793,943,Washington,5736
4/8/2017,3264,737,West Virginia,4001
4/8/2017,7818,1705,Wisconsin,9523
4/8/2017,563,447,Wyoming,1010
4/5/2017,10372,2040,Arizona,12412
4/5/2017,1589,1674,Arkansas,3263
4/5/2017,44375,0,California,44375
4/5/2017,3407,3435,Colorado,6842
4/5/2017,5369,3214,Connecticut,8583
4/5/2017,2063,428,Delaware,2491
4/5/2017,1112,227,Dist. of Columbia,1339
4/5/2017,37038,12020,Florida,49058
4/5/2017,11479,1683,Georgia,13162
4/5/2017,2907,916,Idaho,3823
4/5/2017,12586,2777,Illinois,15363
4/5/2017,8381,2496,Indiana,10877
4/5/2017,4032,1761,Iowa,5793
4/5/2017,3585,564,Kansas,4149
4/5/2017,7188,1402,Kentucky,8590
4/5/2017,7099,2727,Louisiana,9826
4/5/2017,1058,1052,Maine,2110
4/5/2017,9004,1609,Maryland,10613
4/5/2017,9846,1595,Massachusetts,11441
4/5/2017,12050,1739,Michigan,13789
4/5/2017,6500,697,Minnesota,7197
4/5/2017,9653,1086,Missouri,10739
4/5/2017,956,606,Montana,1562
4/5/2017,4009,864,Nebraska,4873
4/5/2017,3113,687,New Hampshire,3800
4/5/2017,17405,2648,New Jersey,20053
4/5/2017,2268,928,New Mexico,3196
4/5/2017,31169,3469,New York,34638
4/5/2017,10647,4684,North Carolina,15331
4/5/2017,557,697,North Dakota,1254
4/5/2017,10142,3294,Ohio,13436
4/5/2017,2217,2252,Oklahoma,4469
4/5/2017,3111,1149,Oregon,4260
4/5/2017,17071,6689,Pennsylvania,23760
4/5/2017,1083,7645,Puerto Rico,8728
4/5/2017,2596,969,Rhode Island,3565
4/5/2017,4498,4033,South Carolina,8531
4/5/2017,1134,476,South Dakota,1610
4/5/2017,7416,3780,Tennessee,11196
4/5/2017,18686,9298,Texas,27984
4/5/2017,551,487,Vermont,1038
4/5/2017,97,229,Virgin Islands,326
4/5/2017,9408,2701,Virginia,12109
4/5/2017,4991,933,Washington,5924
4/5/2017,3388,774,West Virginia,4162
4/5/2017,7614,1822,Wisconsin,9436
4/5/2017,673,493,Wyoming,1166
4/1/2017,9782,1810,Arizona,11592
4/1/2017,1539,1555,Arkansas,3094
4/1/2017,43583,0,California,43583
4/1/2017,3536,3489,Colorado,7025
4/1/2017,5052,3050,Connecticut,8102
4/1/2017,2068,384,Delaware,2452
4/1/2017,1107,240,Dist. of Columbia,1347
4/1/2017,37427,11405,Florida,48832
4/1/2017,12900,1636,Georgia,14536
4/1/2017,2449,713,Idaho,3162
4/1/2017,12123,2384,Illinois,14507
4/1/2017,8677,2098,Indiana,10775
4/1/2017,3941,1945,Iowa,5886
4/1/2017,3772,522,Kansas,4294
4/1/2017,7685,1282,Kentucky,8967
4/1/2017,7605,2620,Louisiana,10225
4/1/2017,1068,1170,Maine,2238
4/1/2017,9538,1592,Maryland,11130
4/1/2017,9278,1274,Massachusetts,10552
4/1/2017,12703,1569,Michigan,14272
4/1/2017,6581,664,Minnesota,7245
4/1/2017,9391,914,Missouri,10305
4/1/2017,865,524,Montana,1389
4/1/2017,3702,807,Nebraska,4509
4/1/2017,3013,566,New Hampshire,3579
4/1/2017,17141,2666,New Jersey,19807
4/1/2017,2095,812,New Mexico,2907
4/1/2017,31350,3596,New York,34946
4/1/2017,10995,4670,North Carolina,15665
4/1/2017,482,606,North Dakota,1088
4/1/2017,9812,3046,Ohio,12858
4/1/2017,2265,2194,Oklahoma,4459
4/1/2017,3125,1152,Oregon,4277
4/1/2017,16679,6114,Pennsylvania,22793
4/1/2017,1313,9314,Puerto Rico,10627
4/1/2017,2423,804,Rhode Island,3227
4/1/2017,4863,4126,South Carolina,8989
4/1/2017,1046,466,South Dakota,1512
4/1/2017,7533,3680,Tennessee,11213
4/1/2017,20332,9552,Texas,29884
4/1/2017,496,459,Vermont,955
4/1/2017,81,230,Virgin Islands,311
4/1/2017,9989,2711,Virginia,12700
4/1/2017,4673,831,Washington,5504
4/1/2017,3315,713,West Virginia,4028
4/1/2017,7530,1602,Wisconsin,9132
4/1/2017,524,393,Wyoming,917
3/29/2017,10353,1956,Arizona,12309
3/29/2017,1463,1527,Arkansas,2990
3/29/2017,44043,0,California,44043
3/29/2017,3555,3538,Colorado,7093
3/29/2017,5285,3154,Connecticut,8439
3/29/2017,2069,402,Delaware,2471
3/29/2017,1120,246,Dist. of Columbia,1366
3/29/2017,39381,12493,Florida,51874
3/29/2017,12331,1720,Georgia,14051
3/29/2017,2577,757,Idaho,3334
3/29/2017,12101,2588,Illinois,14689
3/29/2017,7982,2121,Indiana,10103
3/29/2017,4087,1906,Iowa,5993
3/29/2017,3578,547,Kansas,4125
3/29/2017,7284,1346,Kentucky,8630
3/29/2017,7200,2601,Louisiana,9801
3/29/2017,1062,1069,Maine,2131
3/29/2017,9509,1514,Maryland,11023
3/29/2017,9559,1479,Massachusetts,11038
3/29/2017,12230,1717,Michigan,13947
3/29/2017,6487,660,Minnesota,7147
3/29/2017,9238,961,Missouri,10199
3/29/2017,932,555,Montana,1487
3/29/2017,3697,762,Nebraska,4459
3/29/2017,3060,643,New Hampshire,3703
3/29/2017,17089,2659,New Jersey,19748
3/29/2017,2133,837,New Mexico,2970
3/29/2017,29412,3223,New York,32635
3/29/2017,11245,4956,North Carolina,16201
3/29/2017,562,686,North Dakota,1248
3/29/2017,9654,2952,Ohio,12606
3/29/2017,2422,2408,Oklahoma,4830
3/29/2017,2988,1143,Oregon,4131
3/29/2017,16983,6342,Pennsylvania,23325
3/29/2017,1090,7811,Puerto Rico,8901
3/29/2017,2442,845,Rhode Island,3287
3/29/2017,5003,4330,South Carolina,9333
3/29/2017,1122,515,South Dakota,1637
3/29/2017,7718,3840,Tennessee,11558
3/29/2017,20007,9463,Texas,29470
3/29/2017,510,465,Vermont,975
3/29/2017,90,246,Virgin Islands,336
3/29/2017,9603,2686,Virginia,12289
3/29/2017,4746,925,Washington,5671
3/29/2017,3276,760,West Virginia,4036
3/29/2017,7344,1660,Wisconsin,9004
3/29/2017,622,460,Wyoming,1082
3/25/2017,10064,1743,Arizona,11807
3/25/2017,1520,1571,Arkansas,3091
3/25/2017,43494,0,California,43494
3/25/2017,3404,3284,Colorado,6688
3/25/2017,4905,2864,Connecticut,7769
3/25/2017,2150,395,Delaware,2545
3/25/2017,1040,232,Dist. of Columbia,1272
3/25/2017,38426,11162,Florida,49588
3/25/2017,13057,1582,Georgia,14639
3/25/2017,2635,760,Idaho,3395
3/25/2017,11863,2420,Illinois,14283
3/25/2017,8727,2163,Indiana,10890
3/25/2017,4034,1912,Iowa,5946
3/25/2017,3803,552,Kansas,4355
3/25/2017,7954,1251,Kentucky,9205
3/25/2017,7432,2423,Louisiana,9855
3/25/2017,962,1123,Maine,2085
3/25/2017,9268,1371,Maryland,10639
3/25/2017,9206,1205,Massachusetts,10411
3/25/2017,11848,1394,Michigan,13242
3/25/2017,6487,640,Minnesota,7127
3/25/2017,9404,886,Missouri,10290
3/25/2017,844,565,Montana,1409
3/25/2017,3557,666,Nebraska,4223
3/25/2017,3129,543,New Hampshire,3672
3/25/2017,16355,2263,New Jersey,18618
3/25/2017,2134,798,New Mexico,2932
3/25/2017,32477,2907,New York,35384
3/25/2017,11406,4646,North Carolina,16052
3/25/2017,532,649,North Dakota,1181
3/25/2017,10007,2884,Ohio,12891
3/25/2017,2232,2254,Oklahoma,4486
3/25/2017,2836,1101,Oregon,3937
3/25/2017,17153,6080,Pennsylvania,23233
3/25/2017,1173,9291,Puerto Rico,10464
3/25/2017,2526,826,Rhode Island,3352
3/25/2017,5023,4272,South Carolina,9295
3/25/2017,1084,438,South Dakota,1522
3/25/2017,7978,3857,Tennessee,11835
3/25/2017,19689,8802,Texas,28491
3/25/2017,499,498,Vermont,997
3/25/2017,78,214,Virgin Islands,292
3/25/2017,9379,2355,Virginia,11734
3/25/2017,4549,798,Washington,5347
3/25/2017,3369,715,West Virginia,4084
3/25/2017,7140,1554,Wisconsin,8694
3/25/2017,600,442,Wyoming,1042
3/22/2017,13887,2351,Arizona,16238
3/22/2017,1990,1951,Arkansas,3941
3/22/2017,71158,0,California,71158
3/22/2017,5469,4606,Colorado,10075
3/22/2017,7095,3829,Connecticut,10924
3/22/2017,2777,548,Delaware,3325
3/22/2017,1359,310,Dist. of Columbia,1669
3/22/2017,50776,15148,Florida,65924
3/22/2017,17979,2233,Georgia,20212
3/22/2017,3532,905,Idaho,4437
3/22/2017,18637,3476,Illinois,22113
3/22/2017,11351,2636,Indiana,13987
3/22/2017,5412,2313,Iowa,7725
3/22/2017,5038,699,Kansas,5737
3/22/2017,10100,1643,Kentucky,11743
3/22/2017,9958,3219,Louisiana,13177
3/22/2017,1282,1283,Maine,2565
3/22/2017,12539,1992,Maryland,14531
3/22/2017,14260,1884,Massachusetts,16144
3/22/2017,17378,2088,Michigan,19466
3/22/2017,9284,854,Minnesota,10138
3/22/2017,13807,1318,Missouri,15125
3/22/2017,1074,607,Montana,1681
3/22/2017,5079,927,Nebraska,6006
3/22/2017,3841,701,New Hampshire,4542
3/22/2017,26785,3476,New Jersey,30261
3/22/2017,2791,1060,New Mexico,3851
3/22/2017,47454,4413,New York,51867
3/22/2017,15133,6075,North Carolina,21208
3/22/2017,751,843,North Dakota,1594
3/22/2017,14758,3939,Ohio,18697
3/22/2017,3445,3151,Oklahoma,6596
3/22/2017,5732,1606,Oregon,7338
3/22/2017,26203,8861,Pennsylvania,35064
3/22/2017,1347,8758,Puerto Rico,10105
3/22/2017,3036,971,Rhode Island,4007
3/22/2017,6160,5135,South Carolina,11295
3/22/2017,1465,578,South Dakota,2043
3/22/2017,10146,4689,Tennessee,14835
3/22/2017,29043,12445,Texas,41488
3/22/2017,617,512,Vermont,1129
3/22/2017,119,286,Virgin Islands,405
3/22/2017,13408,3385,Virginia,16793
3/22/2017,8333,1316,Washington,9649
3/22/2017,4441,984,West Virginia,5425
3/22/2017,10380,2073,Wisconsin,12453
3/22/2017,742,563,Wyoming,1305
3/18/2017,14686,2516,Arizona,17202
3/18/2017,2258,2258,Arkansas,4516
3/18/2017,69826,0,California,69826
3/18/2017,5781,4984,Colorado,10765
3/18/2017,7759,4281,Connecticut,12040
3/18/2017,3166,568,Delaware,3734
3/18/2017,1525,324,Dist. of Columbia,1849
3/18/2017,56957,16424,Florida,73381
3/18/2017,20839,2495,Georgia,23334
3/18/2017,4133,956,Idaho,5089
3/18/2017,19281,3585,Illinois,22866
3/18/2017,13255,2906,Indiana,16161
3/18/2017,6035,2477,Iowa,8512
3/18/2017,5525,750,Kansas,6275
3/18/2017,10883,1759,Kentucky,12642
3/18/2017,10899,3618,Louisiana,14517
3/18/2017,1729,1633,Maine,3362
3/18/2017,13711,2131,Maryland,15842
3/18/2017,15622,2053,Massachusetts,17675
3/18/2017,19323,2221,Michigan,21544
3/18/2017,9553,861,Minnesota,10414
3/18/2017,15278,1365,Missouri,16643
3/18/2017,1193,707,Montana,1900
3/18/2017,5281,1011,Nebraska,6292
3/18/2017,4722,871,New Hampshire,5593
3/18/2017,27075,3714,New Jersey,30789
3/18/2017,3136,1111,New Mexico,4247
3/18/2017,49110,4769,New York,53879
3/18/2017,17512,6914,North Carolina,24426
3/18/2017,811,887,North Dakota,1698
3/18/2017,15077,4184,Ohio,19261
3/18/2017,3708,3345,Oklahoma,7053
3/18/2017,5452,1622,Oregon,7074
3/18/2017,28576,9659,Pennsylvania,38235
3/18/2017,1748,11713,Puerto Rico,13461
3/18/2017,3631,1165,Rhode Island,4796
3/18/2017,7138,5832,South Carolina,12970
3/18/2017,1503,624,South Dakota,2127
3/18/2017,11586,5550,Tennessee,17136
3/18/2017,30656,13034,Texas,43690
3/18/2017,756,650,Vermont,1406
3/18/2017,127,312,Virgin Islands,439
3/18/2017,14984,3674,Virginia,18658
3/18/2017,8117,1350,Washington,9467
3/18/2017,4729,1044,West Virginia,5773
3/18/2017,10765,2244,Wisconsin,13009
3/18/2017,712,554,Wyoming,1266
3/15/2017,11943,1865,Arizona,13808
3/15/2017,1767,1707,Arkansas,3474
3/15/2017,60008,0,California,60008
3/15/2017,4744,4040,Colorado,8784
3/15/2017,5581,2901,Connecticut,8482
3/15/2017,2186,407,Delaware,2593
3/15/2017,1069,204,Dist. of Columbia,1273
3/15/2017,42762,12390,Florida,55152
3/15/2017,15603,1940,Georgia,17543
3/15/2017,3152,923,Idaho,4075
3/15/2017,15380,2788,Illinois,18168
3/15/2017,9801,2318,Indiana,12119
3/15/2017,4569,1921,Iowa,6490
3/15/2017,4568,636,Kansas,5204
3/15/2017,8771,1289,Kentucky,10060
3/15/2017,8578,2696,Louisiana,11274
3/15/2017,1008,1019,Maine,2027
3/15/2017,9587,1381,Maryland,10968
3/15/2017,10333,1309,Massachusetts,11642
3/15/2017,14561,1614,Michigan,16175
3/15/2017,7769,711,Minnesota,8480
3/15/2017,12188,1024,Missouri,13212
3/15/2017,1001,574,Montana,1575
3/15/2017,4327,820,Nebraska,5147
3/15/2017,2957,553,New Hampshire,3510
3/15/2017,19384,2615,New Jersey,21999
3/15/2017,2444,920,New Mexico,3364
3/15/2017,35233,3193,New York,38426
3/15/2017,12637,5055,North Carolina,17692
3/15/2017,663,803,North Dakota,1466
3/15/2017,11852,3018,Ohio,14870
3/15/2017,2910,3090,Oklahoma,6000
3/15/2017,4766,1382,Oregon,6148
3/15/2017,19455,6358,Pennsylvania,25813
3/15/2017,1163,7911,Puerto Rico,9074
3/15/2017,2554,795,Rhode Island,3349
3/15/2017,5348,4377,South Carolina,9725
3/15/2017,1230,501,South Dakota,1731
3/15/2017,8550,4064,Tennessee,12614
3/15/2017,24352,10316,Texas,34668
3/15/2017,518,401,Vermont,919
3/15/2017,91,211,Virgin Islands,302
3/15/2017,10672,2646,Virginia,13318
3/15/2017,7303,1190,Washington,8493
3/15/2017,3596,769,West Virginia,4365
3/15/2017,8551,1760,Wisconsin,10311
3/15/2017,691,507,Wyoming,1198
3/11/2017,13987,2574,Arizona,16561
3/11/2017,2183,2274,Arkansas,4457
3/11/2017,65332,0,California,65332
3/11/2017,5574,5199,Colorado,10773
3/11/2017,7543,4172,Connecticut,11715
3/11/2017,2896,595,Delaware,3491
3/11/2017,1409,309,Dist. of Columbia,1718
3/11/2017,58873,18235,Florida,77108
3/11/2017,19074,2440,Georgia,21514
3/11/2017,3568,979,Idaho,4547
3/11/2017,17370,3597,Illinois,20967
3/11/2017,12251,2984,Indiana,15235
3/11/2017,5589,2378,Iowa,7967
3/11/2017,5189,801,Kansas,5990
3/11/2017,10317,1805,Kentucky,12122
3/11/2017,10321,3606,Louisiana,13927
3/11/2017,1495,1448,Maine,2943
3/11/2017,13724,2185,Maryland,15909
3/11/2017,13371,1943,Massachusetts,15314
3/11/2017,17514,2217,Michigan,19731
3/11/2017,8712,816,Minnesota,9528
3/11/2017,13500,1292,Missouri,14792
3/11/2017,1139,661,Montana,1800
3/11/2017,4973,1043,Nebraska,6016
3/11/2017,4036,782,New Hampshire,4818
3/11/2017,23879,3442,New Jersey,27321
3/11/2017,2923,1164,New Mexico,4087
3/11/2017,43003,4348,New York,47351
3/11/2017,17967,7242,North Carolina,25209
3/11/2017,701,921,North Dakota,1622
3/11/2017,13923,4123,Ohio,18046
3/11/2017,3505,3604,Oklahoma,7109
3/11/2017,4936,1565,Oregon,6501
3/11/2017,26121,9182,Pennsylvania,35303
3/11/2017,1707,11735,Puerto Rico,13442
3/11/2017,3292,1094,Rhode Island,4386
3/11/2017,7368,6157,South Carolina,13525
3/11/2017,1405,622,South Dakota,2027
3/11/2017,11204,5511,Tennessee,16715
3/11/2017,31451,13732,Texas,45183
3/11/2017,707,593,Vermont,1300
3/11/2017,128,332,Virgin Islands,460
3/11/2017,14524,3772,Virginia,18296
3/11/2017,7382,1391,Washington,8773
3/11/2017,4556,1103,West Virginia,5659
3/11/2017,10130,2261,Wisconsin,12391
3/11/2017,781,518,Wyoming,1299
3/8/2017,11341,2056,Arizona,13397
3/8/2017,1659,1612,Arkansas,3271
3/8/2017,52266,0,California,52266
3/8/2017,4037,3991,Colorado,8028
3/8/2017,5896,3246,Connecticut,9142
3/8/2017,2318,482,Delaware,2800
3/8/2017,1323,246,Dist. of Columbia,1569
3/8/2017,41912,12613,Florida,54525
3/8/2017,14301,1869,Georgia,16170
3/8/2017,2912,832,Idaho,3744
3/8/2017,13994,2878,Illinois,16872
3/8/2017,9072,2180,Indiana,11252
3/8/2017,4277,1913,Iowa,6190
3/8/2017,4118,568,Kansas,4686
3/8/2017,8055,1370,Kentucky,9425
3/8/2017,8218,2779,Louisiana,10997
3/8/2017,1198,1234,Maine,2432
3/8/2017,10505,1640,Maryland,12145
3/8/2017,10998,1548,Massachusetts,12546
3/8/2017,13234,1686,Michigan,14920
3/8/2017,6943,679,Minnesota,7622
3/8/2017,10880,1016,Missouri,11896
3/8/2017,1002,561,Montana,1563
3/8/2017,4018,864,Nebraska,4882
3/8/2017,3487,601,New Hampshire,4088
3/8/2017,20932,3086,New Jersey,24018
3/8/2017,2406,942,New Mexico,3348
3/8/2017,37736,3849,New York,41585
3/8/2017,12674,5184,North Carolina,17858
3/8/2017,530,725,North Dakota,1255
3/8/2017,10796,3094,Ohio,13890
3/8/2017,2657,2447,Oklahoma,5104
3/8/2017,3806,1240,Oregon,5046
3/8/2017,19260,6985,Pennsylvania,26245
3/8/2017,1142,8098,Puerto Rico,9240
3/8/2017,2607,907,Rhode Island,3514
3/8/2017,5404,4597,South Carolina,10001
3/8/2017,1177,537,South Dakota,1714
3/8/2017,8338,4101,Tennessee,12439
3/8/2017,22083,10009,Texas,32092
3/8/2017,582,486,Vermont,1068
3/8/2017,109,202,Virgin Islands,311
3/8/2017,10767,2831,Virginia,13598
3/8/2017,5904,1063,Washington,6967
3/8/2017,3653,858,West Virginia,4511
3/8/2017,8028,1639,Wisconsin,9667
3/8/2017,665,483,Wyoming,1148
3/4/2017,11775,2053,Arizona,13828
3/4/2017,1889,1929,Arkansas,3818
3/4/2017,51267,0,California,51267
3/4/2017,4362,4034,Colorado,8396
3/4/2017,5970,3626,Connecticut,9596
3/4/2017,2552,506,Delaware,3058
3/4/2017,1161,261,Dist. of Columbia,1422
3/4/2017,47506,14527,Florida,62033
3/4/2017,14930,1944,Georgia,16874
3/4/2017,3088,880,Idaho,3968
3/4/2017,14210,2956,Illinois,17166
3/4/2017,10526,2596,Indiana,13122
3/4/2017,4858,2132,Iowa,6990
3/4/2017,4598,680,Kansas,5278
3/4/2017,9002,1446,Kentucky,10448
3/4/2017,9156,3120,Louisiana,12276
3/4/2017,1272,1321,Maine,2593
3/4/2017,10902,1783,Maryland,12685
3/4/2017,10760,1552,Massachusetts,12312
3/4/2017,14047,1749,Michigan,15796
3/4/2017,7459,733,Minnesota,8192
3/4/2017,11531,1087,Missouri,12618
3/4/2017,1015,627,Montana,1642
3/4/2017,4264,836,Nebraska,5100
3/4/2017,3485,674,New Hampshire,4159
3/4/2017,19679,2828,New Jersey,22507
3/4/2017,2527,1026,New Mexico,3553
3/4/2017,34465,3713,New York,38178
3/4/2017,14671,6018,North Carolina,20689
3/4/2017,574,724,North Dakota,1298
3/4/2017,11341,3441,Ohio,14782
3/4/2017,2926,2849,Oklahoma,5775
3/4/2017,3648,1264,Oregon,4912
3/4/2017,20235,7569,Pennsylvania,27804
3/4/2017,1545,11439,Puerto Rico,12984
3/4/2017,3107,957,Rhode Island,4064
3/4/2017,5881,5223,South Carolina,11104
3/4/2017,1245,524,South Dakota,1769
3/4/2017,9219,4707,Tennessee,13926
3/4/2017,24060,11072,Texas,35132
3/4/2017,564,516,Vermont,1080
3/4/2017,83,279,Virgin Islands,362
3/4/2017,11268,3103,Virginia,14371
3/4/2017,5593,1072,Washington,6665
3/4/2017,4041,890,West Virginia,4931
3/4/2017,8505,1930,Wisconsin,10435
3/4/2017,642,501,Wyoming,1143
3/1/2017,10787,1927,Arizona,12714
3/1/2017,1576,1964,Arkansas,3540
3/1/2017,49358,0,California,49358
3/1/2017,3673,3806,Colorado,7479
3/1/2017,5408,3147,Connecticut,8555
3/1/2017,2258,419,Delaware,2677
3/1/2017,1168,272,Dist. of Columbia,1440
3/1/2017,41883,13013,Florida,54896
3/1/2017,12865,1667,Georgia,14532
3/1/2017,2896,874,Idaho,3770
3/1/2017,12511,2639,Illinois,15150
3/1/2017,8100,2028,Indiana,10128
3/1/2017,4190,1907,Iowa,6097
3/1/2017,4001,557,Kansas,4558
3/1/2017,7611,1262,Kentucky,8873
3/1/2017,7372,2593,Louisiana,9965
3/1/2017,1057,1122,Maine,2179
3/1/2017,9608,1561,Maryland,11169
3/1/2017,9522,1367,Massachusetts,10889
3/1/2017,12187,1560,Michigan,13747
3/1/2017,6690,603,Minnesota,7293
3/1/2017,10075,1047,Missouri,11122
3/1/2017,945,579,Montana,1524
3/1/2017,3930,721,Nebraska,4651
3/1/2017,2991,583,New Hampshire,3574
3/1/2017,18345,2660,New Jersey,21005
3/1/2017,2204,886,New Mexico,3090
3/1/2017,33482,3381,New York,36863
3/1/2017,12114,5201,North Carolina,17315
3/1/2017,580,676,North Dakota,1256
3/1/2017,9900,3007,Ohio,12907
3/1/2017,2614,2544,Oklahoma,5158
3/1/2017,3403,1188,Oregon,4591
3/1/2017,17983,6754,Pennsylvania,24737
3/1/2017,1207,8630,Puerto Rico,9837
3/1/2017,2656,819,Rhode Island,3475
3/1/2017,5032,4378,South Carolina,9410
3/1/2017,1160,463,South Dakota,1623
3/1/2017,7938,4149,Tennessee,12087
3/1/2017,20591,9551,Texas,30142
3/1/2017,482,469,Vermont,951
3/1/2017,84,261,Virgin Islands,345
3/1/2017,9878,2605,Virginia,12483
3/1/2017,5436,908,Washington,6344
3/1/2017,3390,782,West Virginia,4172
3/1/2017,7521,1653,Wisconsin,9174
3/1/2017,624,479,Wyoming,1103
2/25/2017,11744,2008,Arizona,13752
2/25/2017,1733,2263,Arkansas,3996
2/25/2017,52487,0,California,52487
2/25/2017,3827,3676,Colorado,7503
2/25/2017,5600,3079,Connecticut,8679
2/25/2017,2531,454,Delaware,2985
2/25/2017,1105,231,Dist. of Columbia,1336
2/25/2017,46268,13514,Florida,59782
2/25/2017,13839,1651,Georgia,15490
2/25/2017,3178,818,Idaho,3996
2/25/2017,13374,2695,Illinois,16069
2/25/2017,9066,2178,Indiana,11244
2/25/2017,4102,1928,Iowa,6030
2/25/2017,4072,589,Kansas,4661
2/25/2017,8223,1249,Kentucky,9472
2/25/2017,8738,2733,Louisiana,11471
2/25/2017,1176,1248,Maine,2424
2/25/2017,10634,1614,Maryland,12248
2/25/2017,10641,1383,Massachusetts,12024
2/25/2017,13652,1564,Michigan,15216
2/25/2017,7012,649,Minnesota,7661
2/25/2017,9930,934,Missouri,10864
2/25/2017,974,584,Montana,1558
2/25/2017,3775,752,Nebraska,4527
2/25/2017,3476,633,New Hampshire,4109
2/25/2017,18001,2512,New Jersey,20513
2/25/2017,2413,918,New Mexico,3331
2/25/2017,32153,3085,New York,35238
2/25/2017,13470,5153,North Carolina,18623
2/25/2017,558,704,North Dakota,1262
2/25/2017,11164,3001,Ohio,14165
2/25/2017,2724,2576,Oklahoma,5300
2/25/2017,3483,1163,Oregon,4646
2/25/2017,18971,6646,Pennsylvania,25617
2/25/2017,1421,10693,Puerto Rico,12114
2/25/2017,2861,881,Rhode Island,3742
2/25/2017,5682,4725,South Carolina,10407
2/25/2017,1053,472,South Dakota,1525
2/25/2017,8989,4422,Tennessee,13411
2/25/2017,22883,9985,Texas,32868
2/25/2017,571,505,Vermont,1076
2/25/2017,93,228,Virgin Islands,321
2/25/2017,10455,2691,Virginia,13146
2/25/2017,4933,859,Washington,5792
2/25/2017,3722,791,West Virginia,4513
2/25/2017,7969,1648,Wisconsin,9617
2/25/2017,679,462,Wyoming,1141
2/22/2017,63407,6343,Arizona,69750
2/22/2017,9387,9937,Arkansas,19324
2/22/2017,318358,0,California,318358
2/22/2017,20609,14353,Colorado,34962
2/22/2017,35524,13605,Connecticut,49129
2/22/2017,14342,1516,Delaware,15858
2/22/2017,5431,756,Dist. of Columbia,6187
2/22/2017,197680,41278,Florida,238958
2/22/2017,83204,6181,Georgia,89385
2/22/2017,9935,2102,Idaho,12037
2/22/2017,98908,11324,Illinois,110232
2/22/2017,47933,7269,Indiana,55202
2/22/2017,20946,6635,Iowa,27581
2/22/2017,16740,1583,Kansas,18323
2/22/2017,34921,3675,Kentucky,38596
2/22/2017,34046,7684,Louisiana,41730
2/22/2017,4018,2991,Maine,7009
2/22/2017,66468,5667,Maryland,72135
2/22/2017,104291,6698,Massachusetts,110989
2/22/2017,93136,5384,Michigan,98520
2/22/2017,39896,1918,Minnesota,41814
2/22/2017,51497,2818,Missouri,54315
2/22/2017,3538,1554,Montana,5092
2/22/2017,14757,1831,Nebraska,16588
2/22/2017,17736,1907,New Hampshire,19643
2/22/2017,167762,12312,New Jersey,180074
2/22/2017,10224,3004,New Mexico,13228
2/22/2017,242932,12381,New York,255313
2/22/2017,66192,17086,North Carolina,83278
2/22/2017,3406,2744,North Dakota,6150
2/22/2017,85560,15232,Ohio,100792
2/22/2017,13078,9111,Oklahoma,22189
2/22/2017,19897,3887,Oregon,23784
2/22/2017,151099,33965,Pennsylvania,185064
2/22/2017,2738,15998,Puerto Rico,18736
2/22/2017,13786,3266,Rhode Island,17052
2/22/2017,29076,18524,South Carolina,47600
2/22/2017,4557,1508,South Dakota,6065
2/22/2017,40856,15106,Tennessee,55962
2/22/2017,144984,44566,Texas,189550
2/22/2017,2622,1624,Vermont,4246
2/22/2017,312,556,Virgin Islands,868
2/22/2017,62886,10269,Virginia,73155
2/22/2017,35660,4000,Washington,39660
2/22/2017,15361,2250,West Virginia,17611
2/22/2017,47423,5543,Wisconsin,52966
2/22/2017,1784,1182,Wyoming,2966
2/18/2017,29878,3720,Arizona,33598
2/18/2017,5859,6346,Arkansas,12205
2/18/2017,185641,0,California,185641
2/18/2017,13083,9043,Colorado,22126
2/18/2017,17284,7297,Connecticut,24581
2/18/2017,8704,1040,Delaware,9744
2/18/2017,2672,414,Dist. of Columbia,3086
2/18/2017,116502,28440,Florida,144942
2/18/2017,42366,3755,Georgia,46121
2/18/2017,6549,1518,Idaho,8067
2/18/2017,51877,6644,Illinois,58521
2/18/2017,29453,5172,Indiana,34625
2/18/2017,12420,4229,Iowa,16649
2/18/2017,10293,1160,Kansas,11453
2/18/2017,22157,2707,Kentucky,24864
2/18/2017,19209,5012,Louisiana,24221
2/18/2017,2412,1960,Maine,4372
2/18/2017,36865,3723,Maryland,40588
2/18/2017,57399,4376,Massachusetts,61775
2/18/2017,49721,3446,Michigan,53167
2/18/2017,19109,1365,Minnesota,20474
2/18/2017,33184,2061,Missouri,35245
2/18/2017,1829,957,Montana,2786
2/18/2017,9401,1370,Nebraska,10771
2/18/2017,9947,1224,New Hampshire,11171
2/18/2017,90772,7815,New Jersey,98587
2/18/2017,5651,1724,New Mexico,7375
2/18/2017,124773,7410,New York,132183
2/18/2017,36484,11158,North Carolina,47642
2/18/2017,1736,1668,North Dakota,3404
2/18/2017,40360,7966,Ohio,48326
2/18/2017,7432,5752,Oklahoma,13184
2/18/2017,12115,2555,Oregon,14670
2/18/2017,81577,19441,Pennsylvania,101018
2/18/2017,2149,14293,Puerto Rico,16442
2/18/2017,8329,2017,Rhode Island,10346
2/18/2017,14720,9487,South Carolina,24207
2/18/2017,2634,860,South Dakota,3494
2/18/2017,22589,9043,Tennessee,31632
2/18/2017,69770,24051,Texas,93821
2/18/2017,1416,957,Vermont,2373
2/18/2017,207,408,Virgin Islands,615
2/18/2017,32467,5776,Virginia,38243
2/18/2017,18159,2335,Washington,20494
2/18/2017,9659,1625,West Virginia,11284
2/18/2017,24563,3698,Wisconsin,28261
2/18/2017,1213,789,Wyoming,2002
2/15/2017,23531,3253,Arizona,26784
2/15/2017,4640,4956,Arkansas,9596
2/15/2017,167315,0,California,167315
2/15/2017,10814,7203,Colorado,18017
2/15/2017,12953,5526,Connecticut,18479
2/15/2017,6545,855,Delaware,7400
2/15/2017,2280,414,Dist. of Columbia,2694
2/15/2017,96870,25470,Florida,122340
2/15/2017,31978,3110,Georgia,35088
2/15/2017,5672,1331,Idaho,7003
2/15/2017,37527,5425,Illinois,42952
2/15/2017,22285,4107,Indiana,26392
2/15/2017,10493,3585,Iowa,14078
2/15/2017,8987,1013,Kansas,10000
2/15/2017,17627,2398,Kentucky,20025
2/15/2017,16764,4336,Louisiana,21100
2/15/2017,1794,1537,Maine,3331
2/15/2017,28877,3247,Maryland,32124
2/15/2017,40430,3285,Massachusetts,43715
2/15/2017,43633,3467,Michigan,47100
2/15/2017,15649,1269,Minnesota,16918
2/15/2017,26279,1903,Missouri,28182
2/15/2017,1593,748,Montana,2341
2/15/2017,8270,1337,Nebraska,9607
2/15/2017,7274,954,New Hampshire,8228
2/15/2017,67754,6173,New Jersey,73927
2/15/2017,4801,1494,New Mexico,6295
2/15/2017,94316,6674,New York,100990
2/15/2017,29200,9509,North Carolina,38709
2/15/2017,1583,1515,North Dakota,3098
2/15/2017,33743,6704,Ohio,40447
2/15/2017,6551,4742,Oklahoma,11293
2/15/2017,11422,2414,Oregon,13836
2/15/2017,65515,16023,Pennsylvania,81538
2/15/2017,1781,11083,Puerto Rico,12864
2/15/2017,6188,1615,Rhode Island,7803
2/15/2017,11237,7320,South Carolina,18557
2/15/2017,2263,821,South Dakota,3084
2/15/2017,18453,7569,Tennessee,26022
2/15/2017,59959,20926,Texas,80885
2/15/2017,1075,725,Vermont,1800
2/15/2017,177,287,Virgin Islands,464
2/15/2017,25113,5060,Virginia,30173
2/15/2017,16954,2263,Washington,19217
2/15/2017,7941,1469,West Virginia,9410
2/15/2017,20354,3226,Wisconsin,23580
2/15/2017,1033,688,Wyoming,1721
2/11/2017,20540,2738,Arizona,23278
2/11/2017,3504,3716,Arkansas,7220
2/11/2017,134968,0,California,134968
2/11/2017,9225,6605,Colorado,15830
2/11/2017,10229,4651,Connecticut,14880
2/11/2017,4996,690,Delaware,5686
2/11/2017,1953,345,Dist. of Columbia,2298
2/11/2017,78010,20447,Florida,98457
2/11/2017,29038,2832,Georgia,31870
2/11/2017,4643,1146,Idaho,5789
2/11/2017,31895,4673,Illinois,36568
2/11/2017,20143,3679,Indiana,23822
2/11/2017,8897,3213,Iowa,12110
2/11/2017,8044,902,Kansas,8946
2/11/2017,15868,2058,Kentucky,17926
2/11/2017,15399,4137,Louisiana,19536
2/11/2017,1959,1641,Maine,3600
2/11/2017,25432,2804,Maryland,28236
2/11/2017,26664,2523,Massachusetts,29187
2/11/2017,35282,2879,Michigan,38161
2/11/2017,13531,1019,Minnesota,14550
2/11/2017,23252,1609,Missouri,24861
2/11/2017,1359,699,Montana,2058
2/11/2017,7308,1112,Nebraska,8420
2/11/2017,5849,846,New Hampshire,6695
2/11/2017,47633,5076,New Jersey,52709
2/11/2017,4468,1441,New Mexico,5909
2/11/2017,73724,5540,New York,79264
2/11/2017,25808,8313,North Carolina,34121
2/11/2017,1257,1201,North Dakota,2458
2/11/2017,27805,5891,Ohio,33696
2/11/2017,5681,4247,Oklahoma,9928
2/11/2017,9724,2117,Oregon,11841
2/11/2017,46393,12270,Pennsylvania,58663
2/11/2017,1824,10887,Puerto Rico,12711
2/11/2017,5038,1329,Rhode Island,6367
2/11/2017,9573,6831,South Carolina,16404
2/11/2017,1997,670,South Dakota,2667
2/11/2017,16278,6732,Tennessee,23010
2/11/2017,47866,17384,Texas,65250
2/11/2017,1060,705,Vermont,1765
2/11/2017,134,340,Virgin Islands,474
2/11/2017,21968,4389,Virginia,26357
2/11/2017,13511,1735,Washington,15246
2/11/2017,6999,1277,West Virginia,8276
2/11/2017,17365,2701,Wisconsin,20066
2/11/2017,813,575,Wyoming,1388
2/8/2017,18778,2826,Arizona,21604
2/8/2017,3175,3274,Arkansas,6449
2/8/2017,128549,0,California,128549
2/8/2017,8206,6056,Colorado,14262
2/8/2017,11702,5195,Connecticut,16897
2/8/2017,4513,774,Delaware,5287
2/8/2017,2003,412,Dist. of Columbia,2415
2/8/2017,69867,19485,Florida,89352
2/8/2017,25321,2719,Georgia,28040
2/8/2017,4304,1134,Idaho,5438
2/8/2017,29416,4527,Illinois,33943
2/8/2017,17134,3362,Indiana,20496
2/8/2017,7746,2685,Iowa,10431
2/8/2017,7467,841,Kansas,8308
2/8/2017,13886,1975,Kentucky,15861
2/8/2017,13382,3965,Louisiana,17347
2/8/2017,1809,1566,Maine,3375
2/8/2017,22013,2670,Maryland,24683
2/8/2017,23471,2659,Massachusetts,26130
2/8/2017,31685,2909,Michigan,34594
2/8/2017,12506,966,Minnesota,13472
2/8/2017,21088,1665,Missouri,22753
2/8/2017,1252,689,Montana,1941
2/8/2017,6679,1153,Nebraska,7832
2/8/2017,5463,866,New Hampshire,6329
2/8/2017,53439,5378,New Jersey,58817
2/8/2017,3841,1269,New Mexico,5110
2/8/2017,82429,6235,New York,88664
2/8/2017,23247,8042,North Carolina,31289
2/8/2017,1104,1197,North Dakota,2301
2/8/2017,24262,5387,Ohio,29649
2/8/2017,5213,3937,Oklahoma,9150
2/8/2017,9078,2104,Oregon,11182
2/8/2017,44694,12234,Pennsylvania,56928
2/8/2017,1573,9167,Puerto Rico,10740
2/8/2017,4979,1420,Rhode Island,6399
2/8/2017,8548,5979,South Carolina,14527
2/8/2017,1919,641,South Dakota,2560
2/8/2017,14308,6067,Tennessee,20375
2/8/2017,43406,15796,Texas,59202
2/8/2017,938,706,Vermont,1644
2/8/2017,140,331,Virgin Islands,471
2/8/2017,20312,4256,Virginia,24568
2/8/2017,12259,1762,Washington,14021
2/8/2017,6373,1283,West Virginia,7656
2/8/2017,15060,2475,Wisconsin,17535
2/8/2017,818,585,Wyoming,1403
2/4/2017,18425,2663,Arizona,21088
2/4/2017,3013,3121,Arkansas,6134
2/4/2017,114965,0,California,114965
2/4/2017,7865,5828,Colorado,13693
2/4/2017,10485,4907,Connecticut,15392
2/4/2017,4058,626,Delaware,4684
2/4/2017,1779,296,Dist. of Columbia,2075
2/4/2017,70193,19529,Florida,89722
2/4/2017,24760,2621,Georgia,27381
2/4/2017,4361,1052,Idaho,5413
2/4/2017,26688,4155,Illinois,30843
2/4/2017,17888,3546,Indiana,21434
2/4/2017,7471,2609,Iowa,10080
2/4/2017,7520,902,Kansas,8422
2/4/2017,13661,1878,Kentucky,15539
2/4/2017,13798,3869,Louisiana,17667
2/4/2017,1950,1776,Maine,3726
2/4/2017,18503,2352,Maryland,20855
2/4/2017,21288,2199,Massachusetts,23487
2/4/2017,28163,2431,Michigan,30594
2/4/2017,12282,963,Minnesota,13245
2/4/2017,20208,1509,Missouri,21717
2/4/2017,1313,661,Montana,1974
2/4/2017,6742,1116,Nebraska,7858
2/4/2017,5703,869,New Hampshire,6572
2/4/2017,41937,4259,New Jersey,46196
2/4/2017,3671,1247,New Mexico,4918
2/4/2017,68952,5219,New York,74171
2/4/2017,23296,8017,North Carolina,31313
2/4/2017,1053,1065,North Dakota,2118
2/4/2017,20744,4680,Ohio,25424
2/4/2017,5015,4015,Oklahoma,9030
2/4/2017,8028,1937,Oregon,9965
2/4/2017,41652,11534,Pennsylvania,53186
2/4/2017,1740,11654,Puerto Rico,13394
2/4/2017,4577,1291,Rhode Island,5868
2/4/2017,8486,6268,South Carolina,14754
2/4/2017,1938,673,South Dakota,2611
2/4/2017,14040,5945,Tennessee,19985
2/4/2017,42785,16216,Texas,59001
2/4/2017,984,728,Vermont,1712
2/4/2017,150,291,Virgin Islands,441
2/4/2017,18335,3961,Virginia,22296
2/4/2017,11567,1655,Washington,13222
2/4/2017,6396,1129,West Virginia,7525
2/4/2017,15034,2550,Wisconsin,17584
2/4/2017,755,531,Wyoming,1286
2/1/2017,16171,2385,Arizona,18556
2/1/2017,2650,2704,Arkansas,5354
2/1/2017,109465,0,California,109465
2/1/2017,7103,5175,Colorado,12278
2/1/2017,8924,4121,Connecticut,13045
2/1/2017,3549,616,Delaware,4165
2/1/2017,1661,297,Dist. of Columbia,1958
2/1/2017,60208,17336,Florida,77544
2/1/2017,21724,2407,Georgia,24131
2/1/2017,3849,1018,Idaho,4867
2/1/2017,23851,3858,Illinois,27709
2/1/2017,14679,3060,Indiana,17739
2/1/2017,6480,2413,Iowa,8893
2/1/2017,6449,773,Kansas,7222
2/1/2017,11315,1661,Kentucky,12976
2/1/2017,11693,3547,Louisiana,15240
2/1/2017,1468,1340,Maine,2808
2/1/2017,16624,2235,Maryland,18859
2/1/2017,18024,2097,Massachusetts,20121
2/1/2017,23131,2348,Michigan,25479
2/1/2017,10792,882,Minnesota,11674
2/1/2017,16584,1379,Missouri,17963
2/1/2017,1215,639,Montana,1854
2/1/2017,6099,999,Nebraska,7098
2/1/2017,4574,696,New Hampshire,5270
2/1/2017,36918,4209,New Jersey,41127
2/1/2017,3323,1235,New Mexico,4558
2/1/2017,61909,5046,New York,66955
2/1/2017,19918,6774,North Carolina,26692
2/1/2017,975,1026,North Dakota,2001
2/1/2017,17837,4217,Ohio,22054
2/1/2017,4494,3694,Oklahoma,8188
2/1/2017,7761,1894,Oregon,9655
2/1/2017,35983,10175,Pennsylvania,46158
2/1/2017,1504,9066,Puerto Rico,10570
2/1/2017,3437,1023,Rhode Island,4460
2/1/2017,7523,5670,South Carolina,13193
2/1/2017,1646,622,South Dakota,2268
2/1/2017,12218,5294,Tennessee,17512
2/1/2017,38569,14536,Texas,53105
2/1/2017,766,619,Vermont,1385
2/1/2017,139,270,Virgin Islands,409
2/1/2017,17028,3813,Virginia,20841
2/1/2017,10951,1568,Washington,12519
2/1/2017,5105,990,West Virginia,6095
2/1/2017,12410,2310,Wisconsin,14720
2/1/2017,824,548,Wyoming,1372
1/28/2017,15000,2259,Arizona,17259
1/28/2017,2207,2421,Arkansas,4628
1/28/2017,79647,0,California,79647
1/28/2017,6044,5006,Colorado,11050
1/28/2017,8493,4036,Connecticut,12529
1/28/2017,3282,548,Delaware,3830
1/28/2017,1410,268,Dist. of Columbia,1678
1/28/2017,61372,18181,Florida,79553
1/28/2017,20343,2221,Georgia,22564
1/28/2017,3337,927,Idaho,4264
1/28/2017,19705,3318,Illinois,23023
1/28/2017,12629,2858,Indiana,15487
1/28/2017,5787,2469,Iowa,8256
1/28/2017,5851,674,Kansas,6525
1/28/2017,10884,1703,Kentucky,12587
1/28/2017,11182,3458,Louisiana,14640
1/28/2017,1581,1510,Maine,3091
1/28/2017,15378,2093,Maryland,17471
1/28/2017,15749,1809,Massachusetts,17558
1/28/2017,19600,2121,Michigan,21721
1/28/2017,9729,879,Minnesota,10608
1/28/2017,14650,1308,Missouri,15958
1/28/2017,1183,671,Montana,1854
1/28/2017,5431,953,Nebraska,6384
1/28/2017,4509,746,New Hampshire,5255
1/28/2017,28715,3358,New Jersey,32073
1/28/2017,3130,1254,New Mexico,4384
1/28/2017,55972,4623,New York,60595
1/28/2017,18712,6705,North Carolina,25417
1/28/2017,835,906,North Dakota,1741
1/28/2017,15400,3790,Ohio,19190
1/28/2017,4086,3433,Oklahoma,7519
1/28/2017,5921,1565,Oregon,7486
1/28/2017,30633,9318,Pennsylvania,39951
1/28/2017,1842,11529,Puerto Rico,13371
1/28/2017,3684,1062,Rhode Island,4746
1/28/2017,7269,5806,South Carolina,13075
1/28/2017,1584,556,South Dakota,2140
1/28/2017,11901,5350,Tennessee,17251
1/28/2017,34966,13178,Texas,48144
1/28/2017,726,626,Vermont,1352
1/28/2017,133,302,Virgin Islands,435
1/28/2017,14843,3305,Virginia,18148
1/28/2017,8960,1381,Washington,10341
1/28/2017,4882,903,West Virginia,5785
1/28/2017,11593,2192,Wisconsin,13785
1/28/2017,650,483,Wyoming,1133
1/25/2017,12400,1769,Arizona,14169
1/25/2017,1683,1764,Arkansas,3447
1/25/2017,58112,0,California,58112
1/25/2017,5033,3872,Colorado,8905
1/25/2017,6573,3133,Connecticut,9706
1/25/2017,2323,405,Delaware,2728
1/25/2017,1192,208,Dist. of Columbia,1400
1/25/2017,42602,12498,Florida,55100
1/25/2017,14991,1703,Georgia,16694
1/25/2017,2765,746,Idaho,3511
1/25/2017,16657,2913,Illinois,19570
1/25/2017,10151,2208,Indiana,12359
1/25/2017,4810,1867,Iowa,6677
1/25/2017,4885,636,Kansas,5521
1/25/2017,9118,1303,Kentucky,10421
1/25/2017,9008,2788,Louisiana,11796
1/25/2017,1141,1022,Maine,2163
1/25/2017,10943,1492,Maryland,12435
1/25/2017,12336,1470,Massachusetts,13806
1/25/2017,16362,1635,Michigan,17997
1/25/2017,8366,672,Minnesota,9038
1/25/2017,12453,1051,Missouri,13504
1/25/2017,1002,530,Montana,1532
1/25/2017,4370,774,Nebraska,5144
1/25/2017,3337,571,New Hampshire,3908
1/25/2017,23151,2804,New Jersey,25955
1/25/2017,2600,964,New Mexico,3564
1/25/2017,41792,3398,New York,45190
1/25/2017,13129,4758,North Carolina,17887
1/25/2017,736,786,North Dakota,1522
1/25/2017,12896,2902,Ohio,15798
1/25/2017,2910,2617,Oklahoma,5527
1/25/2017,5001,1425,Oregon,6426
1/25/2017,22899,7016,Pennsylvania,29915
1/25/2017,1204,7553,Puerto Rico,8757
1/25/2017,2625,777,Rhode Island,3402
1/25/2017,5247,4005,South Carolina,9252
1/25/2017,1268,402,South Dakota,1670
1/25/2017,8869,3905,Tennessee,12774
1/25/2017,26307,10470,Texas,36777
1/25/2017,604,504,Vermont,1108
1/25/2017,116,207,Virgin Islands,323
1/25/2017,10925,2459,Virginia,13384
1/25/2017,7408,1130,Washington,8538
1/25/2017,4233,766,West Virginia,4999
1/25/2017,9410,1857,Wisconsin,11267
1/25/2017,591,454,Wyoming,1045
1/21/2017,13100,1961,Arizona,15061
1/21/2017,1950,2125,Arkansas,4075
1/21/2017,57610,0,California,57610
1/21/2017,5150,4406,Colorado,9556
1/21/2017,6956,3587,Connecticut,10543
1/21/2017,2730,458,Delaware,3188
1/21/2017,1078,205,Dist. of Columbia,1283
1/21/2017,48577,13650,Florida,62227
1/21/2017,17101,1887,Georgia,18988
1/21/2017,2851,706,Idaho,3557
1/21/2017,16720,2850,Illinois,19570
1/21/2017,11356,2387,Indiana,13743
1/21/2017,5380,2141,Iowa,7521
1/21/2017,5275,626,Kansas,5901
1/21/2017,9498,1405,Kentucky,10903
1/21/2017,9487,2882,Louisiana,12369
1/21/2017,1442,1321,Maine,2763
1/21/2017,12540,1705,Maryland,14245
1/21/2017,13500,1629,Massachusetts,15129
1/21/2017,17058,1704,Michigan,18762
1/21/2017,8715,790,Minnesota,9505
1/21/2017,12488,1019,Missouri,13507
1/21/2017,944,534,Montana,1478
1/21/2017,4707,778,Nebraska,5485
1/21/2017,4268,710,New Hampshire,4978
1/21/2017,24623,2902,New Jersey,27525
1/21/2017,2686,938,New Mexico,3624
1/21/2017,46105,3797,New York,49902
1/21/2017,14898,5243,North Carolina,20141
1/21/2017,706,749,North Dakota,1455
1/21/2017,13697,3481,Ohio,17178
1/21/2017,3443,2930,Oklahoma,6373
1/21/2017,4579,1401,Oregon,5980
1/21/2017,25337,7923,Pennsylvania,33260
1/21/2017,1541,9323,Puerto Rico,10864
1/21/2017,2989,852,Rhode Island,3841
1/21/2017,5940,4605,South Carolina,10545
1/21/2017,1379,552,South Dakota,1931
1/21/2017,10115,4505,Tennessee,14620
1/21/2017,28052,11516,Texas,39568
1/21/2017,718,605,Vermont,1323
1/21/2017,119,292,Virgin Islands,411
1/21/2017,12659,2885,Virginia,15544
1/21/2017,7035,1143,Washington,8178
1/21/2017,4407,796,West Virginia,5203
1/21/2017,9858,1842,Wisconsin,11700
1/21/2017,572,425,Wyoming,997
1/18/2017,12827,2124,Arizona,14951
1/18/2017,1931,2099,Arkansas,4030
1/18/2017,56795,0,California,56795
1/18/2017,4832,4146,Colorado,8978
1/18/2017,6495,3202,Connecticut,9697
1/18/2017,2325,430,Delaware,2755
1/18/2017,1239,289,Dist. of Columbia,1528
1/18/2017,47045,14377,Florida,61422
1/18/2017,15844,2079,Georgia,17923
1/18/2017,2830,820,Idaho,3650
1/18/2017,15371,2921,Illinois,18292
1/18/2017,10026,2234,Indiana,12260
1/18/2017,4658,1944,Iowa,6602
1/18/2017,4416,601,Kansas,5017
1/18/2017,8692,1463,Kentucky,10155
1/18/2017,9089,2886,Louisiana,11975
1/18/2017,1134,1177,Maine,2311
1/18/2017,10971,1867,Maryland,12838
1/18/2017,11620,1577,Massachusetts,13197
1/18/2017,15469,1783,Michigan,17252
1/18/2017,8056,732,Minnesota,8788
1/18/2017,11265,1063,Missouri,12328
1/18/2017,973,566,Montana,1539
1/18/2017,4099,765,Nebraska,4864
1/18/2017,3377,569,New Hampshire,3946
1/18/2017,21656,2926,New Jersey,24582
1/18/2017,2673,1010,New Mexico,3683
1/18/2017,39226,3720,New York,42946
1/18/2017,13356,5452,North Carolina,18808
1/18/2017,673,809,North Dakota,1482
1/18/2017,12164,3301,Ohio,15465
1/18/2017,3080,2808,Oklahoma,5888
1/18/2017,4088,1283,Oregon,5371
1/18/2017,22672,7311,Pennsylvania,29983
1/18/2017,1319,8236,Puerto Rico,9555
1/18/2017,2703,878,Rhode Island,3581
1/18/2017,5760,4630,South Carolina,10390
1/18/2017,1346,533,South Dakota,1879
1/18/2017,9103,4309,Tennessee,13412
1/18/2017,25610,10829,Texas,36439
1/18/2017,605,495,Vermont,1100
1/18/2017,103,251,Virgin Islands,354
1/18/2017,11639,3001,Virginia,14640
1/18/2017,6650,1152,Washington,7802
1/18/2017,4050,827,West Virginia,4877
1/18/2017,8842,1860,Wisconsin,10702
1/18/2017,650,470,Wyoming,1120
1/14/2017,14935,2666,Arizona,17601
1/14/2017,2349,2580,Arkansas,4929
1/14/2017,61909,0,California,61909
1/14/2017,5629,5066,Colorado,10695
1/14/2017,7938,4117,Connecticut,12055
1/14/2017,2883,558,Delaware,3441
1/14/2017,1420,282,Dist. of Columbia,1702
1/14/2017,57703,18028,Florida,75731
1/14/2017,19058,2400,Georgia,21458
1/14/2017,3370,958,Idaho,4328
1/14/2017,17810,3489,Illinois,21299
1/14/2017,12711,3051,Indiana,15762
1/14/2017,6004,2586,Iowa,8590
1/14/2017,5669,770,Kansas,6439
1/14/2017,10470,1662,Kentucky,12132
1/14/2017,11328,3607,Louisiana,14935
1/14/2017,1539,1398,Maine,2937
1/14/2017,12904,2012,Maryland,14916
1/14/2017,14498,2127,Massachusetts,16625
1/14/2017,17990,2225,Michigan,20215
1/14/2017,9142,870,Minnesota,10012
1/14/2017,13160,1319,Missouri,14479
1/14/2017,1162,717,Montana,1879
1/14/2017,5655,1117,Nebraska,6772
1/14/2017,4378,811,New Hampshire,5189
1/14/2017,24642,3496,New Jersey,28138
1/14/2017,3377,1373,New Mexico,4750
1/14/2017,47522,4561,New York,52083
1/14/2017,15984,6431,North Carolina,22415
1/14/2017,683,822,North Dakota,1505
1/14/2017,14128,4128,Ohio,18256
1/14/2017,3323,3345,Oklahoma,6668
1/14/2017,4323,1412,Oregon,5735
1/14/2017,26417,8973,Pennsylvania,35390
1/14/2017,1734,11041,Puerto Rico,12775
1/14/2017,3611,1149,Rhode Island,4760
1/14/2017,6977,5783,South Carolina,12760
1/14/2017,1574,601,South Dakota,2175
1/14/2017,11004,5293,Tennessee,16297
1/14/2017,31062,13386,Texas,44448
1/14/2017,811,647,Vermont,1458
1/14/2017,152,315,Virgin Islands,467
1/14/2017,14258,3516,Virginia,17774
1/14/2017,7296,1294,Washington,8590
1/14/2017,4879,946,West Virginia,5825
1/14/2017,10530,2288,Wisconsin,12818
1/14/2017,741,530,Wyoming,1271
1/11/2017,11161,1715,Arizona,12876
1/11/2017,1583,1729,Arkansas,3312
1/11/2017,48742,0,California,48742
1/11/2017,4374,3925,Colorado,8299
1/11/2017,5974,2990,Connecticut,8964
1/11/2017,2084,375,Delaware,2459
1/11/2017,1115,238,Dist. of Columbia,1353
1/11/2017,39574,11975,Florida,51549
1/11/2017,13118,1700,Georgia,14818
1/11/2017,2407,684,Idaho,3091
1/11/2017,13732,2555,Illinois,16287
1/11/2017,8799,2115,Indiana,10914
1/11/2017,4519,1874,Iowa,6393
1/11/2017,4511,579,Kansas,5090
1/11/2017,7961,1267,Kentucky,9228
1/11/2017,8208,2678,Louisiana,10886
1/11/2017,1154,1151,Maine,2305
1/11/2017,9232,1412,Maryland,10644
1/11/2017,10264,1398,Massachusetts,11662
1/11/2017,12844,1537,Michigan,14381
1/11/2017,7146,659,Minnesota,7805
1/11/2017,11092,1055,Missouri,12147
1/11/2017,913,529,Montana,1442
1/11/2017,4216,771,Nebraska,4987
1/11/2017,3306,586,New Hampshire,3892
1/11/2017,19178,2637,New Jersey,21815
1/11/2017,2537,924,New Mexico,3461
1/11/2017,34740,3161,New York,37901
1/11/2017,10650,4378,North Carolina,15028
1/11/2017,625,668,North Dakota,1293
1/11/2017,10261,2721,Ohio,12982
1/11/2017,2776,2534,Oklahoma,5310
1/11/2017,3365,1123,Oregon,4488
1/11/2017,19334,6384,Pennsylvania,25718
1/11/2017,1063,7109,Puerto Rico,8172
1/11/2017,2576,748,Rhode Island,3324
1/11/2017,4840,3875,South Carolina,8715
1/11/2017,1185,488,South Dakota,1673
1/11/2017,7721,3695,Tennessee,11416
1/11/2017,22523,9714,Texas,32237
1/11/2017,539,491,Vermont,1030
1/11/2017,87,206,Virgin Islands,293
1/11/2017,9321,2310,Virginia,11631
1/11/2017,5962,1076,Washington,7038
1/11/2017,3689,706,West Virginia,4395
1/11/2017,8068,1690,Wisconsin,9758
1/11/2017,531,422,Wyoming,953
1/7/2017,12014,2042,Arizona,14056
1/7/2017,1805,1883,Arkansas,3688
1/7/2017,52484,0,California,52484
1/7/2017,4135,3912,Colorado,8047
1/7/2017,5928,3043,Connecticut,8971
1/7/2017,2259,415,Delaware,2674
1/7/2017,1143,246,Dist. of Columbia,1389
1/7/2017,48493,14809,Florida,63302
1/7/2017,14989,1883,Georgia,16872
1/7/2017,2485,719,Idaho,3204
1/7/2017,14179,2717,Illinois,16896
1/7/2017,9788,2402,Indiana,12190
1/7/2017,4624,1976,Iowa,6600
1/7/2017,4360,621,Kansas,4981
1/7/2017,8331,1453,Kentucky,9784
1/7/2017,8733,2989,Louisiana,11722
1/7/2017,1364,1300,Maine,2664
1/7/2017,10902,1661,Maryland,12563
1/7/2017,11054,1575,Massachusetts,12629
1/7/2017,14134,1763,Michigan,15897
1/7/2017,7660,736,Minnesota,8396
1/7/2017,10636,1020,Missouri,11656
1/7/2017,965,600,Montana,1565
1/7/2017,4061,744,Nebraska,4805
1/7/2017,3678,656,New Hampshire,4334
1/7/2017,17966,2645,New Jersey,20611
1/7/2017,2515,981,New Mexico,3496
1/7/2017,34850,3493,New York,38343
1/7/2017,11796,4794,North Carolina,16590
1/7/2017,655,696,North Dakota,1351
1/7/2017,10997,3236,Ohio,14233
1/7/2017,2765,2640,Oklahoma,5405
1/7/2017,3728,1236,Oregon,4964
1/7/2017,20218,6953,Pennsylvania,27171
1/7/2017,1212,8146,Puerto Rico,9358
1/7/2017,2610,848,Rhode Island,3458
1/7/2017,5680,4770,South Carolina,10450
1/7/2017,1335,576,South Dakota,1911
1/7/2017,8576,4030,Tennessee,12606
1/7/2017,24731,10931,Texas,35662
1/7/2017,608,582,Vermont,1190
1/7/2017,96,264,Virgin Islands,360
1/7/2017,10280,2523,Virginia,12803
1/7/2017,6026,978,Washington,7004
1/7/2017,3723,717,West Virginia,4440
1/7/2017,8560,1884,Wisconsin,10444
1/7/2017,592,418,Wyoming,1010
1/4/2017,10286,1805,Arizona,12091
1/4/2017,1560,1599,Arkansas,3159
1/4/2017,44801,0,California,44801
1/4/2017,3779,3587,Colorado,7366
1/4/2017,5379,2904,Connecticut,8283
1/4/2017,2047,381,Delaware,2428
1/4/2017,1107,222,Dist. of Columbia,1329
1/4/2017,38231,11514,Florida,49745
1/4/2017,13619,1701,Georgia,15320
1/4/2017,2117,656,Idaho,2773
1/4/2017,12470,2505,Illinois,14975
1/4/2017,7666,1781,Indiana,9447
1/4/2017,3736,1630,Iowa,5366
1/4/2017,3855,558,Kansas,4413
1/4/2017,7365,1251,Kentucky,8616
1/4/2017,7595,2525,Louisiana,10120
1/4/2017,1136,1133,Maine,2269
1/4/2017,9335,1509,Maryland,10844
1/4/2017,9930,1431,Massachusetts,11361
1/4/2017,11992,1485,Michigan,13477
1/4/2017,6243,658,Minnesota,6901
1/4/2017,9599,875,Missouri,10474
1/4/2017,842,491,Montana,1333
1/4/2017,3697,677,Nebraska,4374
1/4/2017,3118,601,New Hampshire,3719
1/4/2017,18171,2700,New Jersey,20871
1/4/2017,2300,795,New Mexico,3095
1/4/2017,34039,3500,New York,37539
1/4/2017,11138,4470,North Carolina,15608
1/4/2017,475,557,North Dakota,1032
1/4/2017,9436,2737,Ohio,12173
1/4/2017,2465,2183,Oklahoma,4648
1/4/2017,3123,1095,Oregon,4218
1/4/2017,17114,5974,Pennsylvania,23088
1/4/2017,1031,6591,Puerto Rico,7622
1/4/2017,2386,780,Rhode Island,3166
1/4/2017,4765,4011,South Carolina,8776
1/4/2017,1064,426,South Dakota,1490
1/4/2017,7849,3701,Tennessee,11550
1/4/2017,20188,8946,Texas,29134
1/4/2017,544,478,Vermont,1022
1/4/2017,107,219,Virgin Islands,326
1/4/2017,10036,2485,Virginia,12521
1/4/2017,5158,880,Washington,6038
1/4/2017,3354,718,West Virginia,4072
1/4/2017,7503,1605,Wisconsin,9108
1/4/2017,554,377,Wyoming,931
12/31/2016,14287,2327,Arizona,16614
12/31/2016,2155,2004,Arkansas,4159
12/31/2016,57567,0,California,57567
12/31/2016,5304,4931,Colorado,10235
12/31/2016,7340,3969,Connecticut,11309
12/31/2016,3010,539,Delaware,3549
12/31/2016,1342,293,Dist. of Columbia,1635
12/31/2016,55927,16549,Florida,72476
12/31/2016,18863,2336,Georgia,21199
12/31/2016,3111,914,Idaho,4025
12/31/2016,16912,3135,Illinois,20047
12/31/2016,10968,2671,Indiana,13639
12/31/2016,5137,2293,Iowa,7430
12/31/2016,5310,738,Kansas,6048
12/31/2016,9657,1580,Kentucky,11237
12/31/2016,9716,3208,Louisiana,12924
12/31/2016,1380,1363,Maine,2743
12/31/2016,13736,2009,Maryland,15745
12/31/2016,13552,1914,Massachusetts,15466
12/31/2016,15711,1858,Michigan,17569
12/31/2016,9037,873,Minnesota,9910
12/31/2016,12667,1224,Missouri,13891
12/31/2016,1121,609,Montana,1730
12/31/2016,4682,806,Nebraska,5488
12/31/2016,4219,727,New Hampshire,4946
12/31/2016,24175,3233,New Jersey,27408
12/31/2016,3010,1149,New Mexico,4159
12/31/2016,44922,4029,New York,48951
12/31/2016,15946,6175,North Carolina,22121
12/31/2016,627,764,North Dakota,1391
12/31/2016,12824,3745,Ohio,16569
12/31/2016,3280,3160,Oklahoma,6440
12/31/2016,4335,1502,Oregon,5837
12/31/2016,23503,8085,Pennsylvania,31588
12/31/2016,1564,10245,Puerto Rico,11809
12/31/2016,3570,1057,Rhode Island,4627
12/31/2016,7039,5624,South Carolina,12663
12/31/2016,1417,547,South Dakota,1964
12/31/2016,10194,4874,Tennessee,15068
12/31/2016,29073,12114,Texas,41187
12/31/2016,699,635,Vermont,1334
12/31/2016,124,304,Virgin Islands,428
12/31/2016,13930,3391,Virginia,17321
12/31/2016,6548,1161,Washington,7709
12/31/2016,4619,894,West Virginia,5513
12/31/2016,10178,2094,Wisconsin,12272
12/31/2016,688,477,Wyoming,1165
12/28/2016,9739,1505,Arizona,11244
12/28/2016,1496,1298,Arkansas,2794
12/28/2016,41152,0,California,41152
12/28/2016,3494,3287,Colorado,6781
12/28/2016,5143,2809,Connecticut,7952
12/28/2016,1891,373,Delaware,2264
12/28/2016,987,218,Dist. of Columbia,1205
12/28/2016,35932,11059,Florida,46991
12/28/2016,12274,1496,Georgia,13770
12/28/2016,2309,672,Idaho,2981
12/28/2016,11730,2407,Illinois,14137
12/28/2016,7239,1819,Indiana,9058
12/28/2016,3715,1705,Iowa,5420
12/28/2016,3524,509,Kansas,4033
12/28/2016,6761,1146,Kentucky,7907
12/28/2016,7267,2330,Louisiana,9597
12/28/2016,1226,1184,Maine,2410
12/28/2016,8810,1385,Maryland,10195
12/28/2016,9301,1366,Massachusetts,10667
12/28/2016,11115,1607,Michigan,12722
12/28/2016,6235,623,Minnesota,6858
12/28/2016,8699,874,Missouri,9573
12/28/2016,809,460,Montana,1269
12/28/2016,3676,679,Nebraska,4355
12/28/2016,3394,611,New Hampshire,4005
12/28/2016,17100,2546,New Jersey,19646
12/28/2016,2101,745,New Mexico,2846
12/28/2016,31338,3395,New York,34733
12/28/2016,10417,4061,North Carolina,14478
12/28/2016,471,489,North Dakota,960
12/28/2016,8761,2629,Ohio,11390
12/28/2016,2228,2121,Oklahoma,4349
12/28/2016,3054,1058,Oregon,4112
12/28/2016,16068,5645,Pennsylvania,21713
12/28/2016,1134,6721,Puerto Rico,7855
12/28/2016,2317,739,Rhode Island,3056
12/28/2016,4664,3728,South Carolina,8392
12/28/2016,992,409,South Dakota,1401
12/28/2016,7404,3552,Tennessee,10956
12/28/2016,19090,8540,Texas,27630
12/28/2016,622,494,Vermont,1116
12/28/2016,79,207,Virgin Islands,286
12/28/2016,9299,2394,Virginia,11693
12/28/2016,4652,871,Washington,5523
12/28/2016,3195,623,West Virginia,3818
12/28/2016,7351,1463,Wisconsin,8814
12/28/2016,533,380,Wyoming,913
12/24/2016,13417,1915,Arizona,15332
12/24/2016,2079,1809,Arkansas,3888
12/24/2016,46767,0,California,46767
12/24/2016,5174,4623,Colorado,9797
12/24/2016,6829,3436,Connecticut,10265
12/24/2016,2741,441,Delaware,3182
12/24/2016,1145,247,Dist. of Columbia,1392
12/24/2016,47625,13703,Florida,61328
12/24/2016,15424,1596,Georgia,17020
12/24/2016,3002,788,Idaho,3790
12/24/2016,14780,2551,Illinois,17331
12/24/2016,10796,2417,Indiana,13213
12/24/2016,4986,2044,Iowa,7030
12/24/2016,5137,653,Kansas,5790
12/24/2016,9821,1473,Kentucky,11294
12/24/2016,9067,2815,Louisiana,11882
12/24/2016,1886,1710,Maine,3596
12/24/2016,12078,1554,Maryland,13632
12/24/2016,11441,1526,Massachusetts,12967
12/24/2016,13792,1588,Michigan,15380
12/24/2016,8602,724,Minnesota,9326
12/24/2016,12107,1009,Missouri,13116
12/24/2016,1204,638,Montana,1842
12/24/2016,5010,795,Nebraska,5805
12/24/2016,4747,698,New Hampshire,5445
12/24/2016,20547,2705,New Jersey,23252
12/24/2016,2822,982,New Mexico,3804
12/24/2016,35108,3044,New York,38152
12/24/2016,13831,5340,North Carolina,19171
12/24/2016,759,766,North Dakota,1525
12/24/2016,11348,3003,Ohio,14351
12/24/2016,2982,2754,Oklahoma,5736
12/24/2016,4276,1299,Oregon,5575
12/24/2016,21487,7029,Pennsylvania,28516
12/24/2016,1311,8742,Puerto Rico,10053
12/24/2016,3767,940,Rhode Island,4707
12/24/2016,5913,4795,South Carolina,10708
12/24/2016,1390,551,South Dakota,1941
12/24/2016,9635,4273,Tennessee,13908
12/24/2016,24476,10147,Texas,34623
12/24/2016,860,696,Vermont,1556
12/24/2016,110,269,Virgin Islands,379
12/24/2016,11640,2680,Virginia,14320
12/24/2016,6049,975,Washington,7024
12/24/2016,4702,868,West Virginia,5570
12/24/2016,9571,1895,Wisconsin,11466
12/24/2016,617,477,Wyoming,1094
12/21/2016,10109,1634,Arizona,11743
12/21/2016,1501,1382,Arkansas,2883
12/21/2016,42057,0,California,42057
12/21/2016,3649,3415,Colorado,7064
12/21/2016,5190,2894,Connecticut,8084
12/21/2016,2007,371,Delaware,2378
12/21/2016,1026,214,Dist. of Columbia,1240
12/21/2016,36316,11400,Florida,47716
12/21/2016,12317,1579,Georgia,13896
12/21/2016,2834,746,Idaho,3580
12/21/2016,11644,2328,Illinois,13972
12/21/2016,7679,1872,Indiana,9551
12/21/2016,3896,1719,Iowa,5615
12/21/2016,3661,532,Kansas,4193
12/21/2016,7119,1153,Kentucky,8272
12/21/2016,7153,2385,Louisiana,9538
12/21/2016,1178,1283,Maine,2461
12/21/2016,9299,1531,Maryland,10830
12/21/2016,9764,1469,Massachusetts,11233
12/21/2016,11525,1533,Michigan,13058
12/21/2016,6282,657,Minnesota,6939
12/21/2016,9068,870,Missouri,9938
12/21/2016,939,590,Montana,1529
12/21/2016,3782,730,Nebraska,4512
12/21/2016,3488,651,New Hampshire,4139
12/21/2016,18031,2692,New Jersey,20723
12/21/2016,2245,814,New Mexico,3059
12/21/2016,32341,3414,New York,35755
12/21/2016,11213,4535,North Carolina,15748
12/21/2016,519,626,North Dakota,1145
12/21/2016,9489,2822,Ohio,12311
12/21/2016,2304,2182,Oklahoma,4486
12/21/2016,3096,1098,Oregon,4194
12/21/2016,16762,6049,Pennsylvania,22811
12/21/2016,1049,7090,Puerto Rico,8139
12/21/2016,2500,807,Rhode Island,3307
12/21/2016,4725,3850,South Carolina,8575
12/21/2016,1122,420,South Dakota,1542
12/21/2016,7511,3655,Tennessee,11166
12/21/2016,18663,8482,Texas,27145
12/21/2016,577,505,Vermont,1082
12/21/2016,98,221,Virgin Islands,319
12/21/2016,9742,2618,Virginia,12360
12/21/2016,4810,864,Washington,5674
12/21/2016,3324,688,West Virginia,4012
12/21/2016,7243,1498,Wisconsin,8741
12/21/2016,580,433,Wyoming,1013
12/17/2016,13607,2126,Arizona,15733
12/17/2016,2296,2130,Arkansas,4426
12/17/2016,67707,0,California,67707
12/17/2016,5172,4266,Colorado,9438
12/17/2016,6875,3418,Connecticut,10293
12/17/2016,2890,510,Delaware,3400
12/17/2016,1246,297,Dist. of Columbia,1543
12/17/2016,55899,16411,Florida,72310
12/17/2016,19207,2234,Georgia,21441
12/17/2016,3206,869,Idaho,4075
12/17/2016,18155,3201,Illinois,21356
12/17/2016,12013,2825,Indiana,14838
12/17/2016,5286,2152,Iowa,7438
12/17/2016,4677,647,Kansas,5324
12/17/2016,10030,1671,Kentucky,11701
12/17/2016,10682,3336,Louisiana,14018
12/17/2016,1400,1323,Maine,2723
12/17/2016,12731,1986,Maryland,14717
12/17/2016,13324,1709,Massachusetts,15033
12/17/2016,16783,1915,Michigan,18698
12/17/2016,8748,789,Minnesota,9537
12/17/2016,13394,1157,Missouri,14551
12/17/2016,903,598,Montana,1501
12/17/2016,4574,768,Nebraska,5342
12/17/2016,3859,648,New Hampshire,4507
12/17/2016,24839,3244,New Jersey,28083
12/17/2016,2859,1096,New Mexico,3955
12/17/2016,44502,4213,New York,48715
12/17/2016,15772,6111,North Carolina,21883
12/17/2016,737,777,North Dakota,1514
12/17/2016,13773,3727,Ohio,17500
12/17/2016,3586,3272,Oklahoma,6858
12/17/2016,4784,1399,Oregon,6183
12/17/2016,25087,7914,Pennsylvania,33001
12/17/2016,1597,11205,Puerto Rico,12802
12/17/2016,3159,927,Rhode Island,4086
12/17/2016,6720,5336,South Carolina,12056
12/17/2016,1376,535,South Dakota,1911
12/17/2016,11125,4911,Tennessee,16036
12/17/2016,31945,13025,Texas,44970
12/17/2016,752,533,Vermont,1285
12/17/2016,130,350,Virgin Islands,480
12/17/2016,13869,3236,Virginia,17105
12/17/2016,7526,1188,Washington,8714
12/17/2016,4522,831,West Virginia,5353
12/17/2016,9571,2022,Wisconsin,11593
12/17/2016,707,472,Wyoming,1179
12/14/2016,11842,1756,Arizona,13598
12/14/2016,1938,1745,Arkansas,3683
12/14/2016,63224,0,California,63224
12/14/2016,4839,3972,Colorado,8811
12/14/2016,6287,3129,Connecticut,9416
12/14/2016,2335,422,Delaware,2757
12/14/2016,1286,291,Dist. of Columbia,1577
12/14/2016,41461,12142,Florida,53603
12/14/2016,15711,1893,Georgia,17604
12/14/2016,2904,776,Idaho,3680
12/14/2016,15694,2728,Illinois,18422
12/14/2016,9473,2083,Indiana,11556
12/14/2016,4408,1714,Iowa,6122
12/14/2016,4466,586,Kansas,5052
12/14/2016,8314,1335,Kentucky,9649
12/14/2016,8519,2669,Louisiana,11188
12/14/2016,1168,1135,Maine,2303
12/14/2016,10861,1722,Maryland,12583
12/14/2016,12038,1461,Massachusetts,13499
12/14/2016,13832,1658,Michigan,15490
12/14/2016,7561,666,Minnesota,8227
12/14/2016,12403,1028,Missouri,13431
12/14/2016,930,611,Montana,1541
12/14/2016,4584,779,Nebraska,5363
12/14/2016,3257,559,New Hampshire,3816
12/14/2016,23601,3105,New Jersey,26706
12/14/2016,2639,956,New Mexico,3595
12/14/2016,43699,3897,New York,47596
12/14/2016,12429,4872,North Carolina,17301
12/14/2016,643,669,North Dakota,1312
12/14/2016,11634,3016,Ohio,14650
12/14/2016,2967,2477,Oklahoma,5444
12/14/2016,4703,1328,Oregon,6031
12/14/2016,21548,6796,Pennsylvania,28344
12/14/2016,1216,7977,Puerto Rico,9193
12/14/2016,2877,815,Rhode Island,3692
12/14/2016,5219,4210,South Carolina,9429
12/14/2016,1284,500,South Dakota,1784
12/14/2016,8390,3700,Tennessee,12090
12/14/2016,24556,9984,Texas,34540
12/14/2016,584,461,Vermont,1045
12/14/2016,91,232,Virgin Islands,323
12/14/2016,11468,2642,Virginia,14110
12/14/2016,7224,1107,Washington,8331
12/14/2016,3807,706,West Virginia,4513
12/14/2016,8384,1641,Wisconsin,10025
12/14/2016,635,487,Wyoming,1122
12/10/2016,11310,1788,Arizona,13098
12/10/2016,1862,1740,Arkansas,3602
12/10/2016,52155,0,California,52155
12/10/2016,4365,3909,Colorado,8274
12/10/2016,6131,3083,Connecticut,9214
12/10/2016,2314,426,Delaware,2740
12/10/2016,1184,232,Dist. of Columbia,1416
12/10/2016,42365,12473,Florida,54838
12/10/2016,15480,1810,Georgia,17290
12/10/2016,2760,752,Idaho,3512
12/10/2016,15118,2840,Illinois,17958
12/10/2016,10109,2376,Indiana,12485
12/10/2016,4448,1757,Iowa,6205
12/10/2016,4390,582,Kansas,4972
12/10/2016,8355,1311,Kentucky,9666
12/10/2016,8658,2713,Louisiana,11371
12/10/2016,1219,1251,Maine,2470
12/10/2016,10802,1694,Maryland,12496
12/10/2016,10964,1507,Massachusetts,12471
12/10/2016,13915,1706,Michigan,15621
12/10/2016,7418,723,Minnesota,8141
12/10/2016,11464,1044,Missouri,12508
12/10/2016,925,568,Montana,1493
12/10/2016,4243,785,Nebraska,5028
12/10/2016,3544,617,New Hampshire,4161
12/10/2016,20745,2896,New Jersey,23641
12/10/2016,2474,859,New Mexico,3333
12/10/2016,39943,3573,New York,43516
12/10/2016,12727,5161,North Carolina,17888
12/10/2016,639,669,North Dakota,1308
12/10/2016,11303,3211,Ohio,14514
12/10/2016,2729,2434,Oklahoma,5163
12/10/2016,3681,1157,Oregon,4838
12/10/2016,19600,6465,Pennsylvania,26065
12/10/2016,1432,9727,Puerto Rico,11159
12/10/2016,3118,849,Rhode Island,3967
12/10/2016,5479,4339,South Carolina,9818
12/10/2016,1134,493,South Dakota,1627
12/10/2016,8241,3947,Tennessee,12188
12/10/2016,23227,9809,Texas,33036
12/10/2016,582,517,Vermont,1099
12/10/2016,134,245,Virgin Islands,379
12/10/2016,10863,2660,Virginia,13523
12/10/2016,5830,934,Washington,6764
12/10/2016,3765,702,West Virginia,4467
12/10/2016,8942,1786,Wisconsin,10728
12/10/2016,615,441,Wyoming,1056
12/7/2016,9621,1481,Arizona,11102
12/7/2016,1522,1415,Arkansas,2937
12/7/2016,43282,0,California,43282
12/7/2016,3602,3248,Colorado,6850
12/7/2016,4980,2713,Connecticut,7693
12/7/2016,1842,362,Delaware,2204
12/7/2016,990,212,Dist. of Columbia,1202
12/7/2016,35015,10617,Florida,45632
12/7/2016,11436,1375,Georgia,12811
12/7/2016,2584,710,Idaho,3294
12/7/2016,12381,2320,Illinois,14701
12/7/2016,8461,1984,Indiana,10445
12/7/2016,4030,1734,Iowa,5764
12/7/2016,3897,474,Kansas,4371
12/7/2016,7017,1155,Kentucky,8172
12/7/2016,7295,2326,Louisiana,9621
12/7/2016,979,956,Maine,1935
12/7/2016,8828,1348,Maryland,10176
12/7/2016,9161,1234,Massachusetts,10395
12/7/2016,11823,1351,Michigan,13174
12/7/2016,6455,641,Minnesota,7096
12/7/2016,9561,851,Missouri,10412
12/7/2016,856,489,Montana,1345
12/7/2016,3572,671,Nebraska,4243
12/7/2016,2798,506,New Hampshire,3304
12/7/2016,17273,2257,New Jersey,19530
12/7/2016,2157,799,New Mexico,2956
12/7/2016,30710,2710,New York,33420
12/7/2016,10212,4135,North Carolina,14347
12/7/2016,444,574,North Dakota,1018
12/7/2016,9546,2626,Ohio,12172
12/7/2016,2454,2290,Oklahoma,4744
12/7/2016,3525,1153,Oregon,4678
12/7/2016,16551,5617,Pennsylvania,22168
12/7/2016,1062,6779,Puerto Rico,7841
12/7/2016,2266,742,Rhode Island,3008
12/7/2016,4480,3409,South Carolina,7889
12/7/2016,1094,399,South Dakota,1493
12/7/2016,6924,3217,Tennessee,10141
12/7/2016,19309,8279,Texas,27588
12/7/2016,469,410,Vermont,879
12/7/2016,111,171,Virgin Islands,282
12/7/2016,8619,2066,Virginia,10685
12/7/2016,5509,853,Washington,6362
12/7/2016,3351,589,West Virginia,3940
12/7/2016,7112,1581,Wisconsin,8693
12/7/2016,647,430,Wyoming,1077
12/3/2016,10619,1696,Arizona,12315
12/3/2016,1715,1567,Arkansas,3282
12/3/2016,44389,0,California,44389
12/3/2016,3811,3591,Colorado,7402
12/3/2016,5799,2986,Connecticut,8785
12/3/2016,2164,427,Delaware,2591
12/3/2016,1197,215,Dist. of Columbia,1412
12/3/2016,40009,12084,Florida,52093
12/3/2016,13967,1612,Georgia,15579
12/3/2016,2777,821,Idaho,3598
12/3/2016,13596,2576,Illinois,16172
12/3/2016,9849,2293,Indiana,12142
12/3/2016,4362,1860,Iowa,6222
12/3/2016,4147,549,Kansas,4696
12/3/2016,8148,1328,Kentucky,9476
12/3/2016,8375,2643,Louisiana,11018
12/3/2016,1260,1214,Maine,2474
12/3/2016,10009,1541,Maryland,11550
12/3/2016,10233,1443,Massachusetts,11676
12/3/2016,13129,1517,Michigan,14646
12/3/2016,7152,668,Minnesota,7820
12/3/2016,10594,953,Missouri,11547
12/3/2016,944,585,Montana,1529
12/3/2016,3821,750,Nebraska,4571
12/3/2016,3336,640,New Hampshire,3976
12/3/2016,18865,2619,New Jersey,21484
12/3/2016,2448,826,New Mexico,3274
12/3/2016,34394,3114,New York,37508
12/3/2016,11997,4881,North Carolina,16878
12/3/2016,531,803,North Dakota,1334
12/3/2016,10753,2967,Ohio,13720
12/3/2016,2497,2332,Oklahoma,4829
12/3/2016,3469,1241,Oregon,4710
12/3/2016,18231,6401,Pennsylvania,24632
12/3/2016,1238,9029,Puerto Rico,10267
12/3/2016,2802,802,Rhode Island,3604
12/3/2016,5186,4054,South Carolina,9240
12/3/2016,1144,466,South Dakota,1610
12/3/2016,7648,3501,Tennessee,11149
12/3/2016,20709,9039,Texas,29748
12/3/2016,588,530,Vermont,1118
12/3/2016,93,238,Virgin Islands,331
12/3/2016,9885,2472,Virginia,12357
12/3/2016,5184,896,Washington,6080
12/3/2016,3561,674,West Virginia,4235
12/3/2016,8188,1756,Wisconsin,9944
12/3/2016,710,490,Wyoming,1200
11/30/2016,11308,2064,Arizona,13372
11/30/2016,1790,1711,Arkansas,3501
11/30/2016,53136,0,California,53136
11/30/2016,3919,3790,Colorado,7709
11/30/2016,5629,3018,Connecticut,8647
11/30/2016,2161,412,Delaware,2573
11/30/2016,1203,275,Dist. of Columbia,1478
11/30/2016,42162,13374,Florida,55536
11/30/2016,14525,1992,Georgia,16517
11/30/2016,3344,891,Idaho,4235
11/30/2016,14521,3015,Illinois,17536
11/30/2016,8583,2224,Indiana,10807
11/30/2016,4293,1783,Iowa,6076
11/30/2016,4140,626,Kansas,4766
11/30/2016,7732,1352,Kentucky,9084
11/30/2016,8414,2878,Louisiana,11292
11/30/2016,1164,1087,Maine,2251
11/30/2016,10394,1790,Maryland,12184
11/30/2016,11154,1785,Massachusetts,12939
11/30/2016,13980,1808,Michigan,15788
11/30/2016,7139,764,Minnesota,7903
11/30/2016,9826,997,Missouri,10823
11/30/2016,1065,630,Montana,1695
11/30/2016,4252,781,Nebraska,5033
11/30/2016,3298,658,New Hampshire,3956
11/30/2016,19284,2870,New Jersey,22154
11/30/2016,2389,857,New Mexico,3246
11/30/2016,35905,3750,New York,39655
11/30/2016,12555,5309,North Carolina,17864
11/30/2016,518,756,North Dakota,1274
11/30/2016,10813,3392,Ohio,14205
11/30/2016,2650,2559,Oklahoma,5209
11/30/2016,3602,1255,Oregon,4857
11/30/2016,18421,6574,Pennsylvania,24995
11/30/2016,1175,7531,Puerto Rico,8706
11/30/2016,2605,905,Rhode Island,3510
11/30/2016,5493,4486,South Carolina,9979
11/30/2016,1099,420,South Dakota,1519
11/30/2016,7550,3676,Tennessee,11226
11/30/2016,21979,9767,Texas,31746
11/30/2016,586,486,Vermont,1072
11/30/2016,96,281,Virgin Islands,377
11/30/2016,10942,2855,Virginia,13797
11/30/2016,5386,1028,Washington,6414
11/30/2016,3645,762,West Virginia,4407
11/30/2016,8018,1796,Wisconsin,9814
11/30/2016,818,553,Wyoming,1371
11/26/2016,37633,4427,Arizona,42060
11/26/2016,6281,5146,Arkansas,11427
11/26/2016,196953,0,California,196953
11/26/2016,14297,9775,Colorado,24072
11/26/2016,20073,7645,Connecticut,27718
11/26/2016,7515,887,Delaware,8402
11/26/2016,2585,392,Dist. of Columbia,2977
11/26/2016,138034,31630,Florida,169664
11/26/2016,50738,4150,Georgia,54888
11/26/2016,7881,1746,Idaho,9627
11/26/2016,64250,7943,Illinois,72193
11/26/2016,35497,5756,Indiana,41253
11/26/2016,13266,4520,Iowa,17786
11/26/2016,11655,1162,Kansas,12817
11/26/2016,21605,2629,Kentucky,24234
11/26/2016,22341,5345,Louisiana,27686
11/26/2016,3163,2440,Maine,5603
11/26/2016,35549,3557,Maryland,39106
11/26/2016,53850,3957,Massachusetts,57807
11/26/2016,59762,4064,Michigan,63826
11/26/2016,26206,1567,Minnesota,27773
11/26/2016,36064,2123,Missouri,38187
11/26/2016,2503,1124,Montana,3627
11/26/2016,10606,1505,Nebraska,12111
11/26/2016,11582,1350,New Hampshire,12932
11/26/2016,94606,7768,New Jersey,102374
11/26/2016,7199,2062,New Mexico,9261
11/26/2016,161890,8741,New York,170631
11/26/2016,41907,12039,North Carolina,53946
11/26/2016,1832,1745,North Dakota,3577
11/26/2016,41108,7975,Ohio,49083
11/26/2016,8514,6111,Oklahoma,14625
11/26/2016,14447,2933,Oregon,17380
11/26/2016,81069,19687,Pennsylvania,100756
11/26/2016,1874,11009,Puerto Rico,12883
11/26/2016,9545,2166,Rhode Island,11711
11/26/2016,16163,9804,South Carolina,25967
11/26/2016,3332,1103,South Dakota,4435
11/26/2016,25199,9336,Tennessee,34535
11/26/2016,82641,26964,Texas,109605
11/26/2016,1738,1048,Vermont,2786
11/26/2016,217,437,Virgin Islands,654
11/26/2016,37968,6560,Virginia,44528
11/26/2016,21365,2571,Washington,23936
11/26/2016,10683,1517,West Virginia,12200
11/26/2016,28145,3948,Wisconsin,32093
11/26/2016,1455,883,Wyoming,2338
11/23/2016,26263,3098,Arizona,29361
11/23/2016,5460,4526,Arkansas,9986
11/23/2016,163052,0,California,163052
11/23/2016,12323,8489,Colorado,20812
11/23/2016,16545,6849,Connecticut,23394
11/23/2016,6249,840,Delaware,7089
11/23/2016,2356,351,Dist. of Columbia,2707
11/23/2016,111063,27521,Florida,138584
11/23/2016,38622,3733,Georgia,42355
11/23/2016,6729,1579,Idaho,8308
11/23/2016,51729,6944,Illinois,58673
11/23/2016,26489,4452,Indiana,30941
11/23/2016,12345,4161,Iowa,16506
11/23/2016,9949,1086,Kansas,11035
11/23/2016,19293,2499,Kentucky,21792
11/23/2016,17041,4428,Louisiana,21469
11/23/2016,2735,2194,Maine,4929
11/23/2016,32085,3419,Maryland,35504
11/23/2016,42877,3701,Massachusetts,46578
11/23/2016,48327,3894,Michigan,52221
11/23/2016,19927,1346,Minnesota,21273
11/23/2016,31941,2038,Missouri,33979
11/23/2016,1884,979,Montana,2863
11/23/2016,9699,1405,Nebraska,11104
11/23/2016,9978,1302,New Hampshire,11280
11/23/2016,81687,7329,New Jersey,89016
11/23/2016,5403,1683,New Mexico,7086
11/23/2016,128798,8268,New York,137066
11/23/2016,34422,10713,North Carolina,45135
11/23/2016,1890,1793,North Dakota,3683
11/23/2016,37466,7132,Ohio,44598
11/23/2016,7151,5198,Oklahoma,12349
11/23/2016,13094,2760,Oregon,15854
11/23/2016,66790,15973,Pennsylvania,82763
11/23/2016,1673,10003,Puerto Rico,11676
11/23/2016,7576,1841,Rhode Island,9417
11/23/2016,12632,8301,South Carolina,20933
11/23/2016,2924,974,South Dakota,3898
11/23/2016,20945,8091,Tennessee,29036
11/23/2016,62989,21640,Texas,84629
11/23/2016,1343,887,Vermont,2230
11/23/2016,200,347,Virgin Islands,547
11/23/2016,29848,5511,Virginia,35359
11/23/2016,18097,2306,Washington,20403
11/23/2016,8725,1399,West Virginia,10124
11/23/2016,22921,3278,Wisconsin,26199
11/23/2016,1234,822,Wyoming,2056
11/19/2016,21115,2605,Arizona,23720
11/19/2016,4097,3356,Arkansas,7453
11/19/2016,129785,0,California,129785
11/19/2016,9175,6721,Colorado,15896
11/19/2016,13061,5416,Connecticut,18477
11/19/2016,4923,685,Delaware,5608
11/19/2016,2052,330,Dist. of Columbia,2382
11/19/2016,81660,21171,Florida,102831
11/19/2016,28293,2701,Georgia,30994
11/19/2016,5612,1301,Idaho,6913
11/19/2016,36431,5186,Illinois,41617
11/19/2016,22624,4123,Indiana,26747
11/19/2016,9295,3198,Iowa,12493
11/19/2016,8611,972,Kansas,9583
11/19/2016,15963,2006,Kentucky,17969
11/19/2016,16102,4187,Louisiana,20289
11/19/2016,2173,1809,Maine,3982
11/19/2016,26057,2722,Maryland,28779
11/19/2016,31137,2756,Massachusetts,33893
11/19/2016,37040,2992,Michigan,40032
11/19/2016,16891,1115,Minnesota,18006
11/19/2016,25017,1674,Missouri,26691
11/19/2016,1482,757,Montana,2239
11/19/2016,7794,1227,Nebraska,9021
11/19/2016,7284,984,New Hampshire,8268
11/19/2016,58503,5432,New Jersey,63935
11/19/2016,4587,1458,New Mexico,6045
11/19/2016,92434,5947,New York,98381
11/19/2016,28040,9046,North Carolina,37086
11/19/2016,1415,1381,North Dakota,2796
11/19/2016,27919,5376,Ohio,33295
11/19/2016,5952,4389,Oklahoma,10341
11/19/2016,10289,2324,Oregon,12613
11/19/2016,53588,13458,Pennsylvania,67046
11/19/2016,1816,11818,Puerto Rico,13634
11/19/2016,6187,1568,Rhode Island,7755
11/19/2016,9891,6638,South Carolina,16529
11/19/2016,2251,763,South Dakota,3014
11/19/2016,15853,6372,Tennessee,22225
11/19/2016,50414,17793,Texas,68207
11/19/2016,1146,787,Vermont,1933
11/19/2016,163,304,Virgin Islands,467
11/19/2016,22466,4083,Virginia,26549
11/19/2016,13436,1662,Washington,15098
11/19/2016,7730,1254,West Virginia,8984
11/19/2016,18368,2922,Wisconsin,21290
11/19/2016,994,623,Wyoming,1617
11/16/2016,19597,2752,Arizona,22349
11/16/2016,3598,2953,Arkansas,6551
11/16/2016,127981,0,California,127981
11/16/2016,8491,6558,Colorado,15049
11/16/2016,12119,5190,Connecticut,17309
11/16/2016,4450,693,Delaware,5143
11/16/2016,2130,408,Dist. of Columbia,2538
11/16/2016,75568,21103,Florida,96671
11/16/2016,26685,3145,Georgia,29830
11/16/2016,5171,1277,Idaho,6448
11/16/2016,31957,5103,Illinois,37060
11/16/2016,18304,3734,Indiana,22038
11/16/2016,8500,2904,Iowa,11404
11/16/2016,7647,963,Kansas,8610
11/16/2016,14540,2084,Kentucky,16624
11/16/2016,14983,4305,Louisiana,19288
11/16/2016,1882,1555,Maine,3437
11/16/2016,21715,2902,Maryland,24617
11/16/2016,27696,3005,Massachusetts,30701
11/16/2016,32643,3181,Michigan,35824
11/16/2016,14792,1275,Minnesota,16067
11/16/2016,21074,1707,Missouri,22781
11/16/2016,1564,777,Montana,2341
11/16/2016,7464,1174,Nebraska,8638
11/16/2016,5705,911,New Hampshire,6616
11/16/2016,55322,5439,New Jersey,60761
11/16/2016,4151,1477,New Mexico,5628
11/16/2016,89862,6653,New York,96515
11/16/2016,25980,8754,North Carolina,34734
11/16/2016,1294,1374,North Dakota,2668
11/16/2016,25719,5611,Ohio,31330
11/16/2016,5882,4387,Oklahoma,10269
11/16/2016,9436,2227,Oregon,11663
11/16/2016,47501,12677,Pennsylvania,60178
11/16/2016,1745,10394,Puerto Rico,12139
11/16/2016,5144,1381,Rhode Island,6525
11/16/2016,9142,6678,South Carolina,15820
11/16/2016,2295,730,South Dakota,3025
11/16/2016,14471,6206,Tennessee,20677
11/16/2016,46175,17152,Texas,63327
11/16/2016,1030,718,Vermont,1748
11/16/2016,147,313,Virgin Islands,460
11/16/2016,20895,4413,Virginia,25308
11/16/2016,12663,1811,Washington,14474
11/16/2016,6648,1226,West Virginia,7874
11/16/2016,16477,2892,Wisconsin,19369
11/16/2016,1115,756,Wyoming,1871
11/12/2016,16756,2135,Arizona,18891
11/12/2016,3116,2660,Arkansas,5776
11/12/2016,98720,0,California,98720
11/12/2016,7472,5657,Colorado,13129
11/12/2016,9965,4380,Connecticut,14345
11/12/2016,3934,571,Delaware,4505
11/12/2016,1604,278,Dist. of Columbia,1882
11/12/2016,61564,16598,Florida,78162
11/12/2016,22170,2266,Georgia,24436
11/12/2016,4486,1075,Idaho,5561
11/12/2016,25920,4099,Illinois,30019
11/12/2016,16926,3349,Indiana,20275
11/12/2016,7540,2762,Iowa,10302
11/12/2016,7002,843,Kansas,7845
11/12/2016,13031,1768,Kentucky,14799
11/12/2016,12787,3639,Louisiana,16426
11/12/2016,1855,1592,Maine,3447
11/12/2016,18672,2178,Maryland,20850
11/12/2016,20166,2093,Massachusetts,22259
11/12/2016,26104,2378,Michigan,28482
11/12/2016,12988,964,Minnesota,13952
11/12/2016,18933,1461,Missouri,20394
11/12/2016,1309,654,Montana,1963
11/12/2016,6496,1033,Nebraska,7529
11/12/2016,5435,811,New Hampshire,6246
11/12/2016,41148,4214,New Jersey,45362
11/12/2016,3708,1109,New Mexico,4817
11/12/2016,67158,4948,New York,72106
11/12/2016,21115,7059,North Carolina,28174
11/12/2016,1142,1111,North Dakota,2253
11/12/2016,21019,4453,Ohio,25472
11/12/2016,4656,3640,Oklahoma,8296
11/12/2016,7886,1987,Oregon,9873
11/12/2016,40088,10850,Pennsylvania,50938
11/12/2016,1644,10903,Puerto Rico,12547
11/12/2016,4663,1296,Rhode Island,5959
11/12/2016,7810,5575,South Carolina,13385
11/12/2016,1910,668,South Dakota,2578
11/12/2016,12645,5262,Tennessee,17907
11/12/2016,39612,14094,Texas,53706
11/12/2016,898,677,Vermont,1575
11/12/2016,113,271,Virgin Islands,384
11/12/2016,16962,3451,Virginia,20413
11/12/2016,10777,1463,Washington,12240
11/12/2016,5897,976,West Virginia,6873
11/12/2016,14756,2492,Wisconsin,17248
11/12/2016,917,576,Wyoming,1493
11/9/2016,15402,1953,Arizona,17355
11/9/2016,2673,2329,Arkansas,5002
11/9/2016,95251,0,California,95251
11/9/2016,7050,5169,Colorado,12219
11/9/2016,9006,3963,Connecticut,12969
11/9/2016,3244,506,Delaware,3750
11/9/2016,1596,271,Dist. of Columbia,1867
11/9/2016,52719,14494,Florida,67213
11/9/2016,19331,2072,Georgia,21403
11/9/2016,3977,948,Idaho,4925
11/9/2016,24216,3698,Illinois,27914
11/9/2016,13953,2689,Indiana,16642
11/9/2016,6842,2377,Iowa,9219
11/9/2016,6196,741,Kansas,6937
11/9/2016,10886,1473,Kentucky,12359
11/9/2016,11122,3076,Louisiana,14198
11/9/2016,1652,1403,Maine,3055
11/9/2016,16453,1972,Maryland,18425
11/9/2016,18291,1924,Massachusetts,20215
11/9/2016,23581,2263,Michigan,25844
11/9/2016,11766,864,Minnesota,12630
11/9/2016,16941,1235,Missouri,18176
11/9/2016,1218,658,Montana,1876
11/9/2016,5995,955,Nebraska,6950
11/9/2016,4713,725,New Hampshire,5438
11/9/2016,36718,3819,New Jersey,40537
11/9/2016,3192,1036,New Mexico,4228
11/9/2016,60531,4763,New York,65294
11/9/2016,18066,6074,North Carolina,24140
11/9/2016,1087,1108,North Dakota,2195
11/9/2016,18251,3800,Ohio,22051
11/9/2016,4191,3260,Oklahoma,7451
11/9/2016,7890,1777,Oregon,9667
11/9/2016,34979,9340,Pennsylvania,44319
11/9/2016,1122,6812,Puerto Rico,7934
11/9/2016,3556,1017,Rhode Island,4573
11/9/2016,6976,4777,South Carolina,11753
11/9/2016,1866,649,South Dakota,2515
11/9/2016,11085,4466,Tennessee,15551
11/9/2016,35260,13019,Texas,48279
11/9/2016,847,556,Vermont,1403
11/9/2016,106,240,Virgin Islands,346
11/9/2016,15695,3113,Virginia,18808
11/9/2016,10397,1420,Washington,11817
11/9/2016,5101,843,West Virginia,5944
11/9/2016,12670,2109,Wisconsin,14779
11/9/2016,900,586,Wyoming,1486
11/5/2016,16314,2341,Arizona,18655
11/5/2016,3127,2690,Arkansas,5817
11/5/2016,97984,0,California,97984
11/5/2016,7208,5665,Colorado,12873
11/5/2016,9853,4359,Connecticut,14212
11/5/2016,3664,569,Delaware,4233
11/5/2016,1593,339,Dist. of Columbia,1932
11/5/2016,61594,17503,Florida,79097
11/5/2016,22311,2673,Georgia,24984
11/5/2016,4204,1106,Idaho,5310
11/5/2016,24046,4035,Illinois,28081
11/5/2016,15424,3161,Indiana,18585
11/5/2016,7080,2595,Iowa,9675
11/5/2016,6820,832,Kansas,7652
11/5/2016,12542,1844,Kentucky,14386
11/5/2016,12832,3700,Louisiana,16532
11/5/2016,1738,1591,Maine,3329
11/5/2016,17700,2398,Maryland,20098
11/5/2016,20140,2212,Massachusetts,22352
11/5/2016,25001,2552,Michigan,27553
11/5/2016,12299,979,Minnesota,13278
11/5/2016,17665,1355,Missouri,19020
11/5/2016,1370,670,Montana,2040
11/5/2016,6358,1038,Nebraska,7396
11/5/2016,5070,812,New Hampshire,5882
11/5/2016,37966,4096,New Jersey,42062
11/5/2016,3584,1270,New Mexico,4854
11/5/2016,65029,5269,New York,70298
11/5/2016,20916,7491,North Carolina,28407
11/5/2016,1003,985,North Dakota,1988
11/5/2016,19129,4357,Ohio,23486
11/5/2016,4570,3655,Oklahoma,8225
11/5/2016,7434,1925,Oregon,9359
11/5/2016,36883,10684,Pennsylvania,47567
11/5/2016,1667,11037,Puerto Rico,12704
11/5/2016,4306,1173,Rhode Island,5479
11/5/2016,7857,5933,South Carolina,13790
11/5/2016,1810,658,South Dakota,2468
11/5/2016,12234,5312,Tennessee,17546
11/5/2016,37744,14178,Texas,51922
11/5/2016,889,652,Vermont,1541
11/5/2016,121,341,Virgin Islands,462
11/5/2016,17013,3574,Virginia,20587
11/5/2016,10294,1390,Washington,11684
11/5/2016,5610,998,West Virginia,6608
11/5/2016,13443,2297,Wisconsin,15740
11/5/2016,882,619,Wyoming,1501
11/2/2016,14384,2126,Arizona,16510
11/2/2016,2283,1958,Arkansas,4241
11/2/2016,79570,0,California,79570
11/2/2016,6456,5086,Colorado,11542
11/2/2016,8866,3996,Connecticut,12862
11/2/2016,3022,553,Delaware,3575
11/2/2016,1566,288,Dist. of Columbia,1854
11/2/2016,51539,15076,Florida,66615
11/2/2016,18905,2145,Georgia,21050
11/2/2016,3883,927,Idaho,4810
11/2/2016,20902,3565,Illinois,24467
11/2/2016,12280,2616,Indiana,14896
11/2/2016,6457,2377,Iowa,8834
11/2/2016,5944,740,Kansas,6684
11/2/2016,10504,1581,Kentucky,12085
11/2/2016,10449,3141,Louisiana,13590
11/2/2016,1653,1473,Maine,3126
11/2/2016,14162,2051,Maryland,16213
11/2/2016,17050,2113,Massachusetts,19163
11/2/2016,20215,2323,Michigan,22538
11/2/2016,10933,936,Minnesota,11869
11/2/2016,15474,1274,Missouri,16748
11/2/2016,1263,681,Montana,1944
11/2/2016,5797,952,Nebraska,6749
11/2/2016,4470,787,New Hampshire,5257
11/2/2016,33066,3903,New Jersey,36969
11/2/2016,3077,1024,New Mexico,4101
11/2/2016,55081,4830,New York,59911
11/2/2016,18125,6558,North Carolina,24683
11/2/2016,915,899,North Dakota,1814
11/2/2016,16306,3971,Ohio,20277
11/2/2016,3982,3215,Oklahoma,7197
11/2/2016,6855,1761,Oregon,8616
11/2/2016,32357,9475,Pennsylvania,41832
11/2/2016,1422,8886,Puerto Rico,10308
11/2/2016,3292,1069,Rhode Island,4361
11/2/2016,6890,5221,South Carolina,12111
11/2/2016,1787,662,South Dakota,2449
11/2/2016,10769,4637,Tennessee,15406
11/2/2016,32465,12458,Texas,44923
11/2/2016,752,627,Vermont,1379
11/2/2016,103,223,Virgin Islands,326
11/2/2016,15164,3395,Virginia,18559
11/2/2016,9271,1295,Washington,10566
11/2/2016,4441,832,West Virginia,5273
11/2/2016,11527,2201,Wisconsin,13728
11/2/2016,855,606,Wyoming,1461
10/29/2016,13666,1909,Arizona,15575
10/29/2016,2172,1942,Arkansas,4114
10/29/2016,67754,0,California,67754
10/29/2016,5923,4637,Colorado,10560
10/29/2016,7621,3630,Connecticut,11251
10/29/2016,2833,445,Delaware,3278
10/29/2016,1348,257,Dist. of Columbia,1605
10/29/2016,47462,13321,Florida,60783
10/29/2016,17293,1831,Georgia,19124
10/29/2016,3726,899,Idaho,4625
10/29/2016,19021,3052,Illinois,22073
10/29/2016,12562,2746,Indiana,15308
10/29/2016,5878,2308,Iowa,8186
10/29/2016,5676,693,Kansas,6369
10/29/2016,10386,1567,Kentucky,11953
10/29/2016,10640,3104,Louisiana,13744
10/29/2016,1522,1348,Maine,2870
10/29/2016,12670,1752,Maryland,14422
10/29/2016,14728,1661,Massachusetts,16389
10/29/2016,17831,1942,Michigan,19773
10/29/2016,10208,836,Minnesota,11044
10/29/2016,14662,1293,Missouri,15955
10/29/2016,1164,621,Montana,1785
10/29/2016,5339,946,Nebraska,6285
10/29/2016,4086,643,New Hampshire,4729
10/29/2016,28328,3410,New Jersey,31738
10/29/2016,3003,1015,New Mexico,4018
10/29/2016,46263,3833,New York,50096
10/29/2016,15930,5883,North Carolina,21813
10/29/2016,862,846,North Dakota,1708
10/29/2016,14771,3700,Ohio,18471
10/29/2016,3685,2960,Oklahoma,6645
10/29/2016,5815,1572,Oregon,7387
10/29/2016,28865,8860,Pennsylvania,37725
10/29/2016,1575,10524,Puerto Rico,12099
10/29/2016,3476,983,Rhode Island,4459
10/29/2016,6416,4843,South Carolina,11259
10/29/2016,1630,577,South Dakota,2207
10/29/2016,9889,4347,Tennessee,14236
10/29/2016,30126,11558,Texas,41684
10/29/2016,709,500,Vermont,1209
10/29/2016,123,269,Virgin Islands,392
10/29/2016,13401,2725,Virginia,16126
10/29/2016,8294,1254,Washington,9548
10/29/2016,4547,828,West Virginia,5375
10/29/2016,11389,2062,Wisconsin,13451
10/29/2016,788,538,Wyoming,1326
10/26/2016,12141,1654,Arizona,13795
10/26/2016,1871,1544,Arkansas,3415
10/26/2016,61449,0,California,61449
10/26/2016,5347,4240,Colorado,9587
10/26/2016,6780,3193,Connecticut,9973
10/26/2016,2534,410,Delaware,2944
10/26/2016,1318,237,Dist. of Columbia,1555
10/26/2016,40508,11511,Florida,52019
10/26/2016,14413,1740,Georgia,16153
10/26/2016,3294,799,Idaho,4093
10/26/2016,16211,2845,Illinois,19056
10/26/2016,10150,2245,Indiana,12395
10/26/2016,5465,2036,Iowa,7501
10/26/2016,5097,615,Kansas,5712
10/26/2016,9198,1345,Kentucky,10543
10/26/2016,9234,2727,Louisiana,11961
10/26/2016,1351,1183,Maine,2534
10/26/2016,11141,1588,Maryland,12729
10/26/2016,12790,1510,Massachusetts,14300
10/26/2016,15369,1720,Michigan,17089
10/26/2016,9197,746,Minnesota,9943
10/26/2016,12748,1052,Missouri,13800
10/26/2016,1105,605,Montana,1710
10/26/2016,4824,844,Nebraska,5668
10/26/2016,3643,590,New Hampshire,4233
10/26/2016,25490,3040,New Jersey,28530
10/26/2016,2767,910,New Mexico,3677
10/26/2016,41629,3482,New York,45111
10/26/2016,13497,4878,North Carolina,18375
10/26/2016,770,806,North Dakota,1576
10/26/2016,13300,3062,Ohio,16362
10/26/2016,3205,2633,Oklahoma,5838
10/26/2016,5070,1462,Oregon,6532
10/26/2016,25198,7572,Pennsylvania,32770
10/26/2016,1145,7567,Puerto Rico,8712
10/26/2016,2859,836,Rhode Island,3695
10/26/2016,5368,3983,South Carolina,9351
10/26/2016,1491,514,South Dakota,2005
10/26/2016,8680,3816,Tennessee,12496
10/26/2016,26164,10164,Texas,36328
10/26/2016,633,505,Vermont,1138
10/26/2016,74,191,Virgin Islands,265
10/26/2016,11513,2415,Virginia,13928
10/26/2016,7748,1123,Washington,8871
10/26/2016,4037,761,West Virginia,4798
10/26/2016,9841,1860,Wisconsin,11701
10/26/2016,744,529,Wyoming,1273
10/22/2016,12805,1732,Arizona,14537
10/22/2016,2042,1662,Arkansas,3704
10/22/2016,62587,0,California,62587
10/22/2016,5339,4346,Colorado,9685
10/22/2016,7133,3324,Connecticut,10457
10/22/2016,2782,438,Delaware,3220
10/22/2016,1307,220,Dist. of Columbia,1527
10/22/2016,44964,12933,Florida,57897
10/22/2016,15843,1811,Georgia,17654
10/22/2016,3411,871,Idaho,4282
10/22/2016,17039,2855,Illinois,19894
10/22/2016,12190,2549,Indiana,14739
10/22/2016,5569,2137,Iowa,7706
10/22/2016,5276,646,Kansas,5922
10/22/2016,9495,1413,Kentucky,10908
10/22/2016,10143,2871,Louisiana,13014
10/22/2016,1534,1353,Maine,2887
10/22/2016,11866,1637,Maryland,13503
10/22/2016,13616,1598,Massachusetts,15214
10/22/2016,16901,1773,Michigan,18674
10/22/2016,9620,854,Minnesota,10474
10/22/2016,13372,1076,Missouri,14448
10/22/2016,1142,581,Montana,1723
10/22/2016,4864,920,Nebraska,5784
10/22/2016,3982,618,New Hampshire,4600
10/22/2016,25345,3027,New Jersey,28372
10/22/2016,2825,1006,New Mexico,3831
10/22/2016,42932,3560,New York,46492
10/22/2016,13928,5073,North Carolina,19001
10/22/2016,782,839,North Dakota,1621
10/22/2016,13558,3325,Ohio,16883
10/22/2016,3154,2700,Oklahoma,5854
10/22/2016,5224,1491,Oregon,6715
10/22/2016,26302,7925,Pennsylvania,34227
10/22/2016,1482,10376,Puerto Rico,11858
10/22/2016,3055,896,Rhode Island,3951
10/22/2016,5933,4439,South Carolina,10372
10/22/2016,1445,553,South Dakota,1998
10/22/2016,8958,3925,Tennessee,12883
10/22/2016,27264,10744,Texas,38008
10/22/2016,702,559,Vermont,1261
10/22/2016,96,264,Virgin Islands,360
10/22/2016,12329,2644,Virginia,14973
10/22/2016,7606,1048,Washington,8654
10/22/2016,4157,767,West Virginia,4924
10/22/2016,10358,2010,Wisconsin,12368
10/22/2016,790,528,Wyoming,1318
10/19/2016,11503,1613,Arizona,13116
10/19/2016,1778,1544,Arkansas,3322
10/19/2016,58677,0,California,58677
10/19/2016,4825,4010,Colorado,8835
10/19/2016,6347,3116,Connecticut,9463
10/19/2016,2425,425,Delaware,2850
10/19/2016,1289,240,Dist. of Columbia,1529
10/19/2016,38288,11309,Florida,49597
10/19/2016,13876,1592,Georgia,15468
10/19/2016,3407,812,Idaho,4219
10/19/2016,15697,2843,Illinois,18540
10/19/2016,9863,2296,Indiana,12159
10/19/2016,5133,1930,Iowa,7063
10/19/2016,4808,655,Kansas,5463
10/19/2016,8351,1289,Kentucky,9640
10/19/2016,8665,2681,Louisiana,11346
10/19/2016,1300,1170,Maine,2470
10/19/2016,10484,1500,Maryland,11984
10/19/2016,11786,1392,Massachusetts,13178
10/19/2016,14682,1665,Michigan,16347
10/19/2016,8702,793,Minnesota,9495
10/19/2016,12092,1078,Missouri,13170
10/19/2016,1084,631,Montana,1715
10/19/2016,4683,872,Nebraska,5555
10/19/2016,3444,554,New Hampshire,3998
10/19/2016,23130,2873,New Jersey,26003
10/19/2016,2573,847,New Mexico,3420
10/19/2016,39078,3451,New York,42529
10/19/2016,11529,4508,North Carolina,16037
10/19/2016,744,748,North Dakota,1492
10/19/2016,12288,3067,Ohio,15355
10/19/2016,3028,2500,Oklahoma,5528
10/19/2016,4497,1384,Oregon,5881
10/19/2016,23508,7480,Pennsylvania,30988
10/19/2016,1161,7531,Puerto Rico,8692
10/19/2016,2750,818,Rhode Island,3568
10/19/2016,5072,3957,South Carolina,9029
10/19/2016,1480,523,South Dakota,2003
10/19/2016,8081,3649,Tennessee,11730
10/19/2016,23927,9684,Texas,33611
10/19/2016,639,466,Vermont,1105
10/19/2016,97,235,Virgin Islands,332
10/19/2016,10608,2429,Virginia,13037
10/19/2016,7298,1104,Washington,8402
10/19/2016,3840,704,West Virginia,4544
10/19/2016,9259,1805,Wisconsin,11064
10/19/2016,740,505,Wyoming,1245
10/15/2016,11878,1621,Arizona,13499
10/15/2016,1938,1724,Arkansas,3662
10/15/2016,57951,0,California,57951
10/15/2016,4942,4346,Colorado,9288
10/15/2016,6500,3293,Connecticut,9793
10/15/2016,2513,443,Delaware,2956
10/15/2016,1197,216,Dist. of Columbia,1413
10/15/2016,42047,12203,Florida,54250
10/15/2016,14511,1689,Georgia,16200
10/15/2016,3177,864,Idaho,4041
10/15/2016,15811,2678,Illinois,18489
10/15/2016,11094,2584,Indiana,13678
10/15/2016,5208,2145,Iowa,7353
10/15/2016,5002,707,Kansas,5709
10/15/2016,8968,1419,Kentucky,10387
10/15/2016,9429,2846,Louisiana,12275
10/15/2016,1350,1227,Maine,2577
10/15/2016,11326,1559,Maryland,12885
10/15/2016,12523,1466,Massachusetts,13989
10/15/2016,15524,1638,Michigan,17162
10/15/2016,8989,803,Minnesota,9792
10/15/2016,12603,1055,Missouri,13658
10/15/2016,1064,610,Montana,1674
10/15/2016,4444,846,Nebraska,5290
10/15/2016,3843,611,New Hampshire,4454
10/15/2016,22494,2691,New Jersey,25185
10/15/2016,2689,1012,New Mexico,3701
10/15/2016,40051,3455,New York,43506
10/15/2016,12614,4995,North Carolina,17609
10/15/2016,673,793,North Dakota,1466
10/15/2016,12628,3151,Ohio,15779
10/15/2016,3282,2918,Oklahoma,6200
10/15/2016,4408,1391,Oregon,5799
10/15/2016,23618,7288,Pennsylvania,30906
10/15/2016,1377,10303,Puerto Rico,11680
10/15/2016,2925,841,Rhode Island,3766
10/15/2016,5517,4437,South Carolina,9954
10/15/2016,1406,537,South Dakota,1943
10/15/2016,8693,3979,Tennessee,12672
10/15/2016,25482,10199,Texas,35681
10/15/2016,688,571,Vermont,1259
10/15/2016,123,254,Virgin Islands,377
10/15/2016,11545,2613,Virginia,14158
10/15/2016,7260,1100,Washington,8360
10/15/2016,4120,735,West Virginia,4855
10/15/2016,9597,1849,Wisconsin,11446
10/15/2016,766,493,Wyoming,1259
10/12/2016,10162,1371,Arizona,11533
10/12/2016,1575,1350,Arkansas,2925
10/12/2016,54069,0,California,54069
10/12/2016,4381,3638,Colorado,8019
10/12/2016,5539,2834,Connecticut,8373
10/12/2016,2188,377,Delaware,2565
10/12/2016,1101,210,Dist. of Columbia,1311
10/12/2016,34841,10232,Florida,45073
10/12/2016,12673,1484,Georgia,14157
10/12/2016,2883,800,Idaho,3683
10/12/2016,13858,2487,Illinois,16345
10/12/2016,8700,1981,Indiana,10681
10/12/2016,4498,1844,Iowa,6342
10/12/2016,4225,588,Kansas,4813
10/12/2016,7272,1154,Kentucky,8426
10/12/2016,7802,2374,Louisiana,10176
10/12/2016,1201,1153,Maine,2354
10/12/2016,9177,1236,Maryland,10413
10/12/2016,10078,1293,Massachusetts,11371
10/12/2016,13252,1593,Michigan,14845
10/12/2016,7928,689,Minnesota,8617
10/12/2016,10895,875,Missouri,11770
10/12/2016,942,556,Montana,1498
10/12/2016,4084,710,Nebraska,4794
10/12/2016,3221,521,New Hampshire,3742
10/12/2016,19826,2569,New Jersey,22395
10/12/2016,2567,887,New Mexico,3454
10/12/2016,36361,3212,New York,39573
10/12/2016,9965,3964,North Carolina,13929
10/12/2016,656,730,North Dakota,1386
10/12/2016,10715,2753,Ohio,13468
10/12/2016,2721,2367,Oklahoma,5088
10/12/2016,4055,1211,Oregon,5266
10/12/2016,19967,6469,Pennsylvania,26436
10/12/2016,1181,8167,Puerto Rico,9348
10/12/2016,2345,706,Rhode Island,3051
10/12/2016,4390,3510,South Carolina,7900
10/12/2016,1267,434,South Dakota,1701
10/12/2016,7320,3327,Tennessee,10647
10/12/2016,21650,8853,Texas,30503
10/12/2016,554,488,Vermont,1042
10/12/2016,89,204,Virgin Islands,293
10/12/2016,9855,2122,Virginia,11977
10/12/2016,6789,1044,Washington,7833
10/12/2016,3462,593,West Virginia,4055
10/12/2016,8032,1625,Wisconsin,9657
10/12/2016,712,489,Wyoming,1201
10/8/2016,11301,1860,Arizona,13161
10/8/2016,1911,1711,Arkansas,3622
10/8/2016,55277,0,California,55277
10/8/2016,4578,4266,Colorado,8844
10/8/2016,6233,3407,Connecticut,9640
10/8/2016,2398,486,Delaware,2884
10/8/2016,1173,277,Dist. of Columbia,1450
10/8/2016,38388,12117,Florida,50505
10/8/2016,14989,1927,Georgia,16916
10/8/2016,2998,883,Idaho,3881
10/8/2016,14534,2745,Illinois,17279
10/8/2016,10392,2481,Indiana,12873
10/8/2016,4887,2170,Iowa,7057
10/8/2016,4616,663,Kansas,5279
10/8/2016,8557,1373,Kentucky,9930
10/8/2016,9174,3066,Louisiana,12240
10/8/2016,1389,1336,Maine,2725
10/8/2016,10921,1779,Maryland,12700
10/8/2016,12235,1686,Massachusetts,13921
10/8/2016,14357,1971,Michigan,16328
10/8/2016,8442,851,Minnesota,9293
10/8/2016,11530,1044,Missouri,12574
10/8/2016,1062,652,Montana,1714
10/8/2016,4299,826,Nebraska,5125
10/8/2016,3743,636,New Hampshire,4379
10/8/2016,20756,2923,New Jersey,23679
10/8/2016,2513,1013,New Mexico,3526
10/8/2016,38656,3725,New York,42381
10/8/2016,11338,4666,North Carolina,16004
10/8/2016,765,747,North Dakota,1512
10/8/2016,11674,3375,Ohio,15049
10/8/2016,2897,2904,Oklahoma,5801
10/8/2016,3901,1342,Oregon,5243
10/8/2016,21342,7406,Pennsylvania,28748
10/8/2016,1634,11394,Puerto Rico,13028
10/8/2016,2878,934,Rhode Island,3812
10/8/2016,4150,3381,South Carolina,7531
10/8/2016,1321,503,South Dakota,1824
10/8/2016,8487,4234,Tennessee,12721
10/8/2016,23841,10384,Texas,34225
10/8/2016,628,537,Vermont,1165
10/8/2016,121,264,Virgin Islands,385
10/8/2016,11289,2720,Virginia,14009
10/8/2016,6558,1055,Washington,7613
10/8/2016,3925,832,West Virginia,4757
10/8/2016,8471,1879,Wisconsin,10350
10/8/2016,713,552,Wyoming,1265
10/5/2016,9927,1515,Arizona,11442
10/5/2016,1633,1528,Arkansas,3161
10/5/2016,49033,0,California,49033
10/5/2016,3854,3435,Colorado,7289
10/5/2016,5387,2804,Connecticut,8191
10/5/2016,2060,397,Delaware,2457
10/5/2016,1211,272,Dist. of Columbia,1483
10/5/2016,33219,10416,Florida,43635
10/5/2016,12914,1653,Georgia,14567
10/5/2016,2863,764,Idaho,3627
10/5/2016,13018,2401,Illinois,15419
10/5/2016,8061,2140,Indiana,10201
10/5/2016,4042,1866,Iowa,5908
10/5/2016,4013,568,Kansas,4581
10/5/2016,6988,1225,Kentucky,8213
10/5/2016,7574,2546,Louisiana,10120
10/5/2016,1156,1130,Maine,2286
10/5/2016,8997,1466,Maryland,10463
10/5/2016,9877,1429,Massachusetts,11306
10/5/2016,12266,1699,Michigan,13965
10/5/2016,7153,745,Minnesota,7898
10/5/2016,10108,969,Missouri,11077
10/5/2016,989,637,Montana,1626
10/5/2016,3868,800,Nebraska,4668
10/5/2016,3043,538,New Hampshire,3581
10/5/2016,18855,2666,New Jersey,21521
10/5/2016,2270,854,New Mexico,3124
10/5/2016,34393,3537,New York,37930
10/5/2016,10432,4681,North Carolina,15113
10/5/2016,582,696,North Dakota,1278
10/5/2016,10116,2893,Ohio,13009
10/5/2016,2497,2214,Oklahoma,4711
10/5/2016,3236,1151,Oregon,4387
10/5/2016,17590,6305,Pennsylvania,23895
10/5/2016,1226,8819,Puerto Rico,10045
10/5/2016,2432,797,Rhode Island,3229
10/5/2016,4434,3810,South Carolina,8244
10/5/2016,1158,441,South Dakota,1599
10/5/2016,6809,3326,Tennessee,10135
10/5/2016,19346,8588,Texas,27934
10/5/2016,533,479,Vermont,1012
10/5/2016,79,259,Virgin Islands,338
10/5/2016,9598,2395,Virginia,11993
10/5/2016,5918,959,Washington,6877
10/5/2016,3288,672,West Virginia,3960
10/5/2016,7461,1591,Wisconsin,9052
10/5/2016,697,495,Wyoming,1192
10/1/2016,10091,1499,Arizona,11590
10/1/2016,1621,1460,Arkansas,3081
10/1/2016,46245,0,California,46245
10/1/2016,3702,3678,Colorado,7380
10/1/2016,5589,3133,Connecticut,8722
10/1/2016,2075,403,Delaware,2478
10/1/2016,1142,244,Dist. of Columbia,1386
10/1/2016,37127,11150,Florida,48277
10/1/2016,13721,1643,Georgia,15364
10/1/2016,2686,816,Idaho,3502
10/1/2016,12845,2413,Illinois,15258
10/1/2016,9186,2237,Indiana,11423
10/1/2016,4215,2062,Iowa,6277
10/1/2016,4171,554,Kansas,4725
10/1/2016,7766,1234,Kentucky,9000
10/1/2016,8047,2629,Louisiana,10676
10/1/2016,1325,1253,Maine,2578
10/1/2016,9960,1501,Maryland,11461
10/1/2016,10162,1364,Massachusetts,11526
10/1/2016,12897,1614,Michigan,14511
10/1/2016,7373,773,Minnesota,8146
10/1/2016,9856,876,Missouri,10732
10/1/2016,957,536,Montana,1493
10/1/2016,3759,752,Nebraska,4511
10/1/2016,3415,626,New Hampshire,4041
10/1/2016,18381,2670,New Jersey,21051
10/1/2016,2196,854,New Mexico,3050
10/1/2016,34479,3546,New York,38025
10/1/2016,11267,4638,North Carolina,15905
10/1/2016,587,660,North Dakota,1247
10/1/2016,10598,3023,Ohio,13621
10/1/2016,2412,2293,Oklahoma,4705
10/1/2016,3264,1108,Oregon,4372
10/1/2016,18196,6245,Pennsylvania,24441
10/1/2016,1456,11005,Puerto Rico,12461
10/1/2016,2618,768,Rhode Island,3386
10/1/2016,4967,4173,South Carolina,9140
10/1/2016,1092,451,South Dakota,1543
10/1/2016,7168,3392,Tennessee,10560
10/1/2016,21087,9151,Texas,30238
10/1/2016,562,484,Vermont,1046
10/1/2016,89,236,Virgin Islands,325
10/1/2016,10330,2462,Virginia,12792
10/1/2016,5504,921,Washington,6425
10/1/2016,3454,662,West Virginia,4116
10/1/2016,7328,1544,Wisconsin,8872
10/1/2016,641,465,Wyoming,1106
9/28/2016,8610,1360,Arizona,9970
9/28/2016,1408,1194,Arkansas,2602
9/28/2016,41786,0,California,41786
9/28/2016,3291,3141,Colorado,6432
9/28/2016,4669,2561,Connecticut,7230
9/28/2016,1749,327,Delaware,2076
9/28/2016,989,182,Dist. of Columbia,1171
9/28/2016,30214,9464,Florida,39678
9/28/2016,10896,1362,Georgia,12258
9/28/2016,2477,741,Idaho,3218
9/28/2016,11153,2291,Illinois,13444
9/28/2016,7063,1853,Indiana,8916
9/28/2016,3747,1802,Iowa,5549
9/28/2016,3703,499,Kansas,4202
9/28/2016,6374,1179,Kentucky,7553
9/28/2016,6520,2186,Louisiana,8706
9/28/2016,1097,1055,Maine,2152
9/28/2016,8158,1308,Maryland,9466
9/28/2016,8722,1235,Massachusetts,9957
9/28/2016,10754,1474,Michigan,12228
9/28/2016,6466,651,Minnesota,7117
9/28/2016,8649,809,Missouri,9458
9/28/2016,890,518,Montana,1408
9/28/2016,3364,670,Nebraska,4034
9/28/2016,2859,502,New Hampshire,3361
9/28/2016,16463,2323,New Jersey,18786
9/28/2016,1984,732,New Mexico,2716
9/28/2016,30326,3201,New York,33527
9/28/2016,9150,3880,North Carolina,13030
9/28/2016,525,597,North Dakota,1122
9/28/2016,9073,2524,Ohio,11597
9/28/2016,2001,2042,Oklahoma,4043
9/28/2016,2981,1029,Oregon,4010
9/28/2016,15146,5206,Pennsylvania,20352
9/28/2016,1001,7746,Puerto Rico,8747
9/28/2016,2185,656,Rhode Island,2841
9/28/2016,4165,3286,South Carolina,7451
9/28/2016,1035,444,South Dakota,1479
9/28/2016,6110,2900,Tennessee,9010
9/28/2016,17146,7953,Texas,25099
9/28/2016,519,444,Vermont,963
9/28/2016,78,157,Virgin Islands,235
9/28/2016,8631,2153,Virginia,10784
9/28/2016,4962,842,Washington,5804
9/28/2016,2874,518,West Virginia,3392
9/28/2016,6386,1466,Wisconsin,7852
9/28/2016,611,452,Wyoming,1063
9/24/2016,9840,1489,Arizona,11329
9/24/2016,1624,1511,Arkansas,3135
9/24/2016,42963,0,California,42963
9/24/2016,3565,3456,Colorado,7021
9/24/2016,5305,2812,Connecticut,8117
9/24/2016,2145,378,Delaware,2523
9/24/2016,1026,226,Dist. of Columbia,1252
9/24/2016,36535,10955,Florida,47490
9/24/2016,12752,1454,Georgia,14206
9/24/2016,2857,834,Idaho,3691
9/24/2016,12308,2405,Illinois,14713
9/24/2016,9272,2225,Indiana,11497
9/24/2016,4239,1992,Iowa,6231
9/24/2016,4246,555,Kansas,4801
9/24/2016,7788,1224,Kentucky,9012
9/24/2016,8032,2642,Louisiana,10674
9/24/2016,1291,1192,Maine,2483
9/24/2016,9089,1349,Maryland,10438
9/24/2016,9748,1399,Massachusetts,11147
9/24/2016,12067,1612,Michigan,13679
9/24/2016,7109,694,Minnesota,7803
9/24/2016,9920,861,Missouri,10781
9/24/2016,987,575,Montana,1562
9/24/2016,3819,803,Nebraska,4622
9/24/2016,3523,608,New Hampshire,4131
9/24/2016,17508,2539,New Jersey,20047
9/24/2016,2206,792,New Mexico,2998
9/24/2016,32022,3160,New York,35182
9/24/2016,10591,4416,North Carolina,15007
9/24/2016,622,652,North Dakota,1274
9/24/2016,10197,2917,Ohio,13114
9/24/2016,2453,2329,Oklahoma,4782
9/24/2016,3177,1152,Oregon,4329
9/24/2016,17332,6066,Pennsylvania,23398
9/24/2016,983,7956,Puerto Rico,8939
9/24/2016,2829,829,Rhode Island,3658
9/24/2016,4989,4080,South Carolina,9069
9/24/2016,1100,412,South Dakota,1512
9/24/2016,7144,3447,Tennessee,10591
9/24/2016,19430,8621,Texas,28051
9/24/2016,563,535,Vermont,1098
9/24/2016,80,231,Virgin Islands,311
9/24/2016,9170,2284,Virginia,11454
9/24/2016,4998,851,Washington,5849
9/24/2016,3442,693,West Virginia,4135
9/24/2016,7680,1640,Wisconsin,9320
9/24/2016,717,467,Wyoming,1184
9/21/2016,9186,1503,Arizona,10689
9/21/2016,1526,1406,Arkansas,2932
9/21/2016,42623,0,California,42623
9/21/2016,3358,3392,Colorado,6750
9/21/2016,5199,2691,Connecticut,7890
9/21/2016,2014,390,Delaware,2404
9/21/2016,1029,222,Dist. of Columbia,1251
9/21/2016,34992,11299,Florida,46291
9/21/2016,10761,1322,Georgia,12083
9/21/2016,2906,808,Idaho,3714
9/21/2016,11789,2403,Illinois,14192
9/21/2016,7625,1937,Indiana,9562
9/21/2016,3950,1970,Iowa,5920
9/21/2016,3689,496,Kansas,4185
9/21/2016,6849,1223,Kentucky,8072
9/21/2016,6984,2330,Louisiana,9314
9/21/2016,1105,1142,Maine,2247
9/21/2016,8368,1393,Maryland,9761
9/21/2016,8753,1303,Massachusetts,10056
9/21/2016,10951,1523,Michigan,12474
9/21/2016,6476,676,Minnesota,7152
9/21/2016,8995,913,Missouri,9908
9/21/2016,1028,576,Montana,1604
9/21/2016,3672,725,Nebraska,4397
9/21/2016,3026,616,New Hampshire,3642
9/21/2016,16454,2383,New Jersey,18837
9/21/2016,2093,814,New Mexico,2907
9/21/2016,30856,3237,New York,34093
9/21/2016,9983,4609,North Carolina,14592
9/21/2016,573,678,North Dakota,1251
9/21/2016,9591,2681,Ohio,12272
9/21/2016,2369,2253,Oklahoma,4622
9/21/2016,2784,1025,Oregon,3809
9/21/2016,16911,6037,Pennsylvania,22948
9/21/2016,705,5721,Puerto Rico,6426
9/21/2016,2574,772,Rhode Island,3346
9/21/2016,4578,3831,South Carolina,8409
9/21/2016,1106,441,South Dakota,1547
9/21/2016,6685,3296,Tennessee,9981
9/21/2016,18363,8170,Texas,26533
9/21/2016,521,465,Vermont,986
9/21/2016,96,227,Virgin Islands,323
9/21/2016,8556,2114,Virginia,10670
9/21/2016,4862,792,Washington,5654
9/21/2016,3265,629,West Virginia,3894
9/21/2016,6935,1539,Wisconsin,8474
9/21/2016,766,453,Wyoming,1219
9/17/2016,16219,2002,Arizona,18221
9/17/2016,2982,2549,Arkansas,5531
9/17/2016,86196,0,California,86196
9/17/2016,7053,5276,Colorado,12329
9/17/2016,9317,4219,Connecticut,13536
9/17/2016,3743,580,Delaware,4323
9/17/2016,1723,304,Dist. of Columbia,2027
9/17/2016,58797,15903,Florida,74700
9/17/2016,23067,2342,Georgia,25409
9/17/2016,4426,1129,Idaho,5555
9/17/2016,23501,3598,Illinois,27099
9/17/2016,16572,3207,Indiana,19779
9/17/2016,7433,2999,Iowa,10432
9/17/2016,6625,814,Kansas,7439
9/17/2016,12259,1680,Kentucky,13939
9/17/2016,12058,3396,Louisiana,15454
9/17/2016,1825,1532,Maine,3357
9/17/2016,16858,1954,Maryland,18812
9/17/2016,18698,2025,Massachusetts,20723
9/17/2016,24830,2274,Michigan,27104
9/17/2016,12613,995,Minnesota,13608
9/17/2016,18333,1353,Missouri,19686
9/17/2016,1247,679,Montana,1926
9/17/2016,6231,1000,Nebraska,7231
9/17/2016,5161,752,New Hampshire,5913
9/17/2016,37918,3969,New Jersey,41887
9/17/2016,3746,1244,New Mexico,4990
9/17/2016,66737,5163,New York,71900
9/17/2016,20750,7147,North Carolina,27897
9/17/2016,1105,998,North Dakota,2103
9/17/2016,20473,4723,Ohio,25196
9/17/2016,4489,3716,Oklahoma,8205
9/17/2016,7039,1801,Oregon,8840
9/17/2016,37207,10382,Pennsylvania,47589
9/17/2016,1838,13610,Puerto Rico,15448
9/17/2016,4527,1207,Rhode Island,5734
9/17/2016,8204,5941,South Carolina,14145
9/17/2016,1765,667,South Dakota,2432
9/17/2016,12204,5035,Tennessee,17239
9/17/2016,38145,14014,Texas,52159
9/17/2016,912,672,Vermont,1584
9/17/2016,134,279,Virgin Islands,413
9/17/2016,16491,3376,Virginia,19867
9/17/2016,10428,1410,Washington,11838
9/17/2016,5783,1025,West Virginia,6808
9/17/2016,12122,2192,Wisconsin,14314
9/17/2016,1059,631,Wyoming,1690
9/14/2016,14974,2017,Arizona,16991
9/14/2016,2696,2232,Arkansas,4928
9/14/2016,84622,0,California,84622
9/14/2016,6615,4820,Colorado,11435
9/14/2016,8932,4139,Connecticut,13071
9/14/2016,3368,565,Delaware,3933
9/14/2016,1643,289,Dist. of Columbia,1932
9/14/2016,51777,14788,Florida,66565
9/14/2016,20894,2282,Georgia,23176
9/14/2016,4356,1095,Idaho,5451
9/14/2016,22377,3600,Illinois,25977
9/14/2016,14204,2917,Indiana,17121
9/14/2016,6965,2854,Iowa,9819
9/14/2016,6046,766,Kansas,6812
9/14/2016,11311,1604,Kentucky,12915
9/14/2016,11019,3241,Louisiana,14260
9/14/2016,1775,1459,Maine,3234
9/14/2016,15027,1982,Maryland,17009
9/14/2016,17577,1901,Massachusetts,19478
9/14/2016,22842,2245,Michigan,25087
9/14/2016,11802,1055,Minnesota,12857
9/14/2016,16721,1325,Missouri,18046
9/14/2016,1324,712,Montana,2036
9/14/2016,5974,1024,Nebraska,6998
9/14/2016,4658,748,New Hampshire,5406
9/14/2016,35224,3834,New Jersey,39058
9/14/2016,3434,1161,New Mexico,4595
9/14/2016,61160,4860,New York,66020
9/14/2016,17945,6545,North Carolina,24490
9/14/2016,1023,960,North Dakota,1983
9/14/2016,18923,4357,Ohio,23280
9/14/2016,4294,3442,Oklahoma,7736
9/14/2016,6749,1772,Oregon,8521
9/14/2016,33662,9741,Pennsylvania,43403
9/14/2016,1314,9213,Puerto Rico,10527
9/14/2016,3900,1029,Rhode Island,4929
9/14/2016,6772,5224,South Carolina,11996
9/14/2016,1800,636,South Dakota,2436
9/14/2016,11307,4773,Tennessee,16080
9/14/2016,34435,13221,Texas,47656
9/14/2016,875,533,Vermont,1408
9/14/2016,120,277,Virgin Islands,397
9/14/2016,15188,3156,Virginia,18344
9/14/2016,10248,1450,Washington,11698
9/14/2016,5123,891,West Virginia,6014
9/14/2016,11228,2002,Wisconsin,13230
9/14/2016,950,650,Wyoming,1600
9/10/2016,15095,2035,Arizona,17130
9/10/2016,2965,2576,Arkansas,5541
9/10/2016,85501,0,California,85501
9/10/2016,6648,4957,Colorado,11605
9/10/2016,9035,4206,Connecticut,13241
9/10/2016,3516,540,Delaware,4056
9/10/2016,1525,296,Dist. of Columbia,1821
9/10/2016,59266,17070,Florida,76336
9/10/2016,21465,2413,Georgia,23878
9/10/2016,4275,1065,Idaho,5340
9/10/2016,21911,3686,Illinois,25597
9/10/2016,15077,3281,Indiana,18358
9/10/2016,7052,2777,Iowa,9829
9/10/2016,6344,836,Kansas,7180
9/10/2016,11709,1744,Kentucky,13453
9/10/2016,11976,3586,Louisiana,15562
9/10/2016,1873,1622,Maine,3495
9/10/2016,15321,2009,Maryland,17330
9/10/2016,18410,2158,Massachusetts,20568
9/10/2016,22416,2382,Michigan,24798
9/10/2016,11817,924,Minnesota,12741
9/10/2016,16459,1353,Missouri,17812
9/10/2016,1319,703,Montana,2022
9/10/2016,5913,970,Nebraska,6883
9/10/2016,5036,779,New Hampshire,5815
9/10/2016,34625,3991,New Jersey,38616
9/10/2016,3484,1203,New Mexico,4687
9/10/2016,60381,5070,New York,65451
9/10/2016,20078,7073,North Carolina,27151
9/10/2016,979,1015,North Dakota,1994
9/10/2016,18721,4444,Ohio,23165
9/10/2016,4095,3416,Oklahoma,7511
9/10/2016,6280,1799,Oregon,8079
9/10/2016,33957,10259,Pennsylvania,44216
9/10/2016,1692,12501,Puerto Rico,14193
9/10/2016,3912,1140,Rhode Island,5052
9/10/2016,7727,5574,South Carolina,13301
9/10/2016,1818,621,South Dakota,2439
9/10/2016,11653,4966,Tennessee,16619
9/10/2016,35175,13617,Texas,48792
9/10/2016,923,735,Vermont,1658
9/10/2016,138,341,Virgin Islands,479
9/10/2016,16447,3469,Virginia,19916
9/10/2016,9579,1406,Washington,10985
9/10/2016,5397,983,West Virginia,6380
9/10/2016,11312,2125,Wisconsin,13437
9/10/2016,995,657,Wyoming,1652
9/7/2016,12425,1754,Arizona,14179
9/7/2016,2110,1807,Arkansas,3917
9/7/2016,66905,0,California,66905
9/7/2016,5505,4205,Colorado,9710
9/7/2016,7394,3519,Connecticut,10913
9/7/2016,2825,489,Delaware,3314
9/7/2016,1284,266,Dist. of Columbia,1550
9/7/2016,44915,13285,Florida,58200
9/7/2016,16033,1791,Georgia,17824
9/7/2016,3735,993,Idaho,4728
9/7/2016,18141,3145,Illinois,21286
9/7/2016,11702,2577,Indiana,14279
9/7/2016,5493,2259,Iowa,7752
9/7/2016,5404,670,Kansas,6074
9/7/2016,9761,1431,Kentucky,11192
9/7/2016,9495,2871,Louisiana,12366
9/7/2016,1534,1278,Maine,2812
9/7/2016,11566,1622,Maryland,13188
9/7/2016,14232,1668,Massachusetts,15900
9/7/2016,17120,1931,Michigan,19051
9/7/2016,9875,876,Minnesota,10751
9/7/2016,13733,1171,Missouri,14904
9/7/2016,1201,641,Montana,1842
9/7/2016,4986,885,Nebraska,5871
9/7/2016,4018,630,New Hampshire,4648
9/7/2016,27619,3280,New Jersey,30899
9/7/2016,2914,982,New Mexico,3896
9/7/2016,44867,3832,New York,48699
9/7/2016,15333,5589,North Carolina,20922
9/7/2016,823,923,North Dakota,1746
9/7/2016,15154,3697,Ohio,18851
9/7/2016,3487,2925,Oklahoma,6412
9/7/2016,5241,1512,Oregon,6753
9/7/2016,27463,8400,Pennsylvania,35863
9/7/2016,1219,8378,Puerto Rico,9597
9/7/2016,2916,886,Rhode Island,3802
9/7/2016,6019,4435,South Carolina,10454
9/7/2016,1519,546,South Dakota,2065
9/7/2016,9562,4074,Tennessee,13636
9/7/2016,28025,11159,Texas,39184
9/7/2016,697,583,Vermont,1280
9/7/2016,98,217,Virgin Islands,315
9/7/2016,12238,2687,Virginia,14925
9/7/2016,8083,1190,Washington,9273
9/7/2016,4427,855,West Virginia,5282
9/7/2016,9701,1848,Wisconsin,11549
9/7/2016,1007,655,Wyoming,1662
9/3/2016,13450,1952,Arizona,15402
9/3/2016,2234,2055,Arkansas,4289
9/3/2016,71036,0,California,71036
9/3/2016,5903,4641,Colorado,10544
9/3/2016,8273,3978,Connecticut,12251
9/3/2016,3188,550,Delaware,3738
9/3/2016,1479,258,Dist. of Columbia,1737
9/3/2016,51605,14969,Florida,66574
9/3/2016,18054,2122,Georgia,20176
9/3/2016,3903,1015,Idaho,4918
9/3/2016,19303,3256,Illinois,22559
9/3/2016,13709,2975,Indiana,16684
9/3/2016,6431,2465,Iowa,8896
9/3/2016,6224,856,Kansas,7080
9/3/2016,11132,1718,Kentucky,12850
9/3/2016,10672,3343,Louisiana,14015
9/3/2016,1978,1649,Maine,3627
9/3/2016,13746,1861,Maryland,15607
9/3/2016,15625,1869,Massachusetts,17494
9/3/2016,18754,2099,Michigan,20853
9/3/2016,10863,961,Minnesota,11824
9/3/2016,15602,1353,Missouri,16955
9/3/2016,1292,700,Montana,1992
9/3/2016,5439,975,Nebraska,6414
9/3/2016,4969,814,New Hampshire,5783
9/3/2016,28850,3631,New Jersey,32481
9/3/2016,3194,1100,New Mexico,4294
9/3/2016,49922,4349,New York,54271
9/3/2016,17726,6372,North Carolina,24098
9/3/2016,880,945,North Dakota,1825
9/3/2016,16304,4167,Ohio,20471
9/3/2016,3763,3232,Oklahoma,6995
9/3/2016,5310,1597,Oregon,6907
9/3/2016,30697,9805,Pennsylvania,40502
9/3/2016,1645,12209,Puerto Rico,13854
9/3/2016,3613,1027,Rhode Island,4640
9/3/2016,6970,5392,South Carolina,12362
9/3/2016,1655,588,South Dakota,2243
9/3/2016,10919,4764,Tennessee,15683
9/3/2016,31758,12851,Texas,44609
9/3/2016,839,661,Vermont,1500
9/3/2016,104,275,Virgin Islands,379
9/3/2016,14424,3259,Virginia,17683
9/3/2016,7913,1224,Washington,9137
9/3/2016,5191,933,West Virginia,6124
9/3/2016,10632,2144,Wisconsin,12776
9/3/2016,860,625,Wyoming,1485
8/31/2016,11396,1786,Arizona,13182
8/31/2016,2335,1990,Arkansas,4325
8/31/2016,70340,0,California,70340
8/31/2016,5564,4380,Colorado,9944
8/31/2016,7510,3598,Connecticut,11108
8/31/2016,2886,515,Delaware,3401
8/31/2016,1415,266,Dist. of Columbia,1681
8/31/2016,47687,14554,Florida,62241
8/31/2016,17271,2195,Georgia,19466
8/31/2016,3800,946,Idaho,4746
8/31/2016,18536,3326,Illinois,21862
8/31/2016,11948,2718,Indiana,14666
8/31/2016,5626,2229,Iowa,7855
8/31/2016,5497,732,Kansas,6229
8/31/2016,9437,1523,Kentucky,10960
8/31/2016,9530,2997,Louisiana,12527
8/31/2016,1590,1330,Maine,2920
8/31/2016,12731,1892,Maryland,14623
8/31/2016,14151,1919,Massachusetts,16070
8/31/2016,17876,2063,Michigan,19939
8/31/2016,9728,872,Minnesota,10600
8/31/2016,13486,1212,Missouri,14698
8/31/2016,1221,669,Montana,1890
8/31/2016,4919,912,Nebraska,5831
8/31/2016,4186,718,New Hampshire,4904
8/31/2016,26233,3498,New Jersey,29731
8/31/2016,3024,1102,New Mexico,4126
8/31/2016,45742,4271,New York,50013
8/31/2016,16522,6171,North Carolina,22693
8/31/2016,876,879,North Dakota,1755
8/31/2016,15401,3903,Ohio,19304
8/31/2016,3536,3146,Oklahoma,6682
8/31/2016,4712,1421,Oregon,6133
8/31/2016,27268,8592,Pennsylvania,35860
8/31/2016,1133,7805,Puerto Rico,8938
8/31/2016,3070,906,Rhode Island,3976
8/31/2016,6608,4999,South Carolina,11607
8/31/2016,1669,520,South Dakota,2189
8/31/2016,9988,4593,Tennessee,14581
8/31/2016,29106,11811,Texas,40917
8/31/2016,740,560,Vermont,1300
8/31/2016,113,280,Virgin Islands,393
8/31/2016,13913,3173,Virginia,17086
8/31/2016,8124,1230,Washington,9354
8/31/2016,4374,908,West Virginia,5282
8/31/2016,9564,1873,Wisconsin,11437
8/31/2016,987,692,Wyoming,1679
8/27/2016,12740,1576,Arizona,14316
8/27/2016,2251,1956,Arkansas,4207
8/27/2016,64716,0,California,64716
8/27/2016,5328,4452,Colorado,9780
8/27/2016,7192,3497,Connecticut,10689
8/27/2016,2862,459,Delaware,3321
8/27/2016,1243,213,Dist. of Columbia,1456
8/27/2016,47797,13665,Florida,61462
8/27/2016,16048,1864,Georgia,17912
8/27/2016,3611,916,Idaho,4527
8/27/2016,17522,2969,Illinois,20491
8/27/2016,12806,2915,Indiana,15721
8/27/2016,5749,2365,Iowa,8114
8/27/2016,5479,697,Kansas,6176
8/27/2016,9712,1520,Kentucky,11232
8/27/2016,9856,2898,Louisiana,12754
8/27/2016,1622,1427,Maine,3049
8/27/2016,12499,1653,Maryland,14152
8/27/2016,13480,1682,Massachusetts,15162
8/27/2016,17108,1949,Michigan,19057
8/27/2016,9772,847,Minnesota,10619
8/27/2016,13929,1181,Missouri,15110
8/27/2016,1108,682,Montana,1790
8/27/2016,4995,859,Nebraska,5854
8/27/2016,4239,715,New Hampshire,4954
8/27/2016,24207,3092,New Jersey,27299
8/27/2016,2894,997,New Mexico,3891
8/27/2016,42816,3802,New York,46618
8/27/2016,15193,5593,North Carolina,20786
8/27/2016,747,832,North Dakota,1579
8/27/2016,13743,3512,Ohio,17255
8/27/2016,3622,3256,Oklahoma,6878
8/27/2016,4604,1438,Oregon,6042
8/27/2016,26543,8225,Pennsylvania,34768
8/27/2016,1160,9027,Puerto Rico,10187
8/27/2016,3289,896,Rhode Island,4185
8/27/2016,6502,5047,South Carolina,11549
8/27/2016,1518,579,South Dakota,2097
8/27/2016,9746,4313,Tennessee,14059
8/27/2016,28565,11572,Texas,40137
8/27/2016,752,590,Vermont,1342
8/27/2016,107,261,Virgin Islands,368
8/27/2016,13080,2792,Virginia,15872
8/27/2016,7384,1074,Washington,8458
8/27/2016,4512,799,West Virginia,5311
8/27/2016,10079,1859,Wisconsin,11938
8/27/2016,936,568,Wyoming,1504
8/24/2016,11445,1555,Arizona,13000
8/24/2016,1865,1623,Arkansas,3488
8/24/2016,63813,0,California,63813
8/24/2016,4864,3931,Colorado,8795
8/24/2016,6413,3141,Connecticut,9554
8/24/2016,2452,456,Delaware,2908
8/24/2016,1211,224,Dist. of Columbia,1435
8/24/2016,39424,11897,Florida,51321
8/24/2016,14747,2014,Georgia,16761
8/24/2016,3425,901,Idaho,4326
8/24/2016,16266,3069,Illinois,19335
8/24/2016,10202,2384,Indiana,12586
8/24/2016,5089,2023,Iowa,7112
8/24/2016,4861,652,Kansas,5513
8/24/2016,8367,1309,Kentucky,9676
8/24/2016,8348,2541,Louisiana,10889
8/24/2016,1380,1277,Maine,2657
8/24/2016,10706,1691,Maryland,12397
8/24/2016,11647,1397,Massachusetts,13044
8/24/2016,14941,1718,Michigan,16659
8/24/2016,8787,783,Minnesota,9570
8/24/2016,12471,1073,Missouri,13544
8/24/2016,1097,611,Montana,1708
8/24/2016,4560,820,Nebraska,5380
8/24/2016,3698,660,New Hampshire,4358
8/24/2016,22936,2867,New Jersey,25803
8/24/2016,2742,971,New Mexico,3713
8/24/2016,42198,3828,New York,46026
8/24/2016,13351,4973,North Carolina,18324
8/24/2016,732,809,North Dakota,1541
8/24/2016,12359,3089,Ohio,15448
8/24/2016,3122,2575,Oklahoma,5697
8/24/2016,4264,1279,Oregon,5543
8/24/2016,23174,7262,Pennsylvania,30436
8/24/2016,987,6906,Puerto Rico,7893
8/24/2016,2732,760,Rhode Island,3492
8/24/2016,5767,4182,South Carolina,9949
8/24/2016,1492,546,South Dakota,2038
8/24/2016,8572,3867,Tennessee,12439
8/24/2016,24847,10482,Texas,35329
8/24/2016,655,512,Vermont,1167
8/24/2016,105,198,Virgin Islands,303
8/24/2016,11737,2580,Virginia,14317
8/24/2016,7323,1150,Washington,8473
8/24/2016,3901,782,West Virginia,4683
8/24/2016,8576,1809,Wisconsin,10385
8/24/2016,887,684,Wyoming,1571
8/20/2016,12717,1577,Arizona,14294
8/20/2016,2078,1980,Arkansas,4058
8/20/2016,61655,0,California,61655
8/20/2016,5041,4350,Colorado,9391
8/20/2016,6858,3343,Connecticut,10201
8/20/2016,2688,478,Delaware,3166
8/20/2016,1318,231,Dist. of Columbia,1549
8/20/2016,45229,12967,Florida,58196
8/20/2016,16038,1918,Georgia,17956
8/20/2016,3535,953,Idaho,4488
8/20/2016,16384,2962,Illinois,19346
8/20/2016,12152,2769,Indiana,14921
8/20/2016,5317,2269,Iowa,7586
8/20/2016,5206,615,Kansas,5821
8/20/2016,9729,1497,Kentucky,11226
8/20/2016,9310,2757,Louisiana,12067
8/20/2016,1723,1499,Maine,3222
8/20/2016,11679,1668,Maryland,13347
8/20/2016,12490,1588,Massachusetts,14078
8/20/2016,15814,1800,Michigan,17614
8/20/2016,9043,902,Minnesota,9945
8/20/2016,13652,1231,Missouri,14883
8/20/2016,1210,696,Montana,1906
8/20/2016,4900,828,Nebraska,5728
8/20/2016,4300,712,New Hampshire,5012
8/20/2016,23087,3048,New Jersey,26135
8/20/2016,2887,1055,New Mexico,3942
8/20/2016,40960,3594,New York,44554
8/20/2016,14886,5538,North Carolina,20424
8/20/2016,757,796,North Dakota,1553
8/20/2016,13088,3379,Ohio,16467
8/20/2016,3176,2915,Oklahoma,6091
8/20/2016,4238,1316,Oregon,5554
8/20/2016,24295,7969,Pennsylvania,32264
8/20/2016,1156,8851,Puerto Rico,10007
8/20/2016,3159,909,Rhode Island,4068
8/20/2016,6206,4785,South Carolina,10991
8/20/2016,1511,529,South Dakota,2040
8/20/2016,9532,4453,Tennessee,13985
8/20/2016,26676,11038,Texas,37714
8/20/2016,736,620,Vermont,1356
8/20/2016,112,274,Virgin Islands,386
8/20/2016,12670,2749,Virginia,15419
8/20/2016,7045,1053,Washington,8098
8/20/2016,4614,822,West Virginia,5436
8/20/2016,9551,1900,Wisconsin,11451
8/20/2016,894,562,Wyoming,1456
8/17/2016,11548,1661,Arizona,13209
8/17/2016,1937,1722,Arkansas,3659
8/17/2016,61995,0,California,61995
8/17/2016,4419,3882,Colorado,8301
8/17/2016,6166,3180,Connecticut,9346
8/17/2016,2388,449,Delaware,2837
8/17/2016,1221,280,Dist. of Columbia,1501
8/17/2016,40721,12969,Florida,53690
8/17/2016,15528,2150,Georgia,17678
8/17/2016,3505,910,Idaho,4415
8/17/2016,15645,2972,Illinois,18617
8/17/2016,10060,2357,Indiana,12417
8/17/2016,4764,2043,Iowa,6807
8/17/2016,4689,685,Kansas,5374
8/17/2016,8502,1391,Kentucky,9893
8/17/2016,7872,2630,Louisiana,10502
8/17/2016,1428,1326,Maine,2754
8/17/2016,10549,1787,Maryland,12336
8/17/2016,11895,1663,Massachusetts,13558
8/17/2016,14781,1956,Michigan,16737
8/17/2016,8161,826,Minnesota,8987
8/17/2016,11425,1119,Missouri,12544
8/17/2016,1183,613,Montana,1796
8/17/2016,4372,801,Nebraska,5173
8/17/2016,3529,639,New Hampshire,4168
8/17/2016,22010,2984,New Jersey,24994
8/17/2016,2738,1058,New Mexico,3796
8/17/2016,39107,4030,New York,43137
8/17/2016,13739,5269,North Carolina,19008
8/17/2016,708,734,North Dakota,1442
8/17/2016,11598,3370,Ohio,14968
8/17/2016,2890,2747,Oklahoma,5637
8/17/2016,3708,1265,Oregon,4973
8/17/2016,20732,7010,Pennsylvania,27742
8/17/2016,951,7048,Puerto Rico,7999
8/17/2016,2752,903,Rhode Island,3655
8/17/2016,5773,4569,South Carolina,10342
8/17/2016,1304,529,South Dakota,1833
8/17/2016,8554,4074,Tennessee,12628
8/17/2016,22994,9941,Texas,32935
8/17/2016,661,486,Vermont,1147
8/17/2016,117,251,Virgin Islands,368
8/17/2016,11673,2675,Virginia,14348
8/17/2016,7017,1147,Washington,8164
8/17/2016,3952,753,West Virginia,4705
8/17/2016,8301,1756,Wisconsin,10057
8/17/2016,1000,586,Wyoming,1586
8/13/2016,12227,1778,Arizona,14005
8/13/2016,2019,1928,Arkansas,3947
8/13/2016,59845,0,California,59845
8/13/2016,4633,4055,Colorado,8688
8/13/2016,6230,3290,Connecticut,9520
8/13/2016,2600,456,Delaware,3056
8/13/2016,1271,269,Dist. of Columbia,1540
8/13/2016,45028,13160,Florida,58188
8/13/2016,16879,2081,Georgia,18960
8/13/2016,3599,890,Idaho,4489
8/13/2016,15471,2764,Illinois,18235
8/13/2016,11515,2735,Indiana,14250
8/13/2016,4992,2131,Iowa,7123
8/13/2016,4912,695,Kansas,5607
8/13/2016,9405,1526,Kentucky,10931
8/13/2016,8485,2812,Louisiana,11297
8/13/2016,1649,1605,Maine,3254
8/13/2016,11465,1721,Maryland,13186
8/13/2016,12173,1683,Massachusetts,13856
8/13/2016,15231,1890,Michigan,17121
8/13/2016,8571,849,Minnesota,9420
8/13/2016,12203,1127,Missouri,13330
8/13/2016,1165,696,Montana,1861
8/13/2016,4624,830,Nebraska,5454
8/13/2016,4059,735,New Hampshire,4794
8/13/2016,21215,2953,New Jersey,24168
8/13/2016,2677,997,New Mexico,3674
8/13/2016,39143,3774,New York,42917
8/13/2016,15307,5651,North Carolina,20958
8/13/2016,697,830,North Dakota,1527
8/13/2016,12390,3435,Ohio,15825
8/13/2016,3089,3021,Oklahoma,6110
8/13/2016,3630,1238,Oregon,4868
8/13/2016,21489,7441,Pennsylvania,28930
8/13/2016,1179,8996,Puerto Rico,10175
8/13/2016,3003,889,Rhode Island,3892
8/13/2016,6335,4992,South Carolina,11327
8/13/2016,1317,509,South Dakota,1826
8/13/2016,9450,4299,Tennessee,13749
8/13/2016,24849,10705,Texas,35554
8/13/2016,739,529,Vermont,1268
8/13/2016,127,276,Virgin Islands,403
8/13/2016,12596,3012,Virginia,15608
8/13/2016,6447,1055,Washington,7502
8/13/2016,4209,781,West Virginia,4990
8/13/2016,8827,1867,Wisconsin,10694
8/13/2016,915,573,Wyoming,1488
8/10/2016,11100,1583,Arizona,12683
8/10/2016,2003,1825,Arkansas,3828
8/10/2016,54714,0,California,54714
8/10/2016,4097,3948,Colorado,8045
8/10/2016,5845,3138,Connecticut,8983
8/10/2016,2366,451,Delaware,2817
8/10/2016,1259,264,Dist. of Columbia,1523
8/10/2016,40400,12887,Florida,53287
8/10/2016,14666,1997,Georgia,16663
8/10/2016,3280,927,Idaho,4207
8/10/2016,14217,2769,Illinois,16986
8/10/2016,9660,2401,Indiana,12061
8/10/2016,4456,1913,Iowa,6369
8/10/2016,4330,587,Kansas,4917
8/10/2016,8002,1326,Kentucky,9328
8/10/2016,8406,2742,Louisiana,11148
8/10/2016,1274,1236,Maine,2510
8/10/2016,10364,1711,Maryland,12075
8/10/2016,10657,1502,Massachusetts,12159
8/10/2016,14299,1821,Michigan,16120
8/10/2016,7331,788,Minnesota,8119
8/10/2016,11058,1051,Missouri,12109
8/10/2016,1034,618,Montana,1652
8/10/2016,4146,819,Nebraska,4965
8/10/2016,3420,577,New Hampshire,3997
8/10/2016,19768,2824,New Jersey,22592
8/10/2016,2418,983,New Mexico,3401
8/10/2016,34877,3559,New York,38436
8/10/2016,14187,5473,North Carolina,19660
8/10/2016,678,742,North Dakota,1420
8/10/2016,11321,3389,Ohio,14710
8/10/2016,2834,2715,Oklahoma,5549
8/10/2016,3261,1212,Oregon,4473
8/10/2016,19456,6935,Pennsylvania,26391
8/10/2016,953,7234,Puerto Rico,8187
8/10/2016,2649,819,Rhode Island,3468
8/10/2016,5767,4722,South Carolina,10489
8/10/2016,1252,497,South Dakota,1749
8/10/2016,8732,4178,Tennessee,12910
8/10/2016,22700,10113,Texas,32813
8/10/2016,580,468,Vermont,1048
8/10/2016,106,286,Virgin Islands,392
8/10/2016,11350,2815,Virginia,14165
8/10/2016,6126,1030,Washington,7156
8/10/2016,3717,804,West Virginia,4521
8/10/2016,7927,1595,Wisconsin,9522
8/10/2016,987,654,Wyoming,1641
8/6/2016,12228,1698,Arizona,13926
8/6/2016,2254,2155,Arkansas,4409
8/6/2016,56574,0,California,56574
8/6/2016,4262,4262,Colorado,8524
8/6/2016,6443,3286,Connecticut,9729
8/6/2016,2504,519,Delaware,3023
8/6/2016,1336,246,Dist. of Columbia,1582
8/6/2016,48581,14420,Florida,63001
8/6/2016,16741,2179,Georgia,18920
8/6/2016,3572,990,Idaho,4562
8/6/2016,14847,2913,Illinois,17760
8/6/2016,11572,2785,Indiana,14357
8/6/2016,4623,2043,Iowa,6666
8/6/2016,4800,665,Kansas,5465
8/6/2016,9227,1493,Kentucky,10720
8/6/2016,9514,3127,Louisiana,12641
8/6/2016,1410,1456,Maine,2866
8/6/2016,11845,1788,Maryland,13633
8/6/2016,11502,1624,Massachusetts,13126
8/6/2016,15784,1934,Michigan,17718
8/6/2016,7777,807,Minnesota,8584
8/6/2016,11799,1138,Missouri,12937
8/6/2016,1203,668,Montana,1871
8/6/2016,4292,844,Nebraska,5136
8/6/2016,3845,670,New Hampshire,4515
8/6/2016,20409,2870,New Jersey,23279
8/6/2016,2782,975,New Mexico,3757
8/6/2016,37115,3534,New York,40649
8/6/2016,15898,6078,North Carolina,21976
8/6/2016,732,753,North Dakota,1485
8/6/2016,12266,3725,Ohio,15991
8/6/2016,3026,3133,Oklahoma,6159
8/6/2016,3397,1181,Oregon,4578
8/6/2016,21410,7520,Pennsylvania,28930
8/6/2016,1222,9516,Puerto Rico,10738
8/6/2016,3040,950,Rhode Island,3990
8/6/2016,6710,5425,South Carolina,12135
8/6/2016,1312,481,South Dakota,1793
8/6/2016,9781,4721,Tennessee,14502
8/6/2016,25283,11003,Texas,36286
8/6/2016,632,542,Vermont,1174
8/6/2016,141,296,Virgin Islands,437
8/6/2016,12572,2966,Virginia,15538
8/6/2016,5949,995,Washington,6944
8/6/2016,4343,863,West Virginia,5206
8/6/2016,8483,1738,Wisconsin,10221
8/6/2016,1055,646,Wyoming,1701
8/3/2016,11251,1477,Arizona,12728
8/3/2016,1765,1675,Arkansas,3440
8/3/2016,54584,0,California,54584
8/3/2016,3863,3628,Colorado,7491
8/3/2016,5293,2830,Connecticut,8123
8/3/2016,2220,413,Delaware,2633
8/3/2016,1142,209,Dist. of Columbia,1351
8/3/2016,36631,10908,Florida,47539
8/3/2016,13503,1794,Georgia,15297
8/3/2016,3324,912,Idaho,4236
8/3/2016,14461,2703,Illinois,17164
8/3/2016,9158,2140,Indiana,11298
8/3/2016,4400,1735,Iowa,6135
8/3/2016,4113,534,Kansas,4647
8/3/2016,7646,1263,Kentucky,8909
8/3/2016,8307,2608,Louisiana,10915
8/3/2016,1249,1158,Maine,2407
8/3/2016,10147,1537,Maryland,11684
8/3/2016,9811,1292,Massachusetts,11103
8/3/2016,14269,1686,Michigan,15955
8/3/2016,7206,692,Minnesota,7898
8/3/2016,9888,837,Missouri,10725
8/3/2016,1084,629,Montana,1713
8/3/2016,3954,815,Nebraska,4769
8/3/2016,3065,516,New Hampshire,3581
8/3/2016,19418,2671,New Jersey,22089
8/3/2016,2377,837,New Mexico,3214
8/3/2016,35339,3384,New York,38723
8/3/2016,12665,4684,North Carolina,17349
8/3/2016,669,724,North Dakota,1393
8/3/2016,11670,3196,Ohio,14866
8/3/2016,2588,2578,Oklahoma,5166
8/3/2016,3093,1094,Oregon,4187
8/3/2016,18318,6435,Pennsylvania,24753
8/3/2016,829,6039,Puerto Rico,6868
8/3/2016,2511,688,Rhode Island,3199
8/3/2016,5420,4380,South Carolina,9800
8/3/2016,1142,450,South Dakota,1592
8/3/2016,8185,3783,Tennessee,11968
8/3/2016,20704,9014,Texas,29718
8/3/2016,564,450,Vermont,1014
8/3/2016,102,260,Virgin Islands,362
8/3/2016,10388,2501,Virginia,12889
8/3/2016,5480,922,Washington,6402
8/3/2016,3601,695,West Virginia,4296
8/3/2016,7867,1557,Wisconsin,9424
8/3/2016,1098,626,Wyoming,1724
7/30/2016,55491,4915,Arizona,60406
7/30/2016,10080,8208,Arkansas,18288
7/30/2016,327691,0,California,327691
7/30/2016,21121,14057,Colorado,35178
7/30/2016,32583,11945,Connecticut,44528
7/30/2016,12598,1469,Delaware,14067
7/30/2016,4779,666,Dist. of Columbia,5445
7/30/2016,193187,44261,Florida,237448
7/30/2016,72236,6143,Georgia,78379
7/30/2016,11586,2512,Idaho,14098
7/30/2016,97607,11408,Illinois,109015
7/30/2016,52990,8173,Indiana,61163
7/30/2016,23105,7459,Iowa,30564
7/30/2016,18368,1699,Kansas,20067
7/30/2016,33641,3761,Kentucky,37402
7/30/2016,35272,7779,Louisiana,43051
7/30/2016,6593,4562,Maine,11155
7/30/2016,56668,5345,Maryland,62013
7/30/2016,79503,6441,Massachusetts,85944
7/30/2016,91770,6281,Michigan,98051
7/30/2016,41107,2269,Minnesota,43376
7/30/2016,56160,3380,Missouri,59540
7/30/2016,4388,1913,Montana,6301
7/30/2016,15684,2134,Nebraska,17818
7/30/2016,18894,2086,New Hampshire,20980
7/30/2016,145536,11395,New Jersey,156931
7/30/2016,11005,3089,New Mexico,14094
7/30/2016,233037,13507,New York,246544
7/30/2016,65350,18412,North Carolina,83762
7/30/2016,3483,2979,North Dakota,6462
7/30/2016,75046,14208,Ohio,89254
7/30/2016,14026,10345,Oklahoma,24371
7/30/2016,19681,4037,Oregon,23718
7/30/2016,134434,32191,Pennsylvania,166625
7/30/2016,2187,14616,Puerto Rico,16803
7/30/2016,11768,2618,Rhode Island,14386
7/30/2016,26728,15814,South Carolina,42542
7/30/2016,5585,1768,South Dakota,7353
7/30/2016,43388,15863,Tennessee,59251
7/30/2016,134074,41999,Texas,176073
7/30/2016,2842,1727,Vermont,4569
7/30/2016,358,637,Virgin Islands,995
7/30/2016,61480,10231,Virginia,71711
7/30/2016,36682,3971,Washington,40653
7/30/2016,16694,2258,West Virginia,18952
7/30/2016,48382,5788,Wisconsin,54170
7/30/2016,2674,1489,Wyoming,4163
7/27/2016,37195,3558,Arizona,40753
7/27/2016,6562,5479,Arkansas,12041
7/27/2016,234339,0,California,234339
7/27/2016,14442,9582,Colorado,24024
7/27/2016,20343,7672,Connecticut,28015
7/27/2016,8430,961,Delaware,9391
7/27/2016,3366,459,Dist. of Columbia,3825
7/27/2016,122570,29291,Florida,151861
7/27/2016,46487,3914,Georgia,50401
7/27/2016,8226,1772,Idaho,9998
7/27/2016,69272,8073,Illinois,77345
7/27/2016,34763,5760,Indiana,40523
7/27/2016,17257,5584,Iowa,22841
7/27/2016,12320,1188,Kansas,13508
7/27/2016,23256,2661,Kentucky,25917
7/27/2016,23588,5398,Louisiana,28986
7/27/2016,3959,2877,Maine,6836
7/27/2016,35871,3462,Maryland,39333
7/27/2016,53074,4155,Massachusetts,57229
7/27/2016,60945,4226,Michigan,65171
7/27/2016,27653,1618,Minnesota,29271
7/27/2016,38509,2341,Missouri,40850
7/27/2016,2958,1243,Montana,4201
7/27/2016,12334,1644,Nebraska,13978
7/27/2016,11499,1391,New Hampshire,12890
7/27/2016,98226,7804,New Jersey,106030
7/27/2016,7599,2071,New Mexico,9670
7/27/2016,155520,9166,New York,164686
7/27/2016,43350,12570,North Carolina,55920
7/27/2016,2477,2036,North Dakota,4513
7/27/2016,50493,8762,Ohio,59255
7/27/2016,9477,6805,Oklahoma,16282
7/27/2016,14022,2932,Oregon,16954
7/27/2016,92214,21791,Pennsylvania,114005
7/27/2016,1394,8869,Puerto Rico,10263
7/27/2016,8230,1888,Rhode Island,10118
7/27/2016,17014,10186,South Carolina,27200
7/27/2016,3769,1103,South Dakota,4872
7/27/2016,27341,9876,Tennessee,37217
7/27/2016,89172,29136,Texas,118308
7/27/2016,1864,1209,Vermont,3073
7/27/2016,180,418,Virgin Islands,598
7/27/2016,40705,6501,Virginia,47206
7/27/2016,25099,2819,Washington,27918
7/27/2016,11301,1690,West Virginia,12991
7/27/2016,31680,4069,Wisconsin,35749
7/27/2016,1905,1059,Wyoming,2964
7/23/2016,27251,3066,Arizona,30317
7/23/2016,4924,4086,Arkansas,9010
7/23/2016,165546,0,California,165546
7/23/2016,11065,7944,Colorado,19009
7/23/2016,14910,6156,Connecticut,21066
7/23/2016,6760,981,Delaware,7741
7/23/2016,2369,380,Dist. of Columbia,2749
7/23/2016,101339,27082,Florida,128421
7/23/2016,34830,3715,Georgia,38545
7/23/2016,6392,1553,Idaho,7945
7/23/2016,46388,6363,Illinois,52751
7/23/2016,27017,5033,Indiana,32050
7/23/2016,13026,4456,Iowa,17482
7/23/2016,9474,1102,Kansas,10576
7/23/2016,18027,2465,Kentucky,20492
7/23/2016,18340,4848,Louisiana,23188
7/23/2016,3091,2369,Maine,5460
7/23/2016,27742,3316,Maryland,31058
7/23/2016,36026,3551,Massachusetts,39577
7/23/2016,40989,3880,Michigan,44869
7/23/2016,17383,1361,Minnesota,18744
7/23/2016,29160,2124,Missouri,31284
7/23/2016,1865,998,Montana,2863
7/23/2016,9419,1532,Nebraska,10951
7/23/2016,8088,1218,New Hampshire,9306
7/23/2016,67212,6517,New Jersey,73729
7/23/2016,5239,1775,New Mexico,7014
7/23/2016,104970,7665,New York,112635
7/23/2016,33189,11372,North Carolina,44561
7/23/2016,1685,1668,North Dakota,3353
7/23/2016,33668,7082,Ohio,40750
7/23/2016,6839,5322,Oklahoma,12161
7/23/2016,9497,2348,Oregon,11845
7/23/2016,70078,17743,Pennsylvania,87821
7/23/2016,1783,12761,Puerto Rico,14544
7/23/2016,7198,1763,Rhode Island,8961
7/23/2016,13365,8740,South Carolina,22105
7/23/2016,2648,855,South Dakota,3503
7/23/2016,21187,8211,Tennessee,29398
7/23/2016,61474,22696,Texas,84170
7/23/2016,1258,860,Vermont,2118
7/23/2016,178,416,Virgin Islands,594
7/23/2016,30217,5742,Virginia,35959
7/23/2016,16432,2160,Washington,18592
7/23/2016,8953,1418,West Virginia,10371
7/23/2016,19849,3170,Wisconsin,23019
7/23/2016,1566,874,Wyoming,2440
7/20/2016,22648,2550,Arizona,25198
7/20/2016,4161,3296,Arkansas,7457
7/20/2016,143438,0,California,143438
7/20/2016,9256,6535,Colorado,15791
7/20/2016,12979,5420,Connecticut,18399
7/20/2016,5477,777,Delaware,6254
7/20/2016,2299,340,Dist. of Columbia,2639
7/20/2016,79973,21439,Florida,101412
7/20/2016,29773,3299,Georgia,33072
7/20/2016,5812,1435,Idaho,7247
7/20/2016,41626,5882,Illinois,47508
7/20/2016,21136,3936,Indiana,25072
7/20/2016,11548,3900,Iowa,15448
7/20/2016,8093,903,Kansas,8996
7/20/2016,15672,2183,Kentucky,17855
7/20/2016,15551,4049,Louisiana,19600
7/20/2016,2525,1899,Maine,4424
7/20/2016,24306,2995,Maryland,27301
7/20/2016,32065,3484,Massachusetts,35549
7/20/2016,35444,3418,Michigan,38862
7/20/2016,16234,1262,Minnesota,17496
7/20/2016,24662,1898,Missouri,26560
7/20/2016,1745,923,Montana,2668
7/20/2016,8765,1298,Nebraska,10063
7/20/2016,6986,1077,New Hampshire,8063
7/20/2016,56563,5690,New Jersey,62253
7/20/2016,4742,1546,New Mexico,6288
7/20/2016,95507,7431,New York,102938
7/20/2016,27407,9328,North Carolina,36735
7/20/2016,1472,1475,North Dakota,2947
7/20/2016,29090,6175,Ohio,35265
7/20/2016,5694,4378,Oklahoma,10072
7/20/2016,8784,2121,Oregon,10905
7/20/2016,59272,15509,Pennsylvania,74781
7/20/2016,1363,9118,Puerto Rico,10481
7/20/2016,5756,1481,Rhode Island,7237
7/20/2016,10795,7210,South Carolina,18005
7/20/2016,2452,791,South Dakota,3243
7/20/2016,17395,6823,Tennessee,24218
7/20/2016,50632,18382,Texas,69014
7/20/2016,1124,777,Vermont,1901
7/20/2016,153,342,Virgin Islands,495
7/20/2016,25215,4876,Virginia,30091
7/20/2016,15536,1905,Washington,17441
7/20/2016,7300,1252,West Virginia,8552
7/20/2016,17321,2718,Wisconsin,20039
7/20/2016,1312,790,Wyoming,2102
7/16/2016,21866,2468,Arizona,24334
7/16/2016,3812,3213,Arkansas,7025
7/16/2016,126897,0,California,126897
7/16/2016,9009,6898,Colorado,15907
7/16/2016,12364,5430,Connecticut,17794
7/16/2016,5081,767,Delaware,5848
7/16/2016,2065,336,Dist. of Columbia,2401
7/16/2016,78835,21004,Florida,99839
7/16/2016,28377,3143,Georgia,31520
7/16/2016,5862,1460,Idaho,7322
7/16/2016,36817,5272,Illinois,42089
7/16/2016,21837,4139,Indiana,25976
7/16/2016,10799,3829,Iowa,14628
7/16/2016,8353,915,Kansas,9268
7/16/2016,16498,2208,Kentucky,18706
7/16/2016,16373,4488,Louisiana,20861
7/16/2016,2578,1948,Maine,4526
7/16/2016,22601,2726,Maryland,25327
7/16/2016,28451,2947,Massachusetts,31398
7/16/2016,32448,3010,Michigan,35458
7/16/2016,16520,1266,Minnesota,17786
7/16/2016,25175,1900,Missouri,27075
7/16/2016,1650,875,Montana,2525
7/16/2016,8602,1454,Nebraska,10056
7/16/2016,7006,1082,New Hampshire,8088
7/16/2016,50419,5359,New Jersey,55778
7/16/2016,4856,1604,New Mexico,6460
7/16/2016,87594,6588,New York,94182
7/16/2016,26076,8727,North Carolina,34803
7/16/2016,1459,1402,North Dakota,2861
7/16/2016,27349,5980,Ohio,33329
7/16/2016,5558,4362,Oklahoma,9920
7/16/2016,8466,2092,Oregon,10558
7/16/2016,56593,15234,Pennsylvania,71827
7/16/2016,1573,12305,Puerto Rico,13878
7/16/2016,6016,1598,Rhode Island,7614
7/16/2016,10441,7160,South Carolina,17601
7/16/2016,2296,755,South Dakota,3051
7/16/2016,16554,6545,Tennessee,23099
7/16/2016,50387,18635,Texas,69022
7/16/2016,1222,804,Vermont,2026
7/16/2016,183,331,Virgin Islands,514
7/16/2016,22993,4535,Virginia,27528
7/16/2016,13590,1942,Washington,15532
7/16/2016,7874,1298,West Virginia,9172
7/16/2016,17217,2869,Wisconsin,20086
7/16/2016,1182,695,Wyoming,1877
7/13/2016,19623,2350,Arizona,21973
7/13/2016,3753,3172,Arkansas,6925
7/13/2016,122321,0,California,122321
7/13/2016,8426,6404,Colorado,14830
7/13/2016,11444,4970,Connecticut,16414
7/13/2016,4697,720,Delaware,5417
7/13/2016,2046,333,Dist. of Columbia,2379
7/13/2016,71676,19777,Florida,91453
7/13/2016,27066,3153,Georgia,30219
7/13/2016,5241,1269,Idaho,6510
7/13/2016,33583,5256,Illinois,38839
7/13/2016,17554,3598,Indiana,21152
7/13/2016,9731,3203,Iowa,12934
7/13/2016,7245,859,Kansas,8104
7/13/2016,14134,1866,Kentucky,16000
7/13/2016,14427,4175,Louisiana,18602
7/13/2016,2111,1767,Maine,3878
7/13/2016,21430,2693,Maryland,24123
7/13/2016,27686,2917,Massachusetts,30603
7/13/2016,31485,3134,Michigan,34619
7/13/2016,14711,1132,Minnesota,15843
7/13/2016,21729,1672,Missouri,23401
7/13/2016,1624,853,Montana,2477
7/13/2016,7603,1114,Nebraska,8717
7/13/2016,6048,842,New Hampshire,6890
7/13/2016,48680,5199,New Jersey,53879
7/13/2016,4385,1497,New Mexico,5882
7/13/2016,81410,6541,New York,87951
7/13/2016,24618,8526,North Carolina,33144
7/13/2016,1364,1331,North Dakota,2695
7/13/2016,25577,5574,Ohio,31151
7/13/2016,5159,4318,Oklahoma,9477
7/13/2016,7581,1948,Oregon,9529
7/13/2016,51116,13849,Pennsylvania,64965
7/13/2016,1346,9383,Puerto Rico,10729
7/13/2016,4844,1361,Rhode Island,6205
7/13/2016,9956,6769,South Carolina,16725
7/13/2016,2245,712,South Dakota,2957
7/13/2016,15056,6333,Tennessee,21389
7/13/2016,46071,17266,Texas,63337
7/13/2016,998,627,Vermont,1625
7/13/2016,173,343,Virgin Islands,516
7/13/2016,22443,4467,Virginia,26910
7/13/2016,13168,1806,Washington,14974
7/13/2016,6833,1077,West Virginia,7910
7/13/2016,14875,2506,Wisconsin,17381
7/13/2016,1321,758,Wyoming,2079
7/9/2016,25219,2766,Arizona,27985
7/9/2016,4262,4021,Arkansas,8283
7/9/2016,116190,0,California,116190
7/9/2016,9109,7519,Colorado,16628
7/9/2016,12974,5617,Connecticut,18591
7/9/2016,5148,748,Delaware,5896
7/9/2016,2451,385,Dist. of Columbia,2836
7/9/2016,85367,22562,Florida,107929
7/9/2016,35561,3634,Georgia,39195
7/9/2016,5650,1318,Idaho,6968
7/9/2016,32751,4954,Illinois,37705
7/9/2016,20758,4144,Indiana,24902
7/9/2016,9064,3313,Iowa,12377
7/9/2016,8498,940,Kansas,9438
7/9/2016,16514,2134,Kentucky,18648
7/9/2016,17280,4764,Louisiana,22044
7/9/2016,2411,2035,Maine,4446
7/9/2016,24213,2913,Maryland,27126
7/9/2016,26878,2950,Massachusetts,29828
7/9/2016,32979,3191,Michigan,36170
7/9/2016,16125,1218,Minnesota,17343
7/9/2016,23930,1780,Missouri,25710
7/9/2016,1775,937,Montana,2712
7/9/2016,7601,1377,Nebraska,8978
7/9/2016,6666,969,New Hampshire,7635
7/9/2016,46303,4984,New Jersey,51287
7/9/2016,5289,1882,New Mexico,7171
7/9/2016,84536,6218,New York,90754
7/9/2016,27887,9344,North Carolina,37231
7/9/2016,1312,1365,North Dakota,2677
7/9/2016,27659,6462,Ohio,34121
7/9/2016,5632,4863,Oklahoma,10495
7/9/2016,7859,2159,Oregon,10018
7/9/2016,50653,14489,Pennsylvania,65142
7/9/2016,1764,12201,Puerto Rico,13965
7/9/2016,5522,1507,Rhode Island,7029
7/9/2016,12333,8544,South Carolina,20877
7/9/2016,2303,820,South Dakota,3123
7/9/2016,18504,7840,Tennessee,26344
7/9/2016,52421,19129,Texas,71550
7/9/2016,1127,844,Vermont,1971
7/9/2016,200,498,Virgin Islands,698
7/9/2016,26103,5164,Virginia,31267
7/9/2016,13741,1755,Washington,15496
7/9/2016,7563,1304,West Virginia,8867
7/9/2016,15909,2386,Wisconsin,18295
7/9/2016,1464,841,Wyoming,2305
7/6/2016,21096,2383,Arizona,23479
7/6/2016,3474,3126,Arkansas,6600
7/6/2016,103850,0,California,103850
7/6/2016,8202,6639,Colorado,14841
7/6/2016,11154,4828,Connecticut,15982
7/6/2016,4394,664,Delaware,5058
7/6/2016,2039,298,Dist. of Columbia,2337
7/6/2016,71005,18845,Florida,89850
7/6/2016,28951,3059,Georgia,32010
7/6/2016,5077,1189,Idaho,6266
7/6/2016,29405,4422,Illinois,33827
7/6/2016,15929,3208,Indiana,19137
7/6/2016,7790,2786,Iowa,10576
7/6/2016,7373,854,Kansas,8227
7/6/2016,13813,1834,Kentucky,15647
7/6/2016,13969,3754,Louisiana,17723
7/6/2016,2178,1750,Maine,3928
7/6/2016,20706,2544,Maryland,23250
7/6/2016,23100,2515,Massachusetts,25615
7/6/2016,28207,2559,Michigan,30766
7/6/2016,13824,1021,Minnesota,14845
7/6/2016,23060,1519,Missouri,24579
7/6/2016,1457,823,Montana,2280
7/6/2016,6596,1135,Nebraska,7731
7/6/2016,5678,909,New Hampshire,6587
7/6/2016,41873,4409,New Jersey,46282
7/6/2016,4521,1456,New Mexico,5977
7/6/2016,76063,5597,New York,81660
7/6/2016,23910,8157,North Carolina,32067
7/6/2016,1180,1169,North Dakota,2349
7/6/2016,24271,5559,Ohio,29830
7/6/2016,4875,4284,Oklahoma,9159
7/6/2016,7238,2083,Oregon,9321
7/6/2016,44821,12983,Pennsylvania,57804
7/6/2016,1285,9057,Puerto Rico,10342
7/6/2016,4592,1226,Rhode Island,5818
7/6/2016,10171,7237,South Carolina,17408
7/6/2016,2176,732,South Dakota,2908
7/6/2016,16331,6954,Tennessee,23285
7/6/2016,47153,17192,Texas,64345
7/6/2016,926,707,Vermont,1633
7/6/2016,157,364,Virgin Islands,521
7/6/2016,22303,4517,Virginia,26820
7/6/2016,12277,1531,Washington,13808
7/6/2016,6290,1026,West Virginia,7316
7/6/2016,14104,2215,Wisconsin,16319
7/6/2016,1140,690,Wyoming,1830
7/2/2016,21671,2492,Arizona,24163
7/2/2016,3472,3027,Arkansas,6499
7/2/2016,99953,0,California,99953
7/2/2016,7911,6714,Colorado,14625
7/2/2016,10932,4973,Connecticut,15905
7/2/2016,4368,727,Delaware,5095
7/2/2016,2155,361,Dist. of Columbia,2516
7/2/2016,73815,20276,Florida,94091
7/2/2016,32021,3678,Georgia,35699
7/2/2016,4949,1157,Idaho,6106
7/2/2016,27459,4431,Illinois,31890
7/2/2016,17927,3566,Indiana,21493
7/2/2016,7712,3014,Iowa,10726
7/2/2016,7395,900,Kansas,8295
7/2/2016,14831,2035,Kentucky,16866
7/2/2016,14926,4293,Louisiana,19219
7/2/2016,2218,1913,Maine,4131
7/2/2016,20877,2760,Maryland,23637
7/2/2016,23589,2626,Massachusetts,26215
7/2/2016,28568,3029,Michigan,31597
7/2/2016,14322,1141,Minnesota,15463
7/2/2016,22090,1662,Missouri,23752
7/2/2016,1460,827,Montana,2287
7/2/2016,6831,1171,Nebraska,8002
7/2/2016,6228,987,New Hampshire,7215
7/2/2016,42046,4849,New Jersey,46895
7/2/2016,4909,1604,New Mexico,6513
7/2/2016,80469,6386,New York,86855
7/2/2016,23971,8071,North Carolina,32042
7/2/2016,1146,1091,North Dakota,2237
7/2/2016,22834,5572,Ohio,28406
7/2/2016,5076,4279,Oklahoma,9355
7/2/2016,7014,2108,Oregon,9122
7/2/2016,43535,12671,Pennsylvania,56206
7/2/2016,1695,12218,Puerto Rico,13913
7/2/2016,5181,1339,Rhode Island,6520
7/2/2016,10574,7442,South Carolina,18016
7/2/2016,2049,762,South Dakota,2811
7/2/2016,16002,6876,Tennessee,22878
7/2/2016,46111,17906,Texas,64017
7/2/2016,1024,776,Vermont,1800
7/2/2016,183,461,Virgin Islands,644
7/2/2016,22581,4938,Virginia,27519
7/2/2016,10960,1542,Washington,12502
7/2/2016,6393,1066,West Virginia,7459
7/2/2016,14100,2363,Wisconsin,16463
7/2/2016,1060,652,Wyoming,1712
6/29/2016,17151,2007,Arizona,19158
6/29/2016,2515,2283,Arkansas,4798
6/29/2016,83402,0,California,83402
6/29/2016,6547,5332,Colorado,11879
6/29/2016,8902,4042,Connecticut,12944
6/29/2016,3522,570,Delaware,4092
6/29/2016,1658,344,Dist. of Columbia,2002
6/29/2016,52957,15230,Florida,68187
6/29/2016,24025,2626,Georgia,26651
6/29/2016,4170,1039,Idaho,5209
6/29/2016,22263,3811,Illinois,26074
6/29/2016,12688,2814,Indiana,15502
6/29/2016,6243,2349,Iowa,8592
6/29/2016,6206,735,Kansas,6941
6/29/2016,11272,1563,Kentucky,12835
6/29/2016,11307,3282,Louisiana,14589
6/29/2016,1629,1459,Maine,3088
6/29/2016,15466,2211,Maryland,17677
6/29/2016,19490,2372,Massachusetts,21862
6/29/2016,22601,2432,Michigan,25033
6/29/2016,11796,897,Minnesota,12693
6/29/2016,16990,1390,Missouri,18380
6/29/2016,1196,726,Montana,1922
6/29/2016,5926,1060,Nebraska,6986
6/29/2016,4760,776,New Hampshire,5536
6/29/2016,33910,3881,New Jersey,37791
6/29/2016,3712,1168,New Mexico,4880
6/29/2016,62671,5316,New York,67987
6/29/2016,17389,6296,North Carolina,23685
6/29/2016,1004,1006,North Dakota,2010
6/29/2016,17196,4102,Ohio,21298
6/29/2016,3700,3071,Oklahoma,6771
6/29/2016,5744,1787,Oregon,7531
6/29/2016,33815,10079,Pennsylvania,43894
6/29/2016,1298,9406,Puerto Rico,10704
6/29/2016,3949,1161,Rhode Island,5110
6/29/2016,7440,5431,South Carolina,12871
6/29/2016,1666,572,South Dakota,2238
6/29/2016,11596,4966,Tennessee,16562
6/29/2016,33796,13443,Texas,47239
6/29/2016,774,543,Vermont,1317
6/29/2016,141,336,Virgin Islands,477
6/29/2016,16443,3592,Virginia,20035
6/29/2016,9016,1286,Washington,10302
6/29/2016,5146,868,West Virginia,6014
6/29/2016,10957,2090,Wisconsin,13047
6/29/2016,966,655,Wyoming,1621
6/25/2016,16548,2069,Arizona,18617
6/25/2016,2609,2390,Arkansas,4999
6/25/2016,73051,0,California,73051
6/25/2016,6178,5337,Colorado,11515
6/25/2016,8401,4097,Connecticut,12498
6/25/2016,3278,575,Delaware,3853
6/25/2016,1528,310,Dist. of Columbia,1838
6/25/2016,56158,17136,Florida,73294
6/25/2016,21840,2497,Georgia,24337
6/25/2016,3891,1043,Idaho,4934
6/25/2016,19879,3335,Illinois,23214
6/25/2016,13122,2999,Indiana,16121
6/25/2016,6418,2458,Iowa,8876
6/25/2016,6412,779,Kansas,7191
6/25/2016,11366,1747,Kentucky,13113
6/25/2016,12546,3660,Louisiana,16206
6/25/2016,1743,1622,Maine,3365
6/25/2016,15514,2140,Maryland,17654
6/25/2016,16790,2103,Massachusetts,18893
6/25/2016,20701,2267,Michigan,22968
6/25/2016,11466,951,Minnesota,12417
6/25/2016,16551,1424,Missouri,17975
6/25/2016,1193,692,Montana,1885
6/25/2016,6035,1073,Nebraska,7108
6/25/2016,4793,844,New Hampshire,5637
6/25/2016,29838,3833,New Jersey,33671
6/25/2016,3517,1207,New Mexico,4724
6/25/2016,56490,4973,New York,61463
6/25/2016,17428,6867,North Carolina,24295
6/25/2016,921,916,North Dakota,1837
6/25/2016,15585,3996,Ohio,19581
6/25/2016,3785,3308,Oklahoma,7093
6/25/2016,5221,1605,Oregon,6826
6/25/2016,32341,10473,Pennsylvania,42814
6/25/2016,1524,12722,Puerto Rico,14246
6/25/2016,3818,1173,Rhode Island,4991
6/25/2016,7482,5905,South Carolina,13387
6/25/2016,1794,620,South Dakota,2414
6/25/2016,11418,5026,Tennessee,16444
6/25/2016,34739,14115,Texas,48854
6/25/2016,796,595,Vermont,1391
6/25/2016,138,370,Virgin Islands,508
6/25/2016,15617,3534,Virginia,19151
6/25/2016,8042,1240,Washington,9282
6/25/2016,5217,918,West Virginia,6135
6/25/2016,10944,2177,Wisconsin,13121
6/25/2016,889,544,Wyoming,1433
6/22/2016,14446,1825,Arizona,16271
6/22/2016,1991,1927,Arkansas,3918
6/22/2016,64589,0,California,64589
6/22/2016,5268,4546,Colorado,9814
6/22/2016,7039,3616,Connecticut,10655
6/22/2016,2793,487,Delaware,3280
6/22/2016,1328,277,Dist. of Columbia,1605
6/22/2016,47869,15014,Florida,62883
6/22/2016,17204,2045,Georgia,19249
6/22/2016,3709,935,Idaho,4644
6/22/2016,16702,3090,Illinois,19792
6/22/2016,9859,2363,Indiana,12222
6/22/2016,5397,2178,Iowa,7575
6/22/2016,5337,673,Kansas,6010
6/22/2016,9483,1580,Kentucky,11063
6/22/2016,9727,2904,Louisiana,12631
6/22/2016,1340,1351,Maine,2691
6/22/2016,12200,1947,Maryland,14147
6/22/2016,14352,1864,Massachusetts,16216
6/22/2016,17124,2014,Michigan,19138
6/22/2016,9931,881,Minnesota,10812
6/22/2016,13345,1279,Missouri,14624
6/22/2016,1180,676,Montana,1856
6/22/2016,5149,917,Nebraska,6066
6/22/2016,3876,773,New Hampshire,4649
6/22/2016,25125,3371,New Jersey,28496
6/22/2016,2970,1058,New Mexico,4028
6/22/2016,48889,4497,New York,53386
6/22/2016,14007,5771,North Carolina,19778
6/22/2016,791,858,North Dakota,1649
6/22/2016,13067,3545,Ohio,16612
6/22/2016,3249,2849,Oklahoma,6098
6/22/2016,4517,1522,Oregon,6039
6/22/2016,26133,8721,Pennsylvania,34854
6/22/2016,1303,10031,Puerto Rico,11334
6/22/2016,3209,968,Rhode Island,4177
6/22/2016,6342,4927,South Carolina,11269
6/22/2016,1516,536,South Dakota,2052
6/22/2016,9945,4502,Tennessee,14447
6/22/2016,27939,11549,Texas,39488
6/22/2016,674,485,Vermont,1159
6/22/2016,110,289,Virgin Islands,399
6/22/2016,12474,2908,Virginia,15382
6/22/2016,7154,1122,Washington,8276
6/22/2016,4260,839,West Virginia,5099
6/22/2016,9472,1882,Wisconsin,11354
6/22/2016,871,578,Wyoming,1449
6/18/2016,15573,2165,Arizona,17738
6/18/2016,2330,2180,Arkansas,4510
6/18/2016,66252,0,California,66252
6/18/2016,5789,5072,Colorado,10861
6/18/2016,7780,3980,Connecticut,11760
6/18/2016,3074,599,Delaware,3673
6/18/2016,1418,279,Dist. of Columbia,1697
6/18/2016,57488,17510,Florida,74998
6/18/2016,19638,2452,Georgia,22090
6/18/2016,3818,955,Idaho,4773
6/18/2016,17416,3197,Illinois,20613
6/18/2016,11900,2897,Indiana,14797
6/18/2016,5761,2312,Iowa,8073
6/18/2016,5648,711,Kansas,6359
6/18/2016,10214,1622,Kentucky,11836
6/18/2016,10663,3365,Louisiana,14028
6/18/2016,1564,1530,Maine,3094
6/18/2016,14540,2249,Maryland,16789
6/18/2016,15350,2052,Massachusetts,17402
6/18/2016,19108,2393,Michigan,21501
6/18/2016,10185,977,Minnesota,11162
6/18/2016,13990,1271,Missouri,15261
6/18/2016,1156,708,Montana,1864
6/18/2016,5182,1007,Nebraska,6189
6/18/2016,4557,879,New Hampshire,5436
6/18/2016,26207,3647,New Jersey,29854
6/18/2016,3343,1251,New Mexico,4594
6/18/2016,48443,4650,New York,53093
6/18/2016,16688,6706,North Carolina,23394
6/18/2016,834,932,North Dakota,1766
6/18/2016,14467,4109,Ohio,18576
6/18/2016,3686,3390,Oklahoma,7076
6/18/2016,4673,1545,Oregon,6218
6/18/2016,29061,9736,Pennsylvania,38797
6/18/2016,1518,12748,Puerto Rico,14266
6/18/2016,3520,1041,Rhode Island,4561
6/18/2016,7388,6016,South Carolina,13404
6/18/2016,1507,552,South Dakota,2059
6/18/2016,11019,5067,Tennessee,16086
6/18/2016,31928,13010,Texas,44938
6/18/2016,665,582,Vermont,1247
6/18/2016,146,325,Virgin Islands,471
6/18/2016,14257,3543,Virginia,17800
6/18/2016,7105,1175,Washington,8280
6/18/2016,4618,936,West Virginia,5554
6/18/2016,9785,2060,Wisconsin,11845
6/18/2016,904,574,Wyoming,1478
6/15/2016,13436,1842,Arizona,15278
6/15/2016,1984,1898,Arkansas,3882
6/15/2016,65077,0,California,65077
6/15/2016,4889,4464,Colorado,9353
6/15/2016,6944,3439,Connecticut,10383
6/15/2016,2670,505,Delaware,3175
6/15/2016,1386,269,Dist. of Columbia,1655
6/15/2016,46765,14805,Florida,61570
6/15/2016,16380,2251,Georgia,18631
6/15/2016,3460,946,Idaho,4406
6/15/2016,15962,2991,Illinois,18953
6/15/2016,9597,2379,Indiana,11976
6/15/2016,5166,2111,Iowa,7277
6/15/2016,4991,672,Kansas,5663
6/15/2016,8994,1466,Kentucky,10460
6/15/2016,9454,3203,Louisiana,12657
6/15/2016,1273,1233,Maine,2506
6/15/2016,12651,1983,Maryland,14634
6/15/2016,13974,1835,Massachusetts,15809
6/15/2016,16724,2144,Michigan,18868
6/15/2016,9150,860,Minnesota,10010
6/15/2016,12389,1232,Missouri,13621
6/15/2016,1113,650,Montana,1763
6/15/2016,4635,899,Nebraska,5534
6/15/2016,3833,652,New Hampshire,4485
6/15/2016,24747,3446,New Jersey,28193
6/15/2016,2884,1033,New Mexico,3917
6/15/2016,45476,4540,New York,50016
6/15/2016,13742,5840,North Carolina,19582
6/15/2016,777,867,North Dakota,1644
6/15/2016,12621,3422,Ohio,16043
6/15/2016,3017,2790,Oklahoma,5807
6/15/2016,4372,1500,Oregon,5872
6/15/2016,25160,8475,Pennsylvania,33635
6/15/2016,1301,9961,Puerto Rico,11262
6/15/2016,2987,966,Rhode Island,3953
6/15/2016,6209,5023,South Carolina,11232
6/15/2016,1360,548,South Dakota,1908
6/15/2016,8990,4197,Tennessee,13187
6/15/2016,26960,11628,Texas,38588
6/15/2016,635,493,Vermont,1128
6/15/2016,141,348,Virgin Islands,489
6/15/2016,12386,2927,Virginia,15313
6/15/2016,6684,1034,Washington,7718
6/15/2016,4067,814,West Virginia,4881
6/15/2016,8875,1936,Wisconsin,10811
6/15/2016,824,556,Wyoming,1380
6/11/2016,15034,2308,Arizona,17342
6/11/2016,2280,2217,Arkansas,4497
6/11/2016,71382,0,California,71382
6/11/2016,5408,5058,Colorado,10466
6/11/2016,7610,4138,Connecticut,11748
6/11/2016,3068,608,Delaware,3676
6/11/2016,1504,304,Dist. of Columbia,1808
6/11/2016,56807,18855,Florida,75662
6/11/2016,20101,2754,Georgia,22855
6/11/2016,3823,1049,Idaho,4872
6/11/2016,16671,3376,Illinois,20047
6/11/2016,11385,2982,Indiana,14367
6/11/2016,5699,2348,Iowa,8047
6/11/2016,5743,774,Kansas,6517
6/11/2016,10334,1749,Kentucky,12083
6/11/2016,11371,3841,Louisiana,15212
6/11/2016,1548,1604,Maine,3152
6/11/2016,14314,2235,Maryland,16549
6/11/2016,15150,2290,Massachusetts,17440
6/11/2016,18403,2446,Michigan,20849
6/11/2016,10010,1011,Minnesota,11021
6/11/2016,13784,1373,Missouri,15157
6/11/2016,1198,707,Montana,1905
6/11/2016,5376,1117,Nebraska,6493
6/11/2016,4422,891,New Hampshire,5313
6/11/2016,26722,3923,New Jersey,30645
6/11/2016,3504,1214,New Mexico,4718
6/11/2016,51597,5274,New York,56871
6/11/2016,16160,7243,North Carolina,23403
6/11/2016,789,930,North Dakota,1719
6/11/2016,13677,4144,Ohio,17821
6/11/2016,3406,3288,Oklahoma,6694
6/11/2016,4372,1514,Oregon,5886
6/11/2016,27915,9812,Pennsylvania,37727
6/11/2016,1634,12950,Puerto Rico,14584
6/11/2016,3462,1116,Rhode Island,4578
6/11/2016,7256,6189,South Carolina,13445
6/11/2016,1440,577,South Dakota,2017
6/11/2016,10401,5381,Tennessee,15782
6/11/2016,30166,13809,Texas,43975
6/11/2016,700,613,Vermont,1313
6/11/2016,143,390,Virgin Islands,533
6/11/2016,14332,3577,Virginia,17909
6/11/2016,7054,1220,Washington,8274
6/11/2016,4838,967,West Virginia,5805
6/11/2016,9908,2143,Wisconsin,12051
6/11/2016,801,643,Wyoming,1444
6/8/2016,11493,1428,Arizona,12921
6/8/2016,1749,1559,Arkansas,3308
6/8/2016,55601,0,California,55601
6/8/2016,4403,3969,Colorado,8372
6/8/2016,5873,3027,Connecticut,8900
6/8/2016,2327,429,Delaware,2756
6/8/2016,1168,219,Dist. of Columbia,1387
6/8/2016,38742,12080,Florida,50822
6/8/2016,13355,1675,Georgia,15030
6/8/2016,3237,824,Idaho,4061
6/8/2016,14010,2554,Illinois,16564
6/8/2016,9060,2204,Indiana,11264
6/8/2016,4685,1926,Iowa,6611
6/8/2016,4630,568,Kansas,5198
6/8/2016,7629,1307,Kentucky,8936
6/8/2016,8578,2789,Louisiana,11367
6/8/2016,1162,1140,Maine,2302
6/8/2016,10358,1531,Maryland,11889
6/8/2016,11023,1529,Massachusetts,12552
6/8/2016,14403,1737,Michigan,16140
6/8/2016,8424,757,Minnesota,9181
6/8/2016,11239,1044,Missouri,12283
6/8/2016,963,558,Montana,1521
6/8/2016,4275,813,Nebraska,5088
6/8/2016,3373,564,New Hampshire,3937
6/8/2016,20702,2798,New Jersey,23500
6/8/2016,2713,882,New Mexico,3595
6/8/2016,37611,3511,New York,41122
6/8/2016,11565,4862,North Carolina,16427
6/8/2016,636,809,North Dakota,1445
6/8/2016,10895,2889,Ohio,13784
6/8/2016,2681,2656,Oklahoma,5337
6/8/2016,3716,1285,Oregon,5001
6/8/2016,20880,7420,Pennsylvania,28300
6/8/2016,1082,8772,Puerto Rico,9854
6/8/2016,2507,765,Rhode Island,3272
6/8/2016,5280,4280,South Carolina,9560
6/8/2016,1256,505,South Dakota,1761
6/8/2016,7812,3655,Tennessee,11467
6/8/2016,22662,9703,Texas,32365
6/8/2016,520,430,Vermont,950
6/8/2016,91,248,Virgin Islands,339
6/8/2016,9902,2382,Virginia,12284
6/8/2016,5726,928,Washington,6654
6/8/2016,3788,736,West Virginia,4524
6/8/2016,8419,1650,Wisconsin,10069
6/8/2016,752,487,Wyoming,1239
6/4/2016,13250,1721,Arizona,14971
6/4/2016,1971,2010,Arkansas,3981
6/4/2016,60284,0,California,60284
6/4/2016,4732,4362,Colorado,9094
6/4/2016,6809,3749,Connecticut,10558
6/4/2016,2682,522,Delaware,3204
6/4/2016,1318,272,Dist. of Columbia,1590
6/4/2016,51666,16328,Florida,67994
6/4/2016,16626,2113,Georgia,18739
6/4/2016,3419,959,Idaho,4378
6/4/2016,15448,2897,Illinois,18345
6/4/2016,10386,2481,Indiana,12867
6/4/2016,5125,2201,Iowa,7326
6/4/2016,4954,645,Kansas,5599
6/4/2016,9195,1531,Kentucky,10726
6/4/2016,9770,3119,Louisiana,12889
6/4/2016,1392,1467,Maine,2859
6/4/2016,12202,1812,Maryland,14014
6/4/2016,11966,1649,Massachusetts,13615
6/4/2016,15159,1913,Michigan,17072
6/4/2016,8889,886,Minnesota,9775
6/4/2016,12300,1200,Missouri,13500
6/4/2016,1051,675,Montana,1726
6/4/2016,4900,869,Nebraska,5769
6/4/2016,3892,734,New Hampshire,4626
6/4/2016,22689,3196,New Jersey,25885
6/4/2016,2920,1079,New Mexico,3999
6/4/2016,44365,4078,New York,48443
6/4/2016,13973,6137,North Carolina,20110
6/4/2016,698,832,North Dakota,1530
6/4/2016,11899,3442,Ohio,15341
6/4/2016,3160,2965,Oklahoma,6125
6/4/2016,3725,1332,Oregon,5057
6/4/2016,24492,8709,Pennsylvania,33201
6/4/2016,1547,12762,Puerto Rico,14309
6/4/2016,3106,918,Rhode Island,4024
6/4/2016,6416,5331,South Carolina,11747
6/4/2016,1368,591,South Dakota,1959
6/4/2016,9586,4764,Tennessee,14350
6/4/2016,26205,11086,Texas,37291
6/4/2016,638,564,Vermont,1202
6/4/2016,139,322,Virgin Islands,461
6/4/2016,12000,2975,Virginia,14975
6/4/2016,6168,983,Washington,7151
6/4/2016,4324,854,West Virginia,5178
6/4/2016,9168,1995,Wisconsin,11163
6/4/2016,725,518,Wyoming,1243
6/1/2016,11493,1686,Arizona,13179
6/1/2016,1889,1825,Arkansas,3714
6/1/2016,55156,0,California,55156
6/1/2016,4405,3952,Colorado,8357
6/1/2016,6007,3136,Connecticut,9143
6/1/2016,2242,472,Delaware,2714
6/1/2016,1189,247,Dist. of Columbia,1436
6/1/2016,42785,13502,Florida,56287
6/1/2016,15020,1969,Georgia,16989
6/1/2016,3366,862,Idaho,4228
6/1/2016,13423,2682,Illinois,16105
6/1/2016,8706,2143,Indiana,10849
6/1/2016,4311,1858,Iowa,6169
6/1/2016,4427,628,Kansas,5055
6/1/2016,7562,1282,Kentucky,8844
6/1/2016,8742,2843,Louisiana,11585
6/1/2016,1095,1139,Maine,2234
6/1/2016,10693,1677,Maryland,12370
6/1/2016,10750,1510,Massachusetts,12260
6/1/2016,14263,1876,Michigan,16139
6/1/2016,7883,749,Minnesota,8632
6/1/2016,10714,1076,Missouri,11790
6/1/2016,955,562,Montana,1517
6/1/2016,4209,816,Nebraska,5025
6/1/2016,3080,587,New Hampshire,3667
6/1/2016,20457,2921,New Jersey,23378
6/1/2016,2576,993,New Mexico,3569
6/1/2016,36720,3774,New York,40494
6/1/2016,12488,5277,North Carolina,17765
6/1/2016,690,707,North Dakota,1397
6/1/2016,10509,3062,Ohio,13571
6/1/2016,2659,2494,Oklahoma,5153
6/1/2016,3537,1186,Oregon,4723
6/1/2016,20084,7071,Pennsylvania,27155
6/1/2016,1085,8554,Puerto Rico,9639
6/1/2016,2707,847,Rhode Island,3554
6/1/2016,5500,4550,South Carolina,10050
6/1/2016,1278,471,South Dakota,1749
6/1/2016,8389,3936,Tennessee,12325
6/1/2016,22774,10097,Texas,32871
6/1/2016,554,440,Vermont,994
6/1/2016,99,274,Virgin Islands,373
6/1/2016,10909,2687,Virginia,13596
6/1/2016,5733,974,Washington,6707
6/1/2016,3640,814,West Virginia,4454
6/1/2016,7671,1575,Wisconsin,9246
6/1/2016,782,547,Wyoming,1329
5/28/2016,12201,1687,Arizona,13888
5/28/2016,1886,2025,Arkansas,3911
5/28/2016,52915,0,California,52915
5/28/2016,4314,4120,Colorado,8434
5/28/2016,5942,3162,Connecticut,9104
5/28/2016,2439,502,Delaware,2941
5/28/2016,1218,273,Dist. of Columbia,1491
5/28/2016,48247,14984,Florida,63231
5/28/2016,15776,2121,Georgia,17897
5/28/2016,3253,889,Idaho,4142
5/28/2016,13330,2576,Illinois,15906
5/28/2016,9992,2564,Indiana,12556
5/28/2016,4646,1974,Iowa,6620
5/28/2016,4448,650,Kansas,5098
5/28/2016,8347,1363,Kentucky,9710
5/28/2016,9149,2931,Louisiana,12080
5/28/2016,1170,2096,Maine,3266
5/28/2016,11328,1814,Maryland,13142
5/28/2016,10842,1549,Massachusetts,12391
5/28/2016,14334,1830,Michigan,16164
5/28/2016,7875,765,Minnesota,8640
5/28/2016,10834,1111,Missouri,11945
5/28/2016,1054,637,Montana,1691
5/28/2016,4175,861,Nebraska,5036
5/28/2016,3648,674,New Hampshire,4322
5/28/2016,19494,2777,New Jersey,22271
5/28/2016,2539,946,New Mexico,3485
5/28/2016,35706,3659,New York,39365
5/28/2016,13500,5676,North Carolina,19176
5/28/2016,693,763,North Dakota,1456
5/28/2016,10993,3208,Ohio,14201
5/28/2016,2835,2890,Oklahoma,5725
5/28/2016,3314,1178,Oregon,4492
5/28/2016,20205,7427,Pennsylvania,27632
5/28/2016,1500,12085,Puerto Rico,13585
5/28/2016,2963,894,Rhode Island,3857
5/28/2016,6037,5078,South Carolina,11115
5/28/2016,1309,503,South Dakota,1812
5/28/2016,8916,4254,Tennessee,13170
5/28/2016,23496,10373,Texas,33869
5/28/2016,590,521,Vermont,1111
5/28/2016,110,336,Virgin Islands,446
5/28/2016,11202,2836,Virginia,14038
5/28/2016,5468,977,Washington,6445
5/28/2016,3837,737,West Virginia,4574
5/28/2016,8032,1673,Wisconsin,9705
5/28/2016,810,520,Wyoming,1330
5/25/2016,10638,1493,Arizona,12131
5/25/2016,1562,1746,Arkansas,3308
5/25/2016,49299,0,California,49299
5/25/2016,3537,3574,Colorado,7111
5/25/2016,5073,2795,Connecticut,7868
5/25/2016,1952,381,Delaware,2333
5/25/2016,1166,270,Dist. of Columbia,1436
5/25/2016,35588,11425,Florida,47013
5/25/2016,13365,1818,Georgia,15183
5/25/2016,2968,812,Idaho,3780
5/25/2016,11963,2499,Illinois,14462
5/25/2016,7492,1960,Indiana,9452
5/25/2016,3977,1752,Iowa,5729
5/25/2016,3863,527,Kansas,4390
5/25/2016,6912,1196,Kentucky,8108
5/25/2016,7621,2528,Louisiana,10149
5/25/2016,899,1750,Maine,2649
5/25/2016,9089,1624,Maryland,10713
5/25/2016,9371,1325,Massachusetts,10696
5/25/2016,11954,1688,Michigan,13642
5/25/2016,6870,783,Minnesota,7653
5/25/2016,9494,973,Missouri,10467
5/25/2016,914,567,Montana,1481
5/25/2016,3825,792,Nebraska,4617
5/25/2016,2787,550,New Hampshire,3337
5/25/2016,18788,2753,New Jersey,21541
5/25/2016,2182,855,New Mexico,3037
5/25/2016,34457,3582,New York,38039
5/25/2016,10089,4776,North Carolina,14865
5/25/2016,578,683,North Dakota,1261
5/25/2016,9406,2929,Ohio,12335
5/25/2016,2299,2297,Oklahoma,4596
5/25/2016,2774,1133,Oregon,3907
5/25/2016,16736,6119,Pennsylvania,22855
5/25/2016,1104,8754,Puerto Rico,9858
5/25/2016,2534,755,Rhode Island,3289
5/25/2016,4494,3858,South Carolina,8352
5/25/2016,1106,409,South Dakota,1515
5/25/2016,6672,3361,Tennessee,10033
5/25/2016,19305,8832,Texas,28137
5/25/2016,484,421,Vermont,905
5/25/2016,109,264,Virgin Islands,373
5/25/2016,8960,2402,Virginia,11362
5/25/2016,5239,866,Washington,6105
5/25/2016,3169,629,West Virginia,3798
5/25/2016,6951,1562,Wisconsin,8513
5/25/2016,743,527,Wyoming,1270
5/21/2016,12645,1875,Arizona,14520
5/21/2016,1923,1879,Arkansas,3802
5/21/2016,52944,0,California,52944
5/21/2016,4396,4322,Colorado,8718
5/21/2016,6769,3692,Connecticut,10461
5/21/2016,2467,501,Delaware,2968
5/21/2016,1357,297,Dist. of Columbia,1654
5/21/2016,48077,15499,Florida,63576
5/21/2016,14651,2053,Georgia,16704
5/21/2016,3408,928,Idaho,4336
5/21/2016,13634,2701,Illinois,16335
5/21/2016,10758,2653,Indiana,13411
5/21/2016,4996,2098,Iowa,7094
5/21/2016,4779,634,Kansas,5413
5/21/2016,9516,1541,Kentucky,11057
5/21/2016,10007,3229,Louisiana,13236
5/21/2016,1367,2190,Maine,3557
5/21/2016,11087,1790,Maryland,12877
5/21/2016,11773,1733,Massachusetts,13506
5/21/2016,13993,1874,Michigan,15867
5/21/2016,8289,984,Minnesota,9273
5/21/2016,11677,1192,Missouri,12869
5/21/2016,1148,612,Montana,1760
5/21/2016,4887,1056,Nebraska,5943
5/21/2016,4125,778,New Hampshire,4903
5/21/2016,21346,3167,New Jersey,24513
5/21/2016,2734,1005,New Mexico,3739
5/21/2016,39978,4228,New York,44206
5/21/2016,13056,5664,North Carolina,18720
5/21/2016,676,772,North Dakota,1448
5/21/2016,11873,3733,Ohio,15606
5/21/2016,2799,2812,Oklahoma,5611
5/21/2016,3255,1268,Oregon,4523
5/21/2016,21697,8007,Pennsylvania,29704
5/21/2016,1548,13098,Puerto Rico,14646
5/21/2016,3529,1061,Rhode Island,4590
5/21/2016,6145,4976,South Carolina,11121
5/21/2016,1337,533,South Dakota,1870
5/21/2016,9099,4455,Tennessee,13554
5/21/2016,23935,10857,Texas,34792
5/21/2016,653,543,Vermont,1196
5/21/2016,113,302,Virgin Islands,415
5/21/2016,11389,2942,Virginia,14331
5/21/2016,5152,917,Washington,6069
5/21/2016,4471,865,West Virginia,5336
5/21/2016,8739,1930,Wisconsin,10669
5/21/2016,750,518,Wyoming,1268
5/18/2016,10894,1583,Arizona,12477
5/18/2016,1634,1767,Arkansas,3401
5/18/2016,49883,0,California,49883
5/18/2016,3809,4092,Colorado,7901
5/18/2016,5825,3142,Connecticut,8967
5/18/2016,2271,401,Delaware,2672
5/18/2016,1160,255,Dist. of Columbia,1415
5/18/2016,41818,14083,Florida,55901
5/18/2016,12896,1826,Georgia,14722
5/18/2016,3130,831,Idaho,3961
5/18/2016,12186,2503,Illinois,14689
5/18/2016,8257,2229,Indiana,10486
5/18/2016,4168,1906,Iowa,6074
5/18/2016,4085,601,Kansas,4686
5/18/2016,7526,1350,Kentucky,8876
5/18/2016,8017,2745,Louisiana,10762
5/18/2016,1024,1952,Maine,2976
5/18/2016,9987,1719,Maryland,11706
5/18/2016,9662,1500,Massachusetts,11162
5/18/2016,12704,1725,Michigan,14429
5/18/2016,6926,825,Minnesota,7751
5/18/2016,9701,1023,Missouri,10724
5/18/2016,948,602,Montana,1550
5/18/2016,3980,841,Nebraska,4821
5/18/2016,3075,650,New Hampshire,3725
5/18/2016,18518,2633,New Jersey,21151
5/18/2016,2398,935,New Mexico,3333
5/18/2016,32593,3458,New York,36051
5/18/2016,11896,5337,North Carolina,17233
5/18/2016,658,771,North Dakota,1429
5/18/2016,9845,3049,Ohio,12894
5/18/2016,2674,2805,Oklahoma,5479
5/18/2016,2950,1150,Oregon,4100
5/18/2016,18291,6842,Pennsylvania,25133
5/18/2016,1173,9999,Puerto Rico,11172
5/18/2016,2577,794,Rhode Island,3371
5/18/2016,5495,4738,South Carolina,10233
5/18/2016,1202,487,South Dakota,1689
5/18/2016,8179,4134,Tennessee,12313
5/18/2016,21683,9584,Texas,31267
5/18/2016,477,431,Vermont,908
5/18/2016,107,262,Virgin Islands,369
5/18/2016,10312,2612,Virginia,12924
5/18/2016,5037,912,Washington,5949
5/18/2016,3523,706,West Virginia,4229
5/18/2016,7414,1686,Wisconsin,9100
5/18/2016,851,572,Wyoming,1423
5/14/2016,11791,1723,Arizona,13514
5/14/2016,1837,1982,Arkansas,3819
5/14/2016,55550,0,California,55550
5/14/2016,3793,4063,Colorado,7856
5/14/2016,5677,3224,Connecticut,8901
5/14/2016,2354,465,Delaware,2819
5/14/2016,1263,263,Dist. of Columbia,1526
5/14/2016,44587,13839,Florida,58426
5/14/2016,15000,1948,Georgia,16948
5/14/2016,3303,904,Idaho,4207
5/14/2016,13349,2631,Illinois,15980
5/14/2016,9456,2388,Indiana,11844
5/14/2016,4382,1986,Iowa,6368
5/14/2016,4359,621,Kansas,4980
5/14/2016,8113,1447,Kentucky,9560
5/14/2016,8920,3118,Louisiana,12038
5/14/2016,1117,1275,Maine,2392
5/14/2016,10673,1778,Maryland,12451
5/14/2016,10872,1559,Massachusetts,12431
5/14/2016,13390,1817,Michigan,15207
5/14/2016,7352,707,Minnesota,8059
5/14/2016,10288,992,Missouri,11280
5/14/2016,992,602,Montana,1594
5/14/2016,4171,769,Nebraska,4940
5/14/2016,3406,658,New Hampshire,4064
5/14/2016,19584,2732,New Jersey,22316
5/14/2016,2521,983,New Mexico,3504
5/14/2016,36920,3666,New York,40586
5/14/2016,12535,5343,North Carolina,17878
5/14/2016,653,694,North Dakota,1347
5/14/2016,11273,3438,Ohio,14711
5/14/2016,2830,2880,Oklahoma,5710
5/14/2016,3000,1262,Oregon,4262
5/14/2016,19101,7053,Pennsylvania,26154
5/14/2016,1261,11059,Puerto Rico,12320
5/14/2016,2936,864,Rhode Island,3800
5/14/2016,5803,4752,South Carolina,10555
5/14/2016,1150,467,South Dakota,1617
5/14/2016,8569,4269,Tennessee,12838
5/14/2016,22458,9750,Texas,32208
5/14/2016,543,508,Vermont,1051
5/14/2016,138,314,Virgin Islands,452
5/14/2016,10887,2769,Virginia,13656
5/14/2016,5095,932,Washington,6027
5/14/2016,3733,738,West Virginia,4471
5/14/2016,7880,1797,Wisconsin,9677
5/14/2016,862,547,Wyoming,1409
5/11/2016,11206,1459,Arizona,12665
5/11/2016,1499,1621,Arkansas,3120
5/11/2016,51773,0,California,51773
5/11/2016,3499,3497,Colorado,6996
5/11/2016,4881,2583,Connecticut,7464
5/11/2016,2008,356,Delaware,2364
5/11/2016,1133,224,Dist. of Columbia,1357
5/11/2016,34229,10829,Florida,45058
5/11/2016,11871,1509,Georgia,13380
5/11/2016,3350,844,Idaho,4194
5/11/2016,12496,2462,Illinois,14958
5/11/2016,7760,2036,Indiana,9796
5/11/2016,3861,1661,Iowa,5522
5/11/2016,3866,555,Kansas,4421
5/11/2016,7140,1250,Kentucky,8390
5/11/2016,8262,2580,Louisiana,10842
5/11/2016,970,1013,Maine,1983
5/11/2016,8675,1312,Maryland,9987
5/11/2016,8701,1151,Massachusetts,9852
5/11/2016,12015,1460,Michigan,13475
5/11/2016,6782,590,Minnesota,7372
5/11/2016,9370,959,Missouri,10329
5/11/2016,1027,579,Montana,1606
5/11/2016,3923,756,Nebraska,4679
5/11/2016,2730,511,New Hampshire,3241
5/11/2016,16196,2326,New Jersey,18522
5/11/2016,2286,848,New Mexico,3134
5/11/2016,29635,2910,New York,32545
5/11/2016,9736,4308,North Carolina,14044
5/11/2016,621,722,North Dakota,1343
5/11/2016,9844,2913,Ohio,12757
5/11/2016,2207,2338,Oklahoma,4545
5/11/2016,2965,1117,Oregon,4082
5/11/2016,16375,6367,Pennsylvania,22742
5/11/2016,935,7588,Puerto Rico,8523
5/11/2016,2416,722,Rhode Island,3138
5/11/2016,4610,3778,South Carolina,8388
5/11/2016,1048,408,South Dakota,1456
5/11/2016,7249,3537,Tennessee,10786
5/11/2016,18331,8123,Texas,26454
5/11/2016,495,392,Vermont,887
5/11/2016,84,199,Virgin Islands,283
5/11/2016,8257,1996,Virginia,10253
5/11/2016,4740,826,Washington,5566
5/11/2016,3351,611,West Virginia,3962
5/11/2016,7472,1533,Wisconsin,9005
5/11/2016,864,570,Wyoming,1434
5/7/2016,59714,4902,Arizona,64616
5/7/2016,9233,7746,Arkansas,16979
5/7/2016,368301,0,California,368301
5/7/2016,22562,16151,Colorado,38713
5/7/2016,36954,13419,Connecticut,50373
5/7/2016,14330,1571,Delaware,15901
5/7/2016,5546,704,Dist. of Columbia,6250
5/7/2016,207811,46592,Florida,254403
5/7/2016,71299,5816,Georgia,77115
5/7/2016,11878,2601,Idaho,14479
5/7/2016,96675,11014,Illinois,107689
5/7/2016,47157,7092,Indiana,54249
5/7/2016,24098,7464,Iowa,31562
5/7/2016,18055,1715,Kansas,19770
5/7/2016,32677,3566,Kentucky,36243
5/7/2016,35846,7939,Louisiana,43785
5/7/2016,5212,3811,Maine,9023
5/7/2016,67411,5591,Maryland,73002
5/7/2016,88874,6366,Massachusetts,95240
5/7/2016,82976,5449,Michigan,88425
5/7/2016,42013,2227,Minnesota,44240
5/7/2016,50652,2941,Missouri,53593
5/7/2016,4084,1852,Montana,5936
5/7/2016,15525,2029,Nebraska,17554
5/7/2016,18045,1984,New Hampshire,20029
5/7/2016,160235,11335,New Jersey,171570
5/7/2016,13000,3634,New Mexico,16634
5/7/2016,261110,12999,New York,274109
5/7/2016,62056,17405,North Carolina,79461
5/7/2016,3410,2695,North Dakota,6105
5/7/2016,77571,14210,Ohio,91781
5/7/2016,13566,10127,Oklahoma,23693
5/7/2016,19862,4041,Oregon,23903
5/7/2016,155320,35099,Pennsylvania,190419
5/7/2016,2975,20663,Puerto Rico,23638
5/7/2016,12802,2655,Rhode Island,15457
5/7/2016,26690,15957,South Carolina,42647
5/7/2016,4721,1454,South Dakota,6175
5/7/2016,42193,15114,Tennessee,57307
5/7/2016,140954,42267,Texas,183221
5/7/2016,2580,1744,Vermont,4324
5/7/2016,357,719,Virgin Islands,1076
5/7/2016,66046,10466,Virginia,76512
5/7/2016,36022,3630,Washington,39652
5/7/2016,16623,2225,West Virginia,18848
5/7/2016,47802,5658,Wisconsin,53460
5/7/2016,2415,1477,Wyoming,3892
5/4/2016,38140,3554,Arizona,41694
5/4/2016,5139,4604,Arkansas,9743
5/4/2016,255312,0,California,255312
5/4/2016,13442,9963,Colorado,23405
5/4/2016,20936,8296,Connecticut,29232
5/4/2016,8938,1058,Delaware,9996
5/4/2016,3387,515,Dist. of Columbia,3902
5/4/2016,114779,28942,Florida,143721
5/4/2016,40756,3913,Georgia,44669
5/4/2016,7032,1727,Idaho,8759
5/4/2016,57667,7439,Illinois,65106
5/4/2016,28433,4895,Indiana,33328
5/4/2016,15346,4943,Iowa,20289
5/4/2016,11969,1216,Kansas,13185
5/4/2016,20892,2514,Kentucky,23406
5/4/2016,22950,5665,Louisiana,28615
5/4/2016,2764,2329,Maine,5093
5/4/2016,39700,3879,Maryland,43579
5/4/2016,50470,4359,Massachusetts,54829
5/4/2016,46594,3946,Michigan,50540
5/4/2016,24339,1553,Minnesota,25892
5/4/2016,33811,2205,Missouri,36016
5/4/2016,2162,1067,Montana,3229
5/4/2016,10492,1610,Nebraska,12102
5/4/2016,10521,1332,New Hampshire,11853
5/4/2016,103348,8391,New Jersey,111739
5/4/2016,8632,2490,New Mexico,11122
5/4/2016,163026,9813,New York,172839
5/4/2016,35794,11162,North Carolina,46956
5/4/2016,2090,1761,North Dakota,3851
5/4/2016,44952,8761,Ohio,53713
5/4/2016,9231,6993,Oklahoma,16224
5/4/2016,12682,2994,Oregon,15676
5/4/2016,96139,23151,Pennsylvania,119290
5/4/2016,1950,14347,Puerto Rico,16297
5/4/2016,7426,1747,Rhode Island,9173
5/4/2016,15616,10493,South Carolina,26109
5/4/2016,2980,856,South Dakota,3836
5/4/2016,26479,10614,Tennessee,37093
5/4/2016,88054,27528,Texas,115582
5/4/2016,1660,1080,Vermont,2740
5/4/2016,211,495,Virgin Islands,706
5/4/2016,36825,6707,Virginia,43532
5/4/2016,20610,2458,Washington,23068
5/4/2016,9995,1512,West Virginia,11507
5/4/2016,27857,3885,Wisconsin,31742
5/4/2016,1591,1093,Wyoming,2684
4/30/2016,25280,2834,Arizona,28114
4/30/2016,3443,3051,Arkansas,6494
4/30/2016,151482,0,California,151482
4/30/2016,9269,6998,Colorado,16267
4/30/2016,12648,5464,Connecticut,18112
4/30/2016,5800,862,Delaware,6662
4/30/2016,2154,399,Dist. of Columbia,2553
4/30/2016,82818,22673,Florida,105491
4/30/2016,29827,3115,Georgia,32942
4/30/2016,6058,1386,Idaho,7444
4/30/2016,33735,4852,Illinois,38587
4/30/2016,20923,3891,Indiana,24814
4/30/2016,11053,3844,Iowa,14897
4/30/2016,8729,991,Kansas,9720
4/30/2016,16644,2248,Kentucky,18892
4/30/2016,15863,4256,Louisiana,20119
4/30/2016,2086,1694,Maine,3780
4/30/2016,24483,2842,Maryland,27325
4/30/2016,26443,2662,Massachusetts,29105
4/30/2016,35150,3068,Michigan,38218
4/30/2016,17922,1278,Minnesota,19200
4/30/2016,25810,1760,Missouri,27570
4/30/2016,1542,800,Montana,2342
4/30/2016,8639,1441,Nebraska,10080
4/30/2016,6401,929,New Hampshire,7330
4/30/2016,59693,5588,New Jersey,65281
4/30/2016,5354,1718,New Mexico,7072
4/30/2016,99575,6907,New York,106482
4/30/2016,24127,8431,North Carolina,32558
4/30/2016,1691,1465,North Dakota,3156
4/30/2016,29307,6217,Ohio,35524
4/30/2016,6366,4867,Oklahoma,11233
4/30/2016,9416,2255,Oregon,11671
4/30/2016,62069,15927,Pennsylvania,77996
4/30/2016,2033,15827,Puerto Rico,17860
4/30/2016,6393,1573,Rhode Island,7966
4/30/2016,10605,7548,South Carolina,18153
4/30/2016,2513,805,South Dakota,3318
4/30/2016,16254,6610,Tennessee,22864
4/30/2016,52175,18612,Texas,70787
4/30/2016,1069,742,Vermont,1811
4/30/2016,126,313,Virgin Islands,439
4/30/2016,22527,4538,Virginia,27065
4/30/2016,14713,1879,Washington,16592
4/30/2016,7685,1305,West Virginia,8990
4/30/2016,17283,2691,Wisconsin,19974
4/30/2016,1126,747,Wyoming,1873
4/27/2016,20821,2428,Arizona,23249
4/27/2016,2705,2454,Arkansas,5159
4/27/2016,123026,0,California,123026
4/27/2016,7975,6195,Colorado,14170
4/27/2016,10489,4715,Connecticut,15204
4/27/2016,4252,620,Delaware,4872
4/27/2016,1885,341,Dist. of Columbia,2226
4/27/2016,69201,20357,Florida,89558
4/27/2016,22341,2358,Georgia,24699
4/27/2016,4802,1201,Idaho,6003
4/27/2016,25561,3895,Illinois,29456
4/27/2016,15429,3240,Indiana,18669
4/27/2016,8297,2912,Iowa,11209
4/27/2016,7232,822,Kansas,8054
4/27/2016,13071,1839,Kentucky,14910
4/27/2016,12822,3599,Louisiana,16421
4/27/2016,1713,1480,Maine,3193
4/27/2016,18940,2297,Maryland,21237
4/27/2016,21065,2334,Massachusetts,23399
4/27/2016,27996,2725,Michigan,30721
4/27/2016,15266,1168,Minnesota,16434
4/27/2016,20388,1523,Missouri,21911
4/27/2016,1502,778,Montana,2280
4/27/2016,7148,1086,Nebraska,8234
4/27/2016,5119,822,New Hampshire,5941
4/27/2016,46195,4722,New Jersey,50917
4/27/2016,4125,1390,New Mexico,5515
4/27/2016,77334,5835,New York,83169
4/27/2016,19214,7236,North Carolina,26450
4/27/2016,1533,1496,North Dakota,3029
4/27/2016,24198,5016,Ohio,29214
4/27/2016,5140,4051,Oklahoma,9191
4/27/2016,8140,2100,Oregon,10240
4/27/2016,46870,12589,Pennsylvania,59459
4/27/2016,1607,12780,Puerto Rico,14387
4/27/2016,4739,1146,Rhode Island,5885
4/27/2016,8705,6361,South Carolina,15066
4/27/2016,2021,691,South Dakota,2712
4/27/2016,13501,5585,Tennessee,19086
4/27/2016,42105,15286,Texas,57391
4/27/2016,878,602,Vermont,1480
4/27/2016,123,302,Virgin Islands,425
4/27/2016,17767,3509,Virginia,21276
4/27/2016,12717,1674,Washington,14391
4/27/2016,6244,1097,West Virginia,7341
4/27/2016,14540,2408,Wisconsin,16948
4/27/2016,928,680,Wyoming,1608
4/23/2016,19909,2493,Arizona,22402
4/23/2016,3129,2842,Arkansas,5971
4/23/2016,120135,0,California,120135
4/23/2016,7901,6157,Colorado,14058
4/23/2016,10625,5017,Connecticut,15642
4/23/2016,4508,686,Delaware,5194
4/23/2016,1852,376,Dist. of Columbia,2228
4/23/2016,74217,21755,Florida,95972
4/23/2016,25022,2947,Georgia,27969
4/23/2016,5158,1359,Idaho,6517
4/23/2016,24888,4135,Illinois,29023
4/23/2016,17696,3898,Indiana,21594
4/23/2016,8617,3069,Iowa,11686
4/23/2016,7643,969,Kansas,8612
4/23/2016,14115,2095,Kentucky,16210
4/23/2016,13765,3896,Louisiana,17661
4/23/2016,1991,1727,Maine,3718
4/23/2016,19488,2592,Maryland,22080
4/23/2016,22095,2785,Massachusetts,24880
4/23/2016,29300,3034,Michigan,32334
4/23/2016,14677,1174,Minnesota,15851
4/23/2016,21011,1741,Missouri,22752
4/23/2016,1519,795,Montana,2314
4/23/2016,7210,1282,Nebraska,8492
4/23/2016,5687,1024,New Hampshire,6711
4/23/2016,42707,4749,New Jersey,47456
4/23/2016,4678,1553,New Mexico,6231
4/23/2016,74911,6118,New York,81029
4/23/2016,20784,7884,North Carolina,28668
4/23/2016,1362,1328,North Dakota,2690
4/23/2016,23891,5723,Ohio,29614
4/23/2016,5312,4558,Oklahoma,9870
4/23/2016,7754,2205,Oregon,9959
4/23/2016,44935,13015,Pennsylvania,57950
4/23/2016,1850,14557,Puerto Rico,16407
4/23/2016,5264,1501,Rhode Island,6765
4/23/2016,9635,7036,South Carolina,16671
4/23/2016,2091,684,South Dakota,2775
4/23/2016,13910,6111,Tennessee,20021
4/23/2016,42641,16754,Texas,59395
4/23/2016,931,694,Vermont,1625
4/23/2016,127,391,Virgin Islands,518
4/23/2016,19039,4237,Virginia,23276
4/23/2016,12113,1793,Washington,13906
4/23/2016,6355,1194,West Virginia,7549
4/23/2016,14677,2673,Wisconsin,17350
4/23/2016,1145,767,Wyoming,1912
4/20/2016,17355,2192,Arizona,19547
4/20/2016,2659,2315,Arkansas,4974
4/20/2016,114074,0,California,114074
4/20/2016,7032,5484,Colorado,12516
4/20/2016,8957,4008,Connecticut,12965
4/20/2016,3613,542,Delaware,4155
4/20/2016,1751,349,Dist. of Columbia,2100
4/20/2016,59730,17157,Florida,76887
4/20/2016,21053,2437,Georgia,23490
4/20/2016,4280,1119,Idaho,5399
4/20/2016,22049,3565,Illinois,25614
4/20/2016,13905,2883,Indiana,16788
4/20/2016,7258,2443,Iowa,9701
4/20/2016,6648,794,Kansas,7442
4/20/2016,11955,1729,Kentucky,13684
4/20/2016,12080,3426,Louisiana,15506
4/20/2016,1457,1383,Maine,2840
4/20/2016,16027,2137,Maryland,18164
4/20/2016,18586,2141,Massachusetts,20727
4/20/2016,24649,2541,Michigan,27190
4/20/2016,13459,1059,Minnesota,14518
4/20/2016,18423,1399,Missouri,19822
4/20/2016,1263,717,Montana,1980
4/20/2016,6340,980,Nebraska,7320
4/20/2016,4578,772,New Hampshire,5350
4/20/2016,39301,3943,New Jersey,43244
4/20/2016,3959,1262,New Mexico,5221
4/20/2016,67219,5421,New York,72640
4/20/2016,17112,6286,North Carolina,23398
4/20/2016,1146,1078,North Dakota,2224
4/20/2016,20672,4602,Ohio,25274
4/20/2016,4600,3829,Oklahoma,8429
4/20/2016,6923,1870,Oregon,8793
4/20/2016,37755,10460,Pennsylvania,48215
4/20/2016,1514,11113,Puerto Rico,12627
4/20/2016,4054,1098,Rhode Island,5152
4/20/2016,7803,5530,South Carolina,13333
4/20/2016,1863,608,South Dakota,2471
4/20/2016,11611,4796,Tennessee,16407
4/20/2016,35989,13562,Texas,49551
4/20/2016,758,575,Vermont,1333
4/20/2016,148,277,Virgin Islands,425
4/20/2016,16089,3282,Virginia,19371
4/20/2016,11182,1408,Washington,12590
4/20/2016,5317,969,West Virginia,6286
4/20/2016,12607,2275,Wisconsin,14882
4/20/2016,906,703,Wyoming,1609
4/16/2016,17216,2214,Arizona,19430
4/16/2016,2650,2386,Arkansas,5036
4/16/2016,102720,0,California,102720
4/16/2016,6649,5398,Colorado,12047
4/16/2016,9111,4431,Connecticut,13542
4/16/2016,3700,544,Delaware,4244
4/16/2016,1626,313,Dist. of Columbia,1939
4/16/2016,63138,17869,Florida,81007
4/16/2016,21420,2404,Georgia,23824
4/16/2016,4317,1073,Idaho,5390
4/16/2016,21102,3605,Illinois,24707
4/16/2016,14776,3182,Indiana,17958
4/16/2016,7432,2686,Iowa,10118
4/16/2016,6963,811,Kansas,7774
4/16/2016,12038,1772,Kentucky,13810
4/16/2016,12593,3662,Louisiana,16255
4/16/2016,1903,1664,Maine,3567
4/16/2016,16263,2226,Maryland,18489
4/16/2016,18261,2440,Massachusetts,20701
4/16/2016,24186,2529,Michigan,26715
4/16/2016,12892,998,Minnesota,13890
4/16/2016,18329,1405,Missouri,19734
4/16/2016,1373,727,Montana,2100
4/16/2016,6359,1072,Nebraska,7431
4/16/2016,5204,891,New Hampshire,6095
4/16/2016,36163,4013,New Jersey,40176
4/16/2016,3831,1343,New Mexico,5174
4/16/2016,64238,5528,New York,69766
4/16/2016,18657,6948,North Carolina,25605
4/16/2016,1112,1037,North Dakota,2149
4/16/2016,19190,5016,Ohio,24206
4/16/2016,4767,4010,Oklahoma,8777
4/16/2016,6794,1824,Oregon,8618
4/16/2016,37498,10981,Pennsylvania,48479
4/16/2016,1609,13745,Puerto Rico,15354
4/16/2016,4319,1181,Rhode Island,5500
4/16/2016,8695,6180,South Carolina,14875
4/16/2016,1849,608,South Dakota,2457
4/16/2016,12406,5472,Tennessee,17878
4/16/2016,37831,14340,Texas,52171
4/16/2016,868,696,Vermont,1564
4/16/2016,143,339,Virgin Islands,482
4/16/2016,16976,3565,Virginia,20541
4/16/2016,10477,1413,Washington,11890
4/16/2016,5410,993,West Virginia,6403
4/16/2016,12105,2152,Wisconsin,14257
4/16/2016,934,667,Wyoming,1601
4/13/2016,13774,1673,Arizona,15447
4/13/2016,2006,1704,Arkansas,3710
4/13/2016,79965,0,California,79965
4/13/2016,5623,4300,Colorado,9923
4/13/2016,7035,3353,Connecticut,10388
4/13/2016,2825,436,Delaware,3261
4/13/2016,1439,301,Dist. of Columbia,1740
4/13/2016,45661,13238,Florida,58899
4/13/2016,15749,1808,Georgia,17557
4/13/2016,3659,927,Idaho,4586
4/13/2016,18066,2895,Illinois,20961
4/13/2016,11366,2458,Indiana,13824
4/13/2016,5669,2018,Iowa,7687
4/13/2016,5646,692,Kansas,6338
4/13/2016,9655,1350,Kentucky,11005
4/13/2016,9756,2936,Louisiana,12692
4/13/2016,1281,1194,Maine,2475
4/13/2016,11683,1574,Maryland,13257
4/13/2016,14168,1642,Massachusetts,15810
4/13/2016,18816,1899,Michigan,20715
4/13/2016,10711,863,Minnesota,11574
4/13/2016,14200,1154,Missouri,15354
4/13/2016,1122,604,Montana,1726
4/13/2016,5066,904,Nebraska,5970
4/13/2016,3675,656,New Hampshire,4331
4/13/2016,28776,3242,New Jersey,32018
4/13/2016,3076,1019,New Mexico,4095
4/13/2016,48272,3934,New York,52206
4/13/2016,13278,5248,North Carolina,18526
4/13/2016,836,872,North Dakota,1708
4/13/2016,15648,4069,Ohio,19717
4/13/2016,3708,2922,Oklahoma,6630
4/13/2016,5206,1580,Oregon,6786
4/13/2016,28851,8331,Pennsylvania,37182
4/13/2016,1326,10657,Puerto Rico,11983
4/13/2016,3191,892,Rhode Island,4083
4/13/2016,6215,4435,South Carolina,10650
4/13/2016,1399,482,South Dakota,1881
4/13/2016,9012,3849,Tennessee,12861
4/13/2016,28259,11079,Texas,39338
4/13/2016,678,504,Vermont,1182
4/13/2016,115,240,Virgin Islands,355
4/13/2016,11974,2552,Virginia,14526
4/13/2016,8314,1149,Washington,9463
4/13/2016,4280,826,West Virginia,5106
4/13/2016,10651,1925,Wisconsin,12576
4/13/2016,836,597,Wyoming,1433
4/9/2016,14801,2040,Arizona,16841
4/9/2016,2206,2082,Arkansas,4288
4/9/2016,83456,0,California,83456
4/9/2016,5903,4921,Colorado,10824
4/9/2016,7940,3849,Connecticut,11789
4/9/2016,3134,523,Delaware,3657
4/9/2016,1504,307,Dist. of Columbia,1811
4/9/2016,55867,16848,Florida,72715
4/9/2016,18242,2173,Georgia,20415
4/9/2016,3803,998,Idaho,4801
4/9/2016,18366,3222,Illinois,21588
4/9/2016,12880,2802,Indiana,15682
4/9/2016,6015,2327,Iowa,8342
4/9/2016,5950,772,Kansas,6722
4/9/2016,10892,1574,Kentucky,12466
4/9/2016,11200,3450,Louisiana,14650
4/9/2016,1515,1388,Maine,2903
4/9/2016,13544,1913,Maryland,15457
4/9/2016,15646,2039,Massachusetts,17685
4/9/2016,18817,2223,Michigan,21040
4/9/2016,10645,958,Minnesota,11603
4/9/2016,14828,1284,Missouri,16112
4/9/2016,1202,635,Montana,1837
4/9/2016,5337,1008,Nebraska,6345
4/9/2016,4291,752,New Hampshire,5043
4/9/2016,28376,3458,New Jersey,31834
4/9/2016,3274,1205,New Mexico,4479
4/9/2016,51846,4429,New York,56275
4/9/2016,16329,6540,North Carolina,22869
4/9/2016,882,867,North Dakota,1749
4/9/2016,15668,4364,Ohio,20032
4/9/2016,3894,3371,Oklahoma,7265
4/9/2016,5232,1558,Oregon,6790
4/9/2016,30450,9300,Pennsylvania,39750
4/9/2016,1599,12883,Puerto Rico,14482
4/9/2016,3612,1048,Rhode Island,4660
4/9/2016,7372,5586,South Carolina,12958
4/9/2016,1496,565,South Dakota,2061
4/9/2016,10758,4793,Tennessee,15551
4/9/2016,31842,12526,Texas,44368
4/9/2016,764,574,Vermont,1338
4/9/2016,124,319,Virgin Islands,443
4/9/2016,14292,3129,Virginia,17421
4/9/2016,8005,1233,Washington,9238
4/9/2016,4849,881,West Virginia,5730
4/9/2016,10887,2151,Wisconsin,13038
4/9/2016,803,583,Wyoming,1386
4/6/2016,13192,1906,Arizona,15098
4/6/2016,1959,1855,Arkansas,3814
4/6/2016,68601,0,California,68601
4/6/2016,5286,4500,Colorado,9786
4/6/2016,6813,3543,Connecticut,10356
4/6/2016,2655,471,Delaware,3126
4/6/2016,1459,248,Dist. of Columbia,1707
4/6/2016,47221,13996,Florida,61217
4/6/2016,14731,1740,Georgia,16471
4/6/2016,3405,867,Idaho,4272
4/6/2016,16539,2985,Illinois,19524
4/6/2016,10410,2423,Indiana,12833
4/6/2016,5718,2179,Iowa,7897
4/6/2016,5535,667,Kansas,6202
4/6/2016,8958,1381,Kentucky,10339
4/6/2016,9749,3129,Louisiana,12878
4/6/2016,1371,1276,Maine,2647
4/6/2016,11481,1640,Maryland,13121
4/6/2016,12598,1588,Massachusetts,14186
4/6/2016,15640,1867,Michigan,17507
4/6/2016,9822,847,Minnesota,10669
4/6/2016,13286,1181,Missouri,14467
4/6/2016,1087,632,Montana,1719
4/6/2016,5074,861,Nebraska,5935
4/6/2016,3762,606,New Hampshire,4368
4/6/2016,24406,3027,New Jersey,27433
4/6/2016,2977,1051,New Mexico,4028
4/6/2016,42677,3825,New York,46502
4/6/2016,13470,5462,North Carolina,18932
4/6/2016,766,800,North Dakota,1566
4/6/2016,14307,3939,Ohio,18246
4/6/2016,3419,3016,Oklahoma,6435
4/6/2016,4718,1379,Oregon,6097
4/6/2016,26682,8471,Pennsylvania,35153
4/6/2016,1453,11032,Puerto Rico,12485
4/6/2016,3065,873,Rhode Island,3938
4/6/2016,6131,4896,South Carolina,11027
4/6/2016,1556,528,South Dakota,2084
4/6/2016,8990,4141,Tennessee,13131
4/6/2016,27789,11018,Texas,38807
4/6/2016,598,489,Vermont,1087
4/6/2016,106,256,Virgin Islands,362
4/6/2016,11832,2627,Virginia,14459
4/6/2016,7360,1053,Washington,8413
4/6/2016,4503,860,West Virginia,5363
4/6/2016,9823,1883,Wisconsin,11706
4/6/2016,840,589,Wyoming,1429
4/2/2016,14287,2031,Arizona,16318
4/2/2016,2281,1939,Arkansas,4220
4/2/2016,70357,0,California,70357
4/2/2016,5649,5012,Colorado,10661
4/2/2016,7289,3808,Connecticut,11097
4/2/2016,2902,506,Delaware,3408
4/2/2016,1388,318,Dist. of Columbia,1706
4/2/2016,54565,16245,Florida,70810
4/2/2016,18069,2211,Georgia,20280
4/2/2016,3533,956,Idaho,4489
4/2/2016,17228,3049,Illinois,20277
4/2/2016,12208,2868,Indiana,15076
4/2/2016,5779,2381,Iowa,8160
4/2/2016,5689,741,Kansas,6430
4/2/2016,9992,1522,Kentucky,11514
4/2/2016,10298,3338,Louisiana,13636
4/2/2016,1609,1674,Maine,3283
4/2/2016,13164,1983,Maryland,15147
4/2/2016,14595,2044,Massachusetts,16639
4/2/2016,18186,2226,Michigan,20412
4/2/2016,9714,930,Minnesota,10644
4/2/2016,14224,1228,Missouri,15452
4/2/2016,1267,653,Montana,1920
4/2/2016,5273,945,Nebraska,6218
4/2/2016,4605,799,New Hampshire,5404
4/2/2016,26047,3491,New Jersey,29538
4/2/2016,3273,1157,New Mexico,4430
4/2/2016,48862,4732,New York,53594
4/2/2016,15897,6366,North Carolina,22263
4/2/2016,799,821,North Dakota,1620
4/2/2016,14745,4584,Ohio,19329
4/2/2016,3742,3336,Oklahoma,7078
4/2/2016,4603,1431,Oregon,6034
4/2/2016,28142,9189,Pennsylvania,37331
4/2/2016,1659,13210,Puerto Rico,14869
4/2/2016,3212,955,Rhode Island,4167
4/2/2016,7347,5591,South Carolina,12938
4/2/2016,1422,557,South Dakota,1979
4/2/2016,10507,4860,Tennessee,15367
4/2/2016,28954,12083,Texas,41037
4/2/2016,779,629,Vermont,1408
4/2/2016,136,337,Virgin Islands,473
4/2/2016,13903,3274,Virginia,17177
4/2/2016,7334,1132,Washington,8466
4/2/2016,4735,940,West Virginia,5675
4/2/2016,9905,1968,Wisconsin,11873
4/2/2016,891,647,Wyoming,1538
3/30/2016,12068,1678,Arizona,13746
3/30/2016,1891,1665,Arkansas,3556
3/30/2016,61410,0,California,61410
3/30/2016,5002,4309,Colorado,9311
3/30/2016,6348,3287,Connecticut,9635
3/30/2016,2381,428,Delaware,2809
3/30/2016,1217,248,Dist. of Columbia,1465
3/30/2016,45360,14094,Florida,59454
3/30/2016,14296,1663,Georgia,15959
3/30/2016,3152,886,Idaho,4038
3/30/2016,15016,2716,Illinois,17732
3/30/2016,9744,2257,Indiana,12001
3/30/2016,5143,2002,Iowa,7145
3/30/2016,5159,658,Kansas,5817
3/30/2016,8373,1303,Kentucky,9676
3/30/2016,8991,2800,Louisiana,11791
3/30/2016,1219,1177,Maine,2396
3/30/2016,10707,1643,Maryland,12350
3/30/2016,11609,1492,Massachusetts,13101
3/30/2016,14495,1801,Michigan,16296
3/30/2016,8761,733,Minnesota,9494
3/30/2016,11644,1099,Missouri,12743
3/30/2016,1000,608,Montana,1608
3/30/2016,4588,803,Nebraska,5391
3/30/2016,3473,613,New Hampshire,4086
3/30/2016,22136,2796,New Jersey,24932
3/30/2016,2764,934,New Mexico,3698
3/30/2016,38401,3551,New York,41952
3/30/2016,12626,5315,North Carolina,17941
3/30/2016,662,751,North Dakota,1413
3/30/2016,11541,3454,Ohio,14995
3/30/2016,3270,2918,Oklahoma,6188
3/30/2016,4008,1242,Oregon,5250
3/30/2016,23106,7607,Pennsylvania,30713
3/30/2016,1534,11929,Puerto Rico,13463
3/30/2016,2654,813,Rhode Island,3467
3/30/2016,5637,4424,South Carolina,10061
3/30/2016,1369,537,South Dakota,1906
3/30/2016,8624,4060,Tennessee,12684
3/30/2016,25218,10112,Texas,35330
3/30/2016,595,456,Vermont,1051
3/30/2016,124,237,Virgin Islands,361
3/30/2016,11144,2563,Virginia,13707
3/30/2016,6509,1013,Washington,7522
3/30/2016,3843,774,West Virginia,4617
3/30/2016,8738,1710,Wisconsin,10448
3/30/2016,713,533,Wyoming,1246
3/26/2016,13149,1839,Arizona,14988
3/26/2016,1953,1855,Arkansas,3808
3/26/2016,66020,0,California,66020
3/26/2016,5157,4467,Colorado,9624
3/26/2016,6822,3384,Connecticut,10206
3/26/2016,2656,487,Delaware,3143
3/26/2016,1278,299,Dist. of Columbia,1577
3/26/2016,51083,15088,Florida,66171
3/26/2016,17570,2031,Georgia,19601
3/26/2016,3475,893,Idaho,4368
3/26/2016,15653,2835,Illinois,18488
3/26/2016,11590,2649,Indiana,14239
3/26/2016,5417,2245,Iowa,7662
3/26/2016,5457,731,Kansas,6188
3/26/2016,9594,1541,Kentucky,11135
3/26/2016,10089,3075,Louisiana,13164
3/26/2016,1435,1521,Maine,2956
3/26/2016,12046,1731,Maryland,13777
3/26/2016,13210,1716,Massachusetts,14926
3/26/2016,16562,2024,Michigan,18586
3/26/2016,9077,839,Minnesota,9916
3/26/2016,13448,1163,Missouri,14611
3/26/2016,1175,659,Montana,1834
3/26/2016,5077,947,Nebraska,6024
3/26/2016,4004,714,New Hampshire,4718
3/26/2016,22833,2883,New Jersey,25716
3/26/2016,2994,985,New Mexico,3979
3/26/2016,42513,3864,New York,46377
3/26/2016,14269,5680,North Carolina,19949
3/26/2016,759,788,North Dakota,1547
3/26/2016,12288,3869,Ohio,16157
3/26/2016,3300,3165,Oklahoma,6465
3/26/2016,4293,1386,Oregon,5679
3/26/2016,24698,7985,Pennsylvania,32683
3/26/2016,1099,8872,Puerto Rico,9971
3/26/2016,3210,916,Rhode Island,4126
3/26/2016,6418,5130,South Carolina,11548
3/26/2016,1346,521,South Dakota,1867
3/26/2016,9395,4340,Tennessee,13735
3/26/2016,26196,10718,Texas,36914
3/26/2016,722,552,Vermont,1274
3/26/2016,125,255,Virgin Islands,380
3/26/2016,12436,2713,Virginia,15149
3/26/2016,6795,1152,Washington,7947
3/26/2016,4435,817,West Virginia,5252
3/26/2016,9206,1796,Wisconsin,11002
3/26/2016,775,604,Wyoming,1379
3/23/2016,11755,1701,Arizona,13456
3/23/2016,1604,1645,Arkansas,3249
3/23/2016,55319,0,California,55319
3/23/2016,3468,3206,Colorado,6674
3/23/2016,5891,3169,Connecticut,9060
3/23/2016,2222,420,Delaware,2642
3/23/2016,1248,270,Dist. of Columbia,1518
3/23/2016,42748,13206,Florida,55954
3/23/2016,13226,1685,Georgia,14911
3/23/2016,3123,852,Idaho,3975
3/23/2016,13416,2532,Illinois,15948
3/23/2016,9129,2298,Indiana,11427
3/23/2016,4734,1976,Iowa,6710
3/23/2016,4801,620,Kansas,5421
3/23/2016,7985,1360,Kentucky,9345
3/23/2016,8557,2825,Louisiana,11382
3/23/2016,1292,1260,Maine,2552
3/23/2016,9597,1473,Maryland,11070
3/23/2016,10602,1558,Massachusetts,12160
3/23/2016,12925,1671,Michigan,14596
3/23/2016,7619,693,Minnesota,8312
3/23/2016,11119,1108,Missouri,12227
3/23/2016,1069,630,Montana,1699
3/23/2016,4308,891,Nebraska,5199
3/23/2016,3348,616,New Hampshire,3964
3/23/2016,19889,2727,New Jersey,22616
3/23/2016,2509,856,New Mexico,3365
3/23/2016,34467,3410,New York,37877
3/23/2016,11497,4939,North Carolina,16436
3/23/2016,679,615,North Dakota,1294
3/23/2016,10650,3402,Ohio,14052
3/23/2016,2864,2681,Oklahoma,5545
3/23/2016,3483,1288,Oregon,4771
3/23/2016,20037,7092,Pennsylvania,27129
3/23/2016,1323,10808,Puerto Rico,12131
3/23/2016,2695,827,Rhode Island,3522
3/23/2016,5417,4376,South Carolina,9793
3/23/2016,1264,418,South Dakota,1682
3/23/2016,7774,3792,Tennessee,11566
3/23/2016,22013,9514,Texas,31527
3/23/2016,574,506,Vermont,1080
3/23/2016,107,227,Virgin Islands,334
3/23/2016,10050,2480,Virginia,12530
3/23/2016,5842,979,Washington,6821
3/23/2016,3892,743,West Virginia,4635
3/23/2016,7983,1671,Wisconsin,9654
3/23/2016,681,496,Wyoming,1177
3/19/2016,12045,1750,Arizona,13795
3/19/2016,1919,1733,Arkansas,3652
3/19/2016,57201,0,California,57201
3/19/2016,4302,4241,Colorado,8543
3/19/2016,6210,3368,Connecticut,9578
3/19/2016,2427,482,Delaware,2909
3/19/2016,1195,256,Dist. of Columbia,1451
3/19/2016,47150,14348,Florida,61498
3/19/2016,15150,2049,Georgia,17199
3/19/2016,3158,860,Idaho,4018
3/19/2016,13530,2720,Illinois,16250
3/19/2016,10594,2519,Indiana,13113
3/19/2016,4742,2043,Iowa,6785
3/19/2016,4875,694,Kansas,5569
3/19/2016,8741,1466,Kentucky,10207
3/19/2016,8992,2954,Louisiana,11946
3/19/2016,1427,1521,Maine,2948
3/19/2016,10973,1616,Maryland,12589
3/19/2016,11325,1728,Massachusetts,13053
3/19/2016,14365,1839,Michigan,16204
3/19/2016,7704,777,Minnesota,8481
3/19/2016,11429,1109,Missouri,12538
3/19/2016,1077,617,Montana,1694
3/19/2016,4401,876,Nebraska,5277
3/19/2016,3897,718,New Hampshire,4615
3/19/2016,20602,3039,New Jersey,23641
3/19/2016,2694,979,New Mexico,3673
3/19/2016,38948,3859,New York,42807
3/19/2016,13284,5659,North Carolina,18943
3/19/2016,603,686,North Dakota,1289
3/19/2016,11236,3665,Ohio,14901
3/19/2016,3000,2913,Oklahoma,5913
3/19/2016,3479,1253,Oregon,4732
3/19/2016,21477,7662,Pennsylvania,29139
3/19/2016,1380,11691,Puerto Rico,13071
3/19/2016,2971,887,Rhode Island,3858
3/19/2016,6202,4995,South Carolina,11197
3/19/2016,1238,485,South Dakota,1723
3/19/2016,8912,4350,Tennessee,13262
3/19/2016,22978,10245,Texas,33223
3/19/2016,662,555,Vermont,1217
3/19/2016,115,333,Virgin Islands,448
3/19/2016,11562,2860,Virginia,14422
3/19/2016,5525,948,Washington,6473
3/19/2016,4016,814,West Virginia,4830
3/19/2016,8015,1698,Wisconsin,9713
3/19/2016,772,531,Wyoming,1303
3/16/2016,10755,1594,Arizona,12349
3/16/2016,1766,1591,Arkansas,3357
3/16/2016,49444,0,California,49444
3/16/2016,3846,3755,Colorado,7601
3/16/2016,5195,2801,Connecticut,7996
3/16/2016,2046,405,Delaware,2451
3/16/2016,1140,260,Dist. of Columbia,1400
3/16/2016,39694,12337,Florida,52031
3/16/2016,12483,1626,Georgia,14109
3/16/2016,3032,834,Idaho,3866
3/16/2016,12108,2225,Illinois,14333
3/16/2016,8941,2199,Indiana,11140
3/16/2016,4323,1848,Iowa,6171
3/16/2016,4484,576,Kansas,5060
3/16/2016,7881,1204,Kentucky,9085
3/16/2016,8122,2706,Louisiana,10828
3/16/2016,1082,1121,Maine,2203
3/16/2016,9096,1384,Maryland,10480
3/16/2016,9450,1358,Massachusetts,10808
3/16/2016,12157,1490,Michigan,13647
3/16/2016,7255,671,Minnesota,7926
3/16/2016,10296,974,Missouri,11270
3/16/2016,950,552,Montana,1502
3/16/2016,3980,822,Nebraska,4802
3/16/2016,2959,541,New Hampshire,3500
3/16/2016,18014,2380,New Jersey,20394
3/16/2016,2463,970,New Mexico,3433
3/16/2016,30934,2967,New York,33901
3/16/2016,10761,4775,North Carolina,15536
3/16/2016,613,679,North Dakota,1292
3/16/2016,9637,3166,Ohio,12803
3/16/2016,2697,2555,Oklahoma,5252
3/16/2016,3325,1207,Oregon,4532
3/16/2016,18240,6511,Pennsylvania,24751
3/16/2016,1246,10324,Puerto Rico,11570
3/16/2016,2449,764,Rhode Island,3213
3/16/2016,5000,4254,South Carolina,9254
3/16/2016,1237,431,South Dakota,1668
3/16/2016,7242,3628,Tennessee,10870
3/16/2016,19728,8799,Texas,28527
3/16/2016,564,483,Vermont,1047
3/16/2016,99,269,Virgin Islands,368
3/16/2016,9196,2243,Virginia,11439
3/16/2016,5109,905,Washington,6014
3/16/2016,3761,710,West Virginia,4471
3/16/2016,7523,1648,Wisconsin,9171
3/16/2016,826,574,Wyoming,1400
3/12/2016,11912,1660,Arizona,13572
3/12/2016,1718,1829,Arkansas,3547
3/12/2016,50652,0,California,50652
3/12/2016,3837,3820,Colorado,7657
3/12/2016,5562,2983,Connecticut,8545
3/12/2016,2256,384,Delaware,2640
3/12/2016,1140,274,Dist. of Columbia,1414
3/12/2016,43075,13278,Florida,56353
3/12/2016,13788,1689,Georgia,15477
3/12/2016,3246,823,Idaho,4069
3/12/2016,12498,2372,Illinois,14870
3/12/2016,10112,2521,Indiana,12633
3/12/2016,4459,2152,Iowa,6611
3/12/2016,4663,614,Kansas,5277
3/12/2016,8697,1362,Kentucky,10059
3/12/2016,8530,2859,Louisiana,11389
3/12/2016,1214,1269,Maine,2483
3/12/2016,9685,1503,Maryland,11188
3/12/2016,9710,1260,Massachusetts,10970
3/12/2016,12956,1619,Michigan,14575
3/12/2016,7296,673,Minnesota,7969
3/12/2016,11033,1126,Missouri,12159
3/12/2016,1012,645,Montana,1657
3/12/2016,4310,874,Nebraska,5184
3/12/2016,3301,637,New Hampshire,3938
3/12/2016,17950,2445,New Jersey,20395
3/12/2016,2620,969,New Mexico,3589
3/12/2016,32341,3070,New York,35411
3/12/2016,11916,5169,North Carolina,17085
3/12/2016,590,666,North Dakota,1256
3/12/2016,10191,3545,Ohio,13736
3/12/2016,2797,2781,Oklahoma,5578
3/12/2016,3204,1201,Oregon,4405
3/12/2016,19333,7070,Pennsylvania,26403
3/12/2016,1385,11614,Puerto Rico,12999
3/12/2016,2878,873,Rhode Island,3751
3/12/2016,5464,4680,South Carolina,10144
3/12/2016,1099,446,South Dakota,1545
3/12/2016,7879,4077,Tennessee,11956
3/12/2016,21329,9275,Texas,30604
3/12/2016,515,508,Vermont,1023
3/12/2016,92,265,Virgin Islands,357
3/12/2016,9846,2409,Virginia,12255
3/12/2016,4873,884,Washington,5757
3/12/2016,3980,772,West Virginia,4752
3/12/2016,8192,1637,Wisconsin,9829
3/12/2016,767,531,Wyoming,1298
3/9/2016,11281,1624,Arizona,12905
3/9/2016,1608,1549,Arkansas,3157
3/9/2016,51069,0,California,51069
3/9/2016,3682,3807,Colorado,7489
3/9/2016,5307,3003,Connecticut,8310
3/9/2016,2137,373,Delaware,2510
3/9/2016,1174,246,Dist. of Columbia,1420
3/9/2016,41066,13127,Florida,54193
3/9/2016,13254,1804,Georgia,15058
3/9/2016,3030,811,Idaho,3841
3/9/2016,11953,2398,Illinois,14351
3/9/2016,8688,2116,Indiana,10804
3/9/2016,3987,2073,Iowa,6060
3/9/2016,4224,547,Kansas,4771
3/9/2016,7662,1309,Kentucky,8971
3/9/2016,8111,2729,Louisiana,10840
3/9/2016,1196,1327,Maine,2523
3/9/2016,9522,1529,Maryland,11051
3/9/2016,10043,1538,Massachusetts,11581
3/9/2016,13247,1807,Michigan,15054
3/9/2016,6751,705,Minnesota,7456
3/9/2016,10036,998,Missouri,11034
3/9/2016,1058,601,Montana,1659
3/9/2016,4012,818,Nebraska,4830
3/9/2016,3373,666,New Hampshire,4039
3/9/2016,18139,2678,New Jersey,20817
3/9/2016,2523,933,New Mexico,3456
3/9/2016,33830,3690,New York,37520
3/9/2016,11655,5235,North Carolina,16890
3/9/2016,597,694,North Dakota,1291
3/9/2016,9677,3556,Ohio,13233
3/9/2016,2545,2601,Oklahoma,5146
3/9/2016,2963,1102,Oregon,4065
3/9/2016,17425,6629,Pennsylvania,24054
3/9/2016,1122,9337,Puerto Rico,10459
3/9/2016,2612,816,Rhode Island,3428
3/9/2016,5413,4543,South Carolina,9956
3/9/2016,1115,431,South Dakota,1546
3/9/2016,7892,3884,Tennessee,11776
3/9/2016,19650,8818,Texas,28468
3/9/2016,608,502,Vermont,1110
3/9/2016,134,291,Virgin Islands,425
3/9/2016,9750,2519,Virginia,12269
3/9/2016,4732,862,Washington,5594
3/9/2016,3674,703,West Virginia,4377
3/9/2016,7277,1515,Wisconsin,8792
3/9/2016,808,551,Wyoming,1359
3/5/2016,12114,1788,Arizona,13902
3/5/2016,1931,1954,Arkansas,3885
3/5/2016,55423,0,California,55423
3/5/2016,3892,3985,Colorado,7877
3/5/2016,5827,3271,Connecticut,9098
3/5/2016,2555,485,Delaware,3040
3/5/2016,1162,261,Dist. of Columbia,1423
3/5/2016,49177,15410,Florida,64587
3/5/2016,14482,1802,Georgia,16284
3/5/2016,3322,930,Idaho,4252
3/5/2016,13337,2530,Illinois,15867
3/5/2016,10476,2559,Indiana,13035
3/5/2016,4758,2340,Iowa,7098
3/5/2016,4838,647,Kansas,5485
3/5/2016,9248,1490,Kentucky,10738
3/5/2016,10159,3266,Louisiana,13425
3/5/2016,1266,1384,Maine,2650
3/5/2016,11271,1758,Maryland,13029
3/5/2016,11049,1524,Massachusetts,12573
3/5/2016,14872,1804,Michigan,16676
3/5/2016,7103,693,Minnesota,7796
3/5/2016,10845,993,Missouri,11838
3/5/2016,994,633,Montana,1627
3/5/2016,4494,845,Nebraska,5339
3/5/2016,3615,699,New Hampshire,4314
3/5/2016,18906,2579,New Jersey,21485
3/5/2016,2836,1048,New Mexico,3884
3/5/2016,34765,3523,New York,38288
3/5/2016,14075,6060,North Carolina,20135
3/5/2016,651,773,North Dakota,1424
3/5/2016,11426,3898,Ohio,15324
3/5/2016,3065,3200,Oklahoma,6265
3/5/2016,3161,1158,Oregon,4319
3/5/2016,20384,7381,Pennsylvania,27765
3/5/2016,1508,12706,Puerto Rico,14214
3/5/2016,3109,924,Rhode Island,4033
3/5/2016,6276,5470,South Carolina,11746
3/5/2016,1136,471,South Dakota,1607
3/5/2016,9052,4749,Tennessee,13801
3/5/2016,24333,10196,Texas,34529
3/5/2016,560,526,Vermont,1086
3/5/2016,99,279,Virgin Islands,378
3/5/2016,10694,2594,Virginia,13288
3/5/2016,4523,809,Washington,5332
3/5/2016,4277,839,West Virginia,5116
3/5/2016,8427,1723,Wisconsin,10150
3/5/2016,818,533,Wyoming,1351
3/2/2016,20433,2456,Arizona,22889
3/2/2016,3116,2730,Arkansas,5846
3/2/2016,130725,0,California,130725
3/2/2016,7773,6045,Colorado,13818
3/2/2016,10468,4607,Connecticut,15075
3/2/2016,4384,649,Delaware,5033
3/2/2016,1919,343,Dist. of Columbia,2262
3/2/2016,70820,19727,Florida,90547
3/2/2016,25316,2720,Georgia,28036
3/2/2016,5022,1216,Idaho,6238
3/2/2016,24936,3919,Illinois,28855
3/2/2016,16777,3445,Indiana,20222
3/2/2016,8755,3311,Iowa,12066
3/2/2016,8228,984,Kansas,9212
3/2/2016,14059,1905,Kentucky,15964
3/2/2016,14682,4118,Louisiana,18800
3/2/2016,1857,1658,Maine,3515
3/2/2016,20442,2489,Maryland,22931
3/2/2016,23108,2597,Massachusetts,25705
3/2/2016,28453,2837,Michigan,31290
3/2/2016,14701,1108,Minnesota,15809
3/2/2016,21543,1648,Missouri,23191
3/2/2016,1444,799,Montana,2243
3/2/2016,7577,1214,Nebraska,8791
3/2/2016,5416,890,New Hampshire,6306
3/2/2016,45323,4492,New Jersey,49815
3/2/2016,4580,1553,New Mexico,6133
3/2/2016,76742,5773,New York,82515
3/2/2016,22441,8091,North Carolina,30532
3/2/2016,1267,1141,North Dakota,2408
3/2/2016,23164,5586,Ohio,28750
3/2/2016,5412,4526,Oklahoma,9938
3/2/2016,7901,2026,Oregon,9927
3/2/2016,46158,12236,Pennsylvania,58394
3/2/2016,1671,12190,Puerto Rico,13861
3/2/2016,5074,1268,Rhode Island,6342
3/2/2016,9096,6688,South Carolina,15784
3/2/2016,2003,622,South Dakota,2625
3/2/2016,14198,5856,Tennessee,20054
3/2/2016,44102,16184,Texas,60286
3/2/2016,957,689,Vermont,1646
3/2/2016,158,385,Virgin Islands,543
3/2/2016,18811,3802,Virginia,22613
3/2/2016,11416,1557,Washington,12973
3/2/2016,6841,1196,West Virginia,8037
3/2/2016,14150,2360,Wisconsin,16510
3/2/2016,1118,728,Wyoming,1846
2/27/2016,19213,2274,Arizona,21487
2/27/2016,3132,2715,Arkansas,5847
2/27/2016,115529,0,California,115529
2/27/2016,7731,6273,Colorado,14004
2/27/2016,10414,4729,Connecticut,15143
2/27/2016,4137,668,Delaware,4805
2/27/2016,1687,315,Dist. of Columbia,2002
2/27/2016,79454,22201,Florida,101655
2/27/2016,24464,2697,Georgia,27161
2/27/2016,4608,1227,Idaho,5835
2/27/2016,23183,3707,Illinois,26890
2/27/2016,16709,3525,Indiana,20234
2/27/2016,8499,3344,Iowa,11843
2/27/2016,7961,1036,Kansas,8997
2/27/2016,14224,1948,Kentucky,16172
2/27/2016,14402,3993,Louisiana,18395
2/27/2016,1999,1742,Maine,3741
2/27/2016,19082,2323,Maryland,21405
2/27/2016,21325,2269,Massachusetts,23594
2/27/2016,26463,2521,Michigan,28984
2/27/2016,13548,1057,Minnesota,14605
2/27/2016,20379,1569,Missouri,21948
2/27/2016,1359,733,Montana,2092
2/27/2016,7252,1192,Nebraska,8444
2/27/2016,5509,897,New Hampshire,6406
2/27/2016,39196,4139,New Jersey,43335
2/27/2016,4280,1499,New Mexico,5779
2/27/2016,70691,5410,New York,76101
2/27/2016,23373,8708,North Carolina,32081
2/27/2016,1095,1188,North Dakota,2283
2/27/2016,22134,5436,Ohio,27570
2/27/2016,5585,4711,Oklahoma,10296
2/27/2016,7085,1921,Oregon,9006
2/27/2016,45678,12776,Pennsylvania,58454
2/27/2016,2103,17392,Puerto Rico,19495
2/27/2016,4884,1332,Rhode Island,6216
2/27/2016,9703,7466,South Carolina,17169
2/27/2016,1924,648,South Dakota,2572
2/27/2016,14937,6600,Tennessee,21537
2/27/2016,44957,16367,Texas,61324
2/27/2016,973,696,Vermont,1669
2/27/2016,171,334,Virgin Islands,505
2/27/2016,18652,3881,Virginia,22533
2/27/2016,9945,1443,Washington,11388
2/27/2016,6589,1173,West Virginia,7762
2/27/2016,13190,2214,Wisconsin,15404
2/27/2016,1126,733,Wyoming,1859
2/24/2016,18278,2347,Arizona,20625
2/24/2016,3039,2665,Arkansas,5704
2/24/2016,116927,0,California,116927
2/24/2016,7385,5895,Colorado,13280
2/24/2016,9536,4495,Connecticut,14031
2/24/2016,3694,614,Delaware,4308
2/24/2016,1724,326,Dist. of Columbia,2050
2/24/2016,68430,19639,Florida,88069
2/24/2016,23373,2553,Georgia,25926
2/24/2016,4567,1199,Idaho,5766
2/24/2016,22224,3625,Illinois,25849
2/24/2016,14787,3236,Indiana,18023
2/24/2016,7808,3110,Iowa,10918
2/24/2016,7395,821,Kansas,8216
2/24/2016,13181,1863,Kentucky,15044
2/24/2016,13291,3801,Louisiana,17092
2/24/2016,1803,1719,Maine,3522
2/24/2016,16792,2218,Maryland,19010
2/24/2016,22284,2545,Massachusetts,24829
2/24/2016,25331,2485,Michigan,27816
2/24/2016,13027,1028,Minnesota,14055
2/24/2016,18967,1509,Missouri,20476
2/24/2016,1369,799,Montana,2168
2/24/2016,7200,1176,Nebraska,8376
2/24/2016,5101,858,New Hampshire,5959
2/24/2016,38302,4063,New Jersey,42365
2/24/2016,4220,1475,New Mexico,5695
2/24/2016,67764,5492,New York,73256
2/24/2016,19331,7415,North Carolina,26746
2/24/2016,1107,1133,North Dakota,2240
2/24/2016,21057,5473,Ohio,26530
2/24/2016,4888,4176,Oklahoma,9064
2/24/2016,7103,1905,Oregon,9008
2/24/2016,39866,11508,Pennsylvania,51374
2/24/2016,1650,12568,Puerto Rico,14218
2/24/2016,4589,1225,Rhode Island,5814
2/24/2016,8311,6524,South Carolina,14835
2/24/2016,1914,631,South Dakota,2545
2/24/2016,13371,5732,Tennessee,19103
2/24/2016,40326,15181,Texas,55507
2/24/2016,888,701,Vermont,1589
2/24/2016,134,345,Virgin Islands,479
2/24/2016,17472,3605,Virginia,21077
2/24/2016,10388,1468,Washington,11856
2/24/2016,5996,1088,West Virginia,7084
2/24/2016,12201,2103,Wisconsin,14304
2/24/2016,1035,793,Wyoming,1828
2/20/2016,17792,2204,Arizona,19996
2/20/2016,2869,2672,Arkansas,5541
2/20/2016,101890,0,California,101890
2/20/2016,7091,5606,Colorado,12697
2/20/2016,9444,4332,Connecticut,13776
2/20/2016,3634,585,Delaware,4219
2/20/2016,1652,340,Dist. of Columbia,1992
2/20/2016,69810,19648,Florida,89458
2/20/2016,22881,2485,Georgia,25366
2/20/2016,4423,1043,Idaho,5466
2/20/2016,21196,3521,Illinois,24717
2/20/2016,15172,3272,Indiana,18444
2/20/2016,7266,2931,Iowa,10197
2/20/2016,7637,957,Kansas,8594
2/20/2016,13372,1812,Kentucky,15184
2/20/2016,13471,3889,Louisiana,17360
2/20/2016,1827,1619,Maine,3446
2/20/2016,16979,2139,Maryland,19118
2/20/2016,21166,2280,Massachusetts,23446
2/20/2016,24347,2323,Michigan,26670
2/20/2016,12166,950,Minnesota,13116
2/20/2016,18958,1489,Missouri,20447
2/20/2016,1325,681,Montana,2006
2/20/2016,6686,1115,Nebraska,7801
2/20/2016,5368,837,New Hampshire,6205
2/20/2016,34511,3797,New Jersey,38308
2/20/2016,4058,1364,New Mexico,5422
2/20/2016,62084,4909,New York,66993
2/20/2016,19864,7727,North Carolina,27591
2/20/2016,966,978,North Dakota,1944
2/20/2016,19521,5326,Ohio,24847
2/20/2016,4897,4177,Oklahoma,9074
2/20/2016,6415,1797,Oregon,8212
2/20/2016,38463,11246,Pennsylvania,49709
2/20/2016,1838,14962,Puerto Rico,16800
2/20/2016,4553,1285,Rhode Island,5838
2/20/2016,8732,6598,South Carolina,15330
2/20/2016,1878,626,South Dakota,2504
2/20/2016,13376,5894,Tennessee,19270
2/20/2016,39761,14851,Texas,54612
2/20/2016,998,765,Vermont,1763
2/20/2016,148,330,Virgin Islands,478
2/20/2016,17119,3499,Virginia,20618
2/20/2016,9201,1256,Washington,10457
2/20/2016,6431,1105,West Virginia,7536
2/20/2016,11787,2131,Wisconsin,13918
2/20/2016,909,688,Wyoming,1597
2/17/2016,15601,2052,Arizona,17653
2/17/2016,2368,2216,Arkansas,4584
2/17/2016,87155,0,California,87155
2/17/2016,6005,4930,Colorado,10935
2/17/2016,7884,3797,Connecticut,11681
2/17/2016,3024,459,Delaware,3483
2/17/2016,1405,307,Dist. of Columbia,1712
2/17/2016,57129,16785,Florida,73914
2/17/2016,18729,2178,Georgia,20907
2/17/2016,3943,986,Idaho,4929
2/17/2016,18179,3191,Illinois,21370
2/17/2016,12289,2742,Indiana,15031
2/17/2016,6324,2363,Iowa,8687
2/17/2016,6567,805,Kansas,7372
2/17/2016,11123,1596,Kentucky,12719
2/17/2016,11463,3442,Louisiana,14905
2/17/2016,1531,1379,Maine,2910
2/17/2016,12923,1794,Maryland,14717
2/17/2016,15453,1883,Massachusetts,17336
2/17/2016,19900,2014,Michigan,21914
2/17/2016,10535,825,Minnesota,11360
2/17/2016,15949,1321,Missouri,17270
2/17/2016,1207,659,Montana,1866
2/17/2016,5973,1068,Nebraska,7041
2/17/2016,4339,721,New Hampshire,5060
2/17/2016,28996,3413,New Jersey,32409
2/17/2016,3505,1201,New Mexico,4706
2/17/2016,49364,4173,New York,53537
2/17/2016,16120,6498,North Carolina,22618
2/17/2016,893,876,North Dakota,1769
2/17/2016,16039,4409,Ohio,20448
2/17/2016,4173,3615,Oklahoma,7788
2/17/2016,5471,1619,Oregon,7090
2/17/2016,30294,9355,Pennsylvania,39649
2/17/2016,1582,11302,Puerto Rico,12884
2/17/2016,3641,987,Rhode Island,4628
2/17/2016,7249,5513,South Carolina,12762
2/17/2016,1708,553,South Dakota,2261
2/17/2016,11221,5149,Tennessee,16370
2/17/2016,34585,13368,Texas,47953
2/17/2016,712,555,Vermont,1267
2/17/2016,113,298,Virgin Islands,411
2/17/2016,13433,2932,Virginia,16365
2/17/2016,8491,1243,Washington,9734
2/17/2016,5173,932,West Virginia,6105
2/17/2016,10469,1876,Wisconsin,12345
2/17/2016,914,676,Wyoming,1590
2/13/2016,15927,2119,Arizona,18046
2/13/2016,2709,2577,Arkansas,5286
2/13/2016,86295,0,California,86295
2/13/2016,5924,5156,Colorado,11080
2/13/2016,7870,3719,Connecticut,11589
2/13/2016,3113,523,Delaware,3636
2/13/2016,1310,260,Dist. of Columbia,1570
2/13/2016,60272,17295,Florida,77567
2/13/2016,20269,2150,Georgia,22419
2/13/2016,4451,1123,Idaho,5574
2/13/2016,17934,3119,Illinois,21053
2/13/2016,14262,3152,Indiana,17414
2/13/2016,6566,2633,Iowa,9199
2/13/2016,6836,897,Kansas,7733
2/13/2016,12081,1742,Kentucky,13823
2/13/2016,12495,3864,Louisiana,16359
2/13/2016,1515,1448,Maine,2963
2/13/2016,13958,1827,Maryland,15785
2/13/2016,17648,1904,Massachusetts,19552
2/13/2016,20573,2079,Michigan,22652
2/13/2016,10516,927,Minnesota,11443
2/13/2016,16257,1352,Missouri,17609
2/13/2016,1250,678,Montana,1928
2/13/2016,5594,975,Nebraska,6569
2/13/2016,4651,776,New Hampshire,5427
2/13/2016,27910,3163,New Jersey,31073
2/13/2016,3684,1316,New Mexico,5000
2/13/2016,48378,3992,New York,52370
2/13/2016,17913,7066,North Carolina,24979
2/13/2016,864,915,North Dakota,1779
2/13/2016,16010,4582,Ohio,20592
2/13/2016,4478,4010,Oklahoma,8488
2/13/2016,5562,1628,Oregon,7190
2/13/2016,29659,9201,Pennsylvania,38860
2/13/2016,1605,12976,Puerto Rico,14581
2/13/2016,3602,939,Rhode Island,4541
2/13/2016,7920,6206,South Carolina,14126
2/13/2016,1565,524,South Dakota,2089
2/13/2016,12514,5844,Tennessee,18358
2/13/2016,35264,13700,Texas,48964
2/13/2016,801,575,Vermont,1376
2/13/2016,147,336,Virgin Islands,483
2/13/2016,14329,2999,Virginia,17328
2/13/2016,8189,1208,Washington,9397
2/13/2016,5210,867,West Virginia,6077
2/13/2016,10450,2006,Wisconsin,12456
2/13/2016,1169,709,Wyoming,1878
2/10/2016,15783,2286,Arizona,18069
2/10/2016,2641,2419,Arkansas,5060
2/10/2016,88881,0,California,88881
2/10/2016,5612,5135,Colorado,10747
2/10/2016,7617,3785,Connecticut,11402
2/10/2016,2814,523,Delaware,3337
2/10/2016,1560,277,Dist. of Columbia,1837
2/10/2016,57048,17047,Florida,74095
2/10/2016,19976,2305,Georgia,22281
2/10/2016,4637,1221,Idaho,5858
2/10/2016,17741,3247,Illinois,20988
2/10/2016,11899,2814,Indiana,14713
2/10/2016,5892,2380,Iowa,8272
2/10/2016,6344,770,Kansas,7114
2/10/2016,10543,1634,Kentucky,12177
2/10/2016,11049,3491,Louisiana,14540
2/10/2016,1632,1558,Maine,3190
2/10/2016,13416,1964,Maryland,15380
2/10/2016,16869,2109,Massachusetts,18978
2/10/2016,19577,2263,Michigan,21840
2/10/2016,9853,869,Minnesota,10722
2/10/2016,14687,1341,Missouri,16028
2/10/2016,1231,756,Montana,1987
2/10/2016,5820,1029,Nebraska,6849
2/10/2016,4434,805,New Hampshire,5239
2/10/2016,28679,3392,New Jersey,32071
2/10/2016,3642,1308,New Mexico,4950
2/10/2016,52018,4706,New York,56724
2/10/2016,16951,6977,North Carolina,23928
2/10/2016,816,945,North Dakota,1761
2/10/2016,15159,4371,Ohio,19530
2/10/2016,4111,3774,Oklahoma,7885
2/10/2016,5244,1595,Oregon,6839
2/10/2016,31117,9141,Pennsylvania,40258
2/10/2016,1402,10571,Puerto Rico,11973
2/10/2016,3179,964,Rhode Island,4143
2/10/2016,7260,5936,South Carolina,13196
2/10/2016,1549,538,South Dakota,2087
2/10/2016,11431,5307,Tennessee,16738
2/10/2016,34044,13291,Texas,47335
2/10/2016,748,628,Vermont,1376
2/10/2016,144,319,Virgin Islands,463
2/10/2016,14749,3203,Virginia,17952
2/10/2016,8529,1237,Washington,9766
2/10/2016,4679,870,West Virginia,5549
2/10/2016,9796,1848,Wisconsin,11644
2/10/2016,1360,796,Wyoming,2156
2/6/2016,16905,2292,Arizona,19197
2/6/2016,2823,2795,Arkansas,5618
2/6/2016,88781,0,California,88781
2/6/2016,6028,5515,Colorado,11543
2/6/2016,7619,3747,Connecticut,11366
2/6/2016,3239,563,Delaware,3802
2/6/2016,1548,319,Dist. of Columbia,1867
2/6/2016,62585,18516,Florida,81101
2/6/2016,22904,2788,Georgia,25692
2/6/2016,5005,1210,Idaho,6215
2/6/2016,18690,3390,Illinois,22080
2/6/2016,14028,3090,Indiana,17118
2/6/2016,6295,2439,Iowa,8734
2/6/2016,6814,854,Kansas,7668
2/6/2016,11508,1690,Kentucky,13198
2/6/2016,12833,3910,Louisiana,16743
2/6/2016,1447,1482,Maine,2929
2/6/2016,14629,2048,Maryland,16677
2/6/2016,14647,1951,Massachusetts,16598
2/6/2016,19496,2260,Michigan,21756
2/6/2016,10544,932,Minnesota,11476
2/6/2016,15954,1364,Missouri,17318
2/6/2016,1250,684,Montana,1934
2/6/2016,5523,1026,Nebraska,6549
2/6/2016,4351,751,New Hampshire,5102
2/6/2016,27327,3319,New Jersey,30646
2/6/2016,3971,1503,New Mexico,5474
2/6/2016,51261,4593,New York,55854
2/6/2016,18629,7725,North Carolina,26354
2/6/2016,903,974,North Dakota,1877
2/6/2016,16417,4900,Ohio,21317
2/6/2016,4257,4121,Oklahoma,8378
2/6/2016,5560,1606,Oregon,7166
2/6/2016,28791,9369,Pennsylvania,38160
2/6/2016,1619,13619,Puerto Rico,15238
2/6/2016,3388,901,Rhode Island,4289
2/6/2016,8134,6753,South Carolina,14887
2/6/2016,1551,642,South Dakota,2193
2/6/2016,12922,6024,Tennessee,18946
2/6/2016,35985,14271,Texas,50256
2/6/2016,779,670,Vermont,1449
2/6/2016,164,350,Virgin Islands,514
2/6/2016,15549,3402,Virginia,18951
2/6/2016,8761,1318,Washington,10079
2/6/2016,5437,1080,West Virginia,6517
2/6/2016,10383,2138,Wisconsin,12521
2/6/2016,1343,794,Wyoming,2137
2/3/2016,15337,2106,Arizona,17443
2/3/2016,2457,2403,Arkansas,4860
2/3/2016,74744,0,California,74744
2/3/2016,4580,4137,Colorado,8717
2/3/2016,6938,3366,Connecticut,10304
2/3/2016,2626,472,Delaware,3098
2/3/2016,1427,277,Dist. of Columbia,1704
2/3/2016,51278,15169,Florida,66447
2/3/2016,18244,2194,Georgia,20438
2/3/2016,4629,1151,Idaho,5780
2/3/2016,17002,3117,Illinois,20119
2/3/2016,11771,2832,Indiana,14603
2/3/2016,5264,2091,Iowa,7355
2/3/2016,6709,885,Kansas,7594
2/3/2016,10483,1581,Kentucky,12064
2/3/2016,11614,3582,Louisiana,15196
2/3/2016,1386,1334,Maine,2720
2/3/2016,11891,1689,Maryland,13580
2/3/2016,13107,1532,Massachusetts,14639
2/3/2016,16925,1929,Michigan,18854
2/3/2016,8797,798,Minnesota,9595
2/3/2016,14751,1375,Missouri,16126
2/3/2016,1201,711,Montana,1912
2/3/2016,4621,870,Nebraska,5491
2/3/2016,3646,645,New Hampshire,4291
2/3/2016,24211,3019,New Jersey,27230
2/3/2016,3456,1305,New Mexico,4761
2/3/2016,43258,3755,New York,47013
2/3/2016,15448,6638,North Carolina,22086
2/3/2016,824,1010,North Dakota,1834
2/3/2016,13512,4116,Ohio,17628
2/3/2016,3752,3658,Oklahoma,7410
2/3/2016,5075,1469,Oregon,6544
2/3/2016,24886,8595,Pennsylvania,33481
2/3/2016,1416,11259,Puerto Rico,12675
2/3/2016,3092,884,Rhode Island,3976
2/3/2016,6647,5451,South Carolina,12098
2/3/2016,1434,469,South Dakota,1903
2/3/2016,10723,5406,Tennessee,16129
2/3/2016,31310,12696,Texas,44006
2/3/2016,646,530,Vermont,1176
2/3/2016,130,279,Virgin Islands,409
2/3/2016,12741,2974,Virginia,15715
2/3/2016,7775,1289,Washington,9064
2/3/2016,4822,906,West Virginia,5728
2/3/2016,9377,1799,Wisconsin,11176
2/3/2016,1317,656,Wyoming,1973
1/30/2016,15072,2122,Arizona,17194
1/30/2016,2453,2619,Arkansas,5072
1/30/2016,71877,0,California,71877
1/30/2016,5659,5257,Colorado,10916
1/30/2016,7510,3817,Connecticut,11327
1/30/2016,2742,505,Delaware,3247
1/30/2016,1311,272,Dist. of Columbia,1583
1/30/2016,62226,17842,Florida,80068
1/30/2016,19951,2340,Georgia,22291
1/30/2016,4449,1161,Idaho,5610
1/30/2016,16498,2888,Illinois,19386
1/30/2016,12626,2824,Indiana,15450
1/30/2016,6165,2623,Iowa,8788
1/30/2016,6270,814,Kansas,7084
1/30/2016,10869,1548,Kentucky,12417
1/30/2016,11480,3520,Louisiana,15000
1/30/2016,1620,1585,Maine,3205
1/30/2016,12995,1862,Maryland,14857
1/30/2016,12533,1673,Massachusetts,14206
1/30/2016,16344,1763,Michigan,18107
1/30/2016,8940,754,Minnesota,9694
1/30/2016,14366,1222,Missouri,15588
1/30/2016,1152,703,Montana,1855
1/30/2016,5390,996,Nebraska,6386
1/30/2016,4034,761,New Hampshire,4795
1/30/2016,22397,2846,New Jersey,25243
1/30/2016,3306,1308,New Mexico,4614
1/30/2016,43837,3868,New York,47705
1/30/2016,18546,7439,North Carolina,25985
1/30/2016,969,930,North Dakota,1899
1/30/2016,13841,4482,Ohio,18323
1/30/2016,4039,4106,Oklahoma,8145
1/30/2016,4379,1442,Oregon,5821
1/30/2016,25139,8755,Pennsylvania,33894
1/30/2016,1981,16232,Puerto Rico,18213
1/30/2016,3339,857,Rhode Island,4196
1/30/2016,8303,6461,South Carolina,14764
1/30/2016,1451,575,South Dakota,2026
1/30/2016,12820,6072,Tennessee,18892
1/30/2016,35442,13807,Texas,49249
1/30/2016,734,586,Vermont,1320
1/30/2016,157,335,Virgin Islands,492
1/30/2016,14102,3147,Virginia,17249
1/30/2016,7077,1253,Washington,8330
1/30/2016,4731,908,West Virginia,5639
1/30/2016,9470,1788,Wisconsin,11258
1/30/2016,1268,728,Wyoming,1996
1/27/2016,14370,2025,Arizona,16395
1/27/2016,2231,2545,Arkansas,4776
1/27/2016,65565,0,California,65565
1/27/2016,4794,4527,Colorado,9321
1/27/2016,6153,3201,Connecticut,9354
1/27/2016,2244,379,Delaware,2623
1/27/2016,1002,202,Dist. of Columbia,1204
1/27/2016,47664,14434,Florida,62098
1/27/2016,17041,1988,Georgia,19029
1/27/2016,4599,1099,Idaho,5698
1/27/2016,15255,2839,Illinois,18094
1/27/2016,11001,2497,Indiana,13498
1/27/2016,5086,2252,Iowa,7338
1/27/2016,5411,746,Kansas,6157
1/27/2016,9754,1424,Kentucky,11178
1/27/2016,10997,3396,Louisiana,14393
1/27/2016,1222,1300,Maine,2522
1/27/2016,9207,1427,Maryland,10634
1/27/2016,11101,1483,Massachusetts,12584
1/27/2016,14830,1665,Michigan,16495
1/27/2016,8334,770,Minnesota,9104
1/27/2016,12557,1160,Missouri,13717
1/27/2016,1134,700,Montana,1834
1/27/2016,4805,888,Nebraska,5693
1/27/2016,3474,585,New Hampshire,4059
1/27/2016,19380,2502,New Jersey,21882
1/27/2016,3164,1133,New Mexico,4297
1/27/2016,36194,3243,New York,39437
1/27/2016,15172,6399,North Carolina,21571
1/27/2016,825,961,North Dakota,1786
1/27/2016,12117,3762,Ohio,15879
1/27/2016,3481,3513,Oklahoma,6994
1/27/2016,4608,1445,Oregon,6053
1/27/2016,19623,6983,Pennsylvania,26606
1/27/2016,1471,12316,Puerto Rico,13787
1/27/2016,2701,782,Rhode Island,3483
1/27/2016,6446,5413,South Carolina,11859
1/27/2016,1324,520,South Dakota,1844
1/27/2016,10320,5277,Tennessee,15597
1/27/2016,29739,12188,Texas,41927
1/27/2016,638,527,Vermont,1165
1/27/2016,141,330,Virgin Islands,471
1/27/2016,10367,2429,Virginia,12796
1/27/2016,6835,1217,Washington,8052
1/27/2016,4079,793,West Virginia,4872
1/27/2016,8961,1706,Wisconsin,10667
1/27/2016,1567,838,Wyoming,2405
1/23/2016,15482,2107,Arizona,17589
1/23/2016,2410,2580,Arkansas,4990
1/23/2016,71575,0,California,71575
1/23/2016,5077,5071,Colorado,10148
1/23/2016,6562,3280,Connecticut,9842
1/23/2016,2187,379,Delaware,2566
1/23/2016,915,232,Dist. of Columbia,1147
1/23/2016,59224,17782,Florida,77006
1/23/2016,19184,2172,Georgia,21356
1/23/2016,5277,1214,Idaho,6491
1/23/2016,15804,2935,Illinois,18739
1/23/2016,12602,2842,Indiana,15444
1/23/2016,5865,2502,Iowa,8367
1/23/2016,5652,770,Kansas,6422
1/23/2016,8686,1254,Kentucky,9940
1/23/2016,12230,3682,Louisiana,15912
1/23/2016,1506,1557,Maine,3063
1/23/2016,9839,1516,Maryland,11355
1/23/2016,12618,1694,Massachusetts,14312
1/23/2016,16221,1814,Michigan,18035
1/23/2016,8849,850,Minnesota,9699
1/23/2016,12998,1226,Missouri,14224
1/23/2016,1155,715,Montana,1870
1/23/2016,5046,950,Nebraska,5996
1/23/2016,4097,731,New Hampshire,4828
1/23/2016,16551,2205,New Jersey,18756
1/23/2016,3365,1252,New Mexico,4617
1/23/2016,33683,3305,New York,36988
1/23/2016,13901,6052,North Carolina,19953
1/23/2016,857,949,North Dakota,1806
1/23/2016,13011,4304,Ohio,17315
1/23/2016,4003,3992,Oklahoma,7995
1/23/2016,4991,1545,Oregon,6536
1/23/2016,20059,7229,Pennsylvania,27288
1/23/2016,1753,14789,Puerto Rico,16542
1/23/2016,3356,905,Rhode Island,4261
1/23/2016,6955,5736,South Carolina,12691
1/23/2016,1353,595,South Dakota,1948
1/23/2016,10447,5465,Tennessee,15912
1/23/2016,33847,13248,Texas,47095
1/23/2016,732,626,Vermont,1358
1/23/2016,157,334,Virgin Islands,491
1/23/2016,9888,2328,Virginia,12216
1/23/2016,6707,1132,Washington,7839
1/23/2016,3240,646,West Virginia,3886
1/23/2016,9750,1851,Wisconsin,11601
1/23/2016,1844,883,Wyoming,2727
1/20/2016,16232,2046,Arizona,18278
1/20/2016,2383,2603,Arkansas,4986
1/20/2016,74909,0,California,74909
1/20/2016,4721,4528,Colorado,9249
1/20/2016,6746,3257,Connecticut,10003
1/20/2016,2701,425,Delaware,3126
1/20/2016,1358,241,Dist. of Columbia,1599
1/20/2016,52461,14755,Florida,67216
1/20/2016,19743,2188,Georgia,21931
1/20/2016,5652,1228,Idaho,6880
1/20/2016,14945,2707,Illinois,17652
1/20/2016,11066,2440,Indiana,13506
1/20/2016,5308,2250,Iowa,7558
1/20/2016,5223,647,Kansas,5870
1/20/2016,9697,1271,Kentucky,10968
1/20/2016,12400,3604,Louisiana,16004
1/20/2016,1345,1366,Maine,2711
1/20/2016,12738,1732,Maryland,14470
1/20/2016,11752,1495,Massachusetts,13247
1/20/2016,15323,1598,Michigan,16921
1/20/2016,8451,721,Minnesota,9172
1/20/2016,12002,1125,Missouri,13127
1/20/2016,1229,700,Montana,1929
1/20/2016,5225,878,Nebraska,6103
1/20/2016,3729,635,New Hampshire,4364
1/20/2016,22183,2669,New Jersey,24852
1/20/2016,3167,1163,New Mexico,4330
1/20/2016,38867,3476,New York,42343
1/20/2016,16661,6590,North Carolina,23251
1/20/2016,880,960,North Dakota,1840
1/20/2016,12608,3973,Ohio,16581
1/20/2016,3518,3417,Oklahoma,6935
1/20/2016,5111,1538,Oregon,6649
1/20/2016,22561,7864,Pennsylvania,30425
1/20/2016,1224,10015,Puerto Rico,11239
1/20/2016,3064,799,Rhode Island,3863
1/20/2016,6764,5562,South Carolina,12326
1/20/2016,1394,479,South Dakota,1873
1/20/2016,11186,5364,Tennessee,16550
1/20/2016,32918,12513,Texas,45431
1/20/2016,634,535,Vermont,1169
1/20/2016,140,284,Virgin Islands,424
1/20/2016,13230,2848,Virginia,16078
1/20/2016,7126,1258,Washington,8384
1/20/2016,4490,833,West Virginia,5323
1/20/2016,9138,1695,Wisconsin,10833
1/20/2016,1889,930,Wyoming,2819
1/16/2016,23720,2630,Arizona,26350
1/16/2016,3530,3786,Arkansas,7316
1/16/2016,108663,0,California,108663
1/16/2016,6230,5723,Colorado,11953
1/16/2016,9002,4093,Connecticut,13095
1/16/2016,3734,580,Delaware,4314
1/16/2016,2168,387,Dist. of Columbia,2555
1/16/2016,73465,19529,Florida,92994
1/16/2016,32664,3704,Georgia,36368
1/16/2016,9029,1762,Idaho,10791
1/16/2016,22332,4133,Illinois,26465
1/16/2016,17236,3380,Indiana,20616
1/16/2016,7432,2979,Iowa,10411
1/16/2016,7225,868,Kansas,8093
1/16/2016,14242,1841,Kentucky,16083
1/16/2016,18747,5120,Louisiana,23867
1/16/2016,1704,1810,Maine,3514
1/16/2016,18727,2514,Maryland,21241
1/16/2016,18009,2331,Massachusetts,20340
1/16/2016,22187,2246,Michigan,24433
1/16/2016,11471,926,Minnesota,12397
1/16/2016,16297,1444,Missouri,17741
1/16/2016,1699,1081,Montana,2780
1/16/2016,6737,1076,Nebraska,7813
1/16/2016,5080,781,New Hampshire,5861
1/16/2016,31272,3941,New Jersey,35213
1/16/2016,4356,1546,New Mexico,5902
1/16/2016,60173,5385,New York,65558
1/16/2016,24076,8875,North Carolina,32951
1/16/2016,1226,1313,North Dakota,2539
1/16/2016,18982,5713,Ohio,24695
1/16/2016,4664,4697,Oklahoma,9361
1/16/2016,7073,2089,Oregon,9162
1/16/2016,31448,10203,Pennsylvania,41651
1/16/2016,1542,11770,Puerto Rico,13312
1/16/2016,4352,953,Rhode Island,5305
1/16/2016,9538,7411,South Carolina,16949
1/16/2016,1774,611,South Dakota,2385
1/16/2016,19106,8655,Tennessee,27761
1/16/2016,43538,16047,Texas,59585
1/16/2016,971,706,Vermont,1677
1/16/2016,254,415,Virgin Islands,669
1/16/2016,18636,3788,Virginia,22424
1/16/2016,9670,1762,Washington,11432
1/16/2016,6565,1091,West Virginia,7656
1/16/2016,13022,2322,Wisconsin,15344
1/16/2016,3869,1620,Wyoming,5489
1/13/2016,610233,35310,Arizona,645543
1/13/2016,91478,79908,Arkansas,171386
1/13/2016,3657988,0,California,3657988
1/13/2016,253320,167602,Colorado,420922
1/13/2016,268989,81640,Connecticut,350629
1/13/2016,91094,7124,Delaware,98218
1/13/2016,58455,4619,Dist. of Columbia,63074
1/13/2016,1782982,328215,Florida,2111197
1/13/2016,853122,49573,Georgia,902695
1/13/2016,123292,19973,Idaho,143265
1/13/2016,817879,75341,Illinois,893220
1/13/2016,380479,40703,Indiana,421182
1/13/2016,179009,45647,Iowa,224656
1/13/2016,176978,13368,Kansas,190346
1/13/2016,262794,20087,Kentucky,282881
1/13/2016,382816,59978,Louisiana,442794
1/13/2016,44719,33967,Maine,78686
1/13/2016,527699,33598,Maryland,561297
1/13/2016,624987,36682,Massachusetts,661669
1/13/2016,737350,29799,Michigan,767149
1/13/2016,366751,12822,Minnesota,379573
1/13/2016,412600,16987,Missouri,429587
1/13/2016,49303,22048,Montana,71351
1/13/2016,124741,10808,Nebraska,135549
1/13/2016,117719,10101,New Hampshire,127820
1/13/2016,1074385,61056,New Jersey,1135441
1/13/2016,127375,33276,New Mexico,160651
1/13/2016,1956122,77560,New York,2033682
1/13/2016,571676,126614,North Carolina,698290
1/13/2016,41355,31119,North Dakota,72474
1/13/2016,661561,110098,Ohio,771659
1/13/2016,147887,106359,Oklahoma,254246
1/13/2016,219958,32585,Oregon,252543
1/13/2016,982297,205054,Pennsylvania,1187351
1/13/2016,19134,101170,Puerto Rico,120304
1/13/2016,79011,10973,Rhode Island,89984
1/13/2016,240776,125819,South Carolina,366595
1/13/2016,50262,13219,South Dakota,63481
1/13/2016,399110,127341,Tennessee,526451
1/13/2016,1842641,447223,Texas,2289864
1/13/2016,25283,15792,Vermont,41075
1/13/2016,4042,5204,Virgin Islands,9246
1/13/2016,629100,75267,Virginia,704367
1/13/2016,465707,40428,Washington,506135
1/13/2016,116934,11940,West Virginia,128874
1/13/2016,367305,29053,Wisconsin,396358
1/13/2016,48613,20285,Wyoming,68898
1/9/2016,424795,24075,Arizona,448870
1/9/2016,71489,60629,Arkansas,132118
1/9/2016,2267503,0,California,2267503
1/9/2016,165502,107510,Colorado,273012
1/9/2016,194852,54605,Connecticut,249457
1/9/2016,68779,5189,Delaware,73968
1/9/2016,38871,2935,Dist. of Columbia,41806
1/9/2016,1274429,219681,Florida,1494110
1/9/2016,646057,33897,Georgia,679954
1/9/2016,88734,14727,Idaho,103461
1/9/2016,584264,49102,Illinois,633366
1/9/2016,316943,34874,Indiana,351817
1/9/2016,128092,33298,Iowa,161390
1/9/2016,125167,9228,Kansas,134395
1/9/2016,201387,15261,Kentucky,216648
1/9/2016,276381,42657,Louisiana,319038
1/9/2016,34901,25801,Maine,60702
1/9/2016,383207,22961,Maryland,406168
1/9/2016,459004,24667,Massachusetts,483671
1/9/2016,593968,22850,Michigan,616818
1/9/2016,255375,8491,Minnesota,263866
1/9/2016,312665,11861,Missouri,324526
1/9/2016,31046,13417,Montana,44463
1/9/2016,90910,8333,Nebraska,99243
1/9/2016,90667,7765,New Hampshire,98432
1/9/2016,753169,38802,New Jersey,791971
1/9/2016,95477,23925,New Mexico,119402
1/9/2016,1345972,48356,New York,1394328
1/9/2016,430782,90478,North Carolina,521260
1/9/2016,24701,18849,North Dakota,43550
1/9/2016,519377,84360,Ohio,603737
1/9/2016,101077,70743,Oklahoma,171820
1/9/2016,154832,22175,Oregon,177007
1/9/2016,757586,157025,Pennsylvania,914611
1/9/2016,13622,70893,Puerto Rico,84515
1/9/2016,63421,9388,Rhode Island,72809
1/9/2016,176268,93476,South Carolina,269744
1/9/2016,35580,9371,South Dakota,44951
1/9/2016,295442,92215,Tennessee,387657
1/9/2016,1197361,265624,Texas,1462985
1/9/2016,18368,11029,Vermont,29397
1/9/2016,2451,3632,Virgin Islands,6083
1/9/2016,436883,52275,Virginia,489158
1/9/2016,298953,24339,Washington,323292
1/9/2016,94557,9422,West Virginia,103979
1/9/2016,269213,21127,Wisconsin,290340
1/9/2016,22717,11250,Wyoming,33967
1/6/2016,172342,10107,Arizona,182449
1/6/2016,25683,20047,Arkansas,45730
1/6/2016,670971,0,California,670971
1/6/2016,68447,45226,Colorado,113673
1/6/2016,82526,23705,Connecticut,106231
1/6/2016,31033,2461,Delaware,33494
1/6/2016,17417,1409,Dist. of Columbia,18826
1/6/2016,502888,88710,Florida,591598
1/6/2016,211452,11012,Georgia,222464
1/6/2016,25880,4954,Idaho,30834
1/6/2016,233043,20078,Illinois,253121
1/6/2016,119216,14640,Indiana,133856
1/6/2016,58100,15864,Iowa,73964
1/6/2016,50473,3996,Kansas,54469
1/6/2016,80785,6712,Kentucky,87497
1/6/2016,90781,15487,Louisiana,106268
1/6/2016,13165,9555,Maine,22720
1/6/2016,163037,10225,Maryland,173262
1/6/2016,206508,10607,Massachusetts,217115
1/6/2016,239580,9430,Michigan,249010
1/6/2016,106182,3907,Minnesota,110089
1/6/2016,132264,5147,Missouri,137411
1/6/2016,10605,4351,Montana,14956
1/6/2016,41080,4110,Nebraska,45190
1/6/2016,39826,3604,New Hampshire,43430
1/6/2016,331071,16769,New Jersey,347840
1/6/2016,36250,7652,New Mexico,43902
1/6/2016,584042,21102,New York,605144
1/6/2016,178639,40345,North Carolina,218984
1/6/2016,10586,8143,North Dakota,18729
1/6/2016,202318,30513,Ohio,232831
1/6/2016,37396,25850,Oklahoma,63246
1/6/2016,49415,7992,Oregon,57407
1/6/2016,345408,70365,Pennsylvania,415773
1/6/2016,3088,17458,Puerto Rico,20546
1/6/2016,25922,4244,Rhode Island,30166
1/6/2016,69942,38898,South Carolina,108840
1/6/2016,16128,4601,South Dakota,20729
1/6/2016,108213,34778,Tennessee,142991
1/6/2016,460655,101880,Texas,562535
1/6/2016,6135,3621,Vermont,9756
1/6/2016,628,1075,Virgin Islands,1703
1/6/2016,171119,20840,Virginia,191959
1/6/2016,97849,7953,Washington,105802
1/6/2016,40891,4536,West Virginia,45427
1/6/2016,124277,10416,Wisconsin,134693
1/6/2016,4402,2950,Wyoming,7352
1/2/2016,61106,4836,Arizona,65942
1/2/2016,6843,5018,Arkansas,11861
1/2/2016,204213,0,California,204213
1/2/2016,19083,13414,Colorado,32497
1/2/2016,22864,8187,Connecticut,31051
1/2/2016,11258,1246,Delaware,12504
1/2/2016,4119,579,Dist. of Columbia,4698
1/2/2016,156136,34183,Florida,190319
1/2/2016,61074,4804,Georgia,65878
1/2/2016,8306,1852,Idaho,10158
1/2/2016,60640,7140,Illinois,67780
1/2/2016,39976,6442,Indiana,46418
1/2/2016,17941,5669,Iowa,23610
1/2/2016,16254,1599,Kansas,17853
1/2/2016,28588,3369,Kentucky,31957
1/2/2016,31139,6863,Louisiana,38002
1/2/2016,4479,3316,Maine,7795
1/2/2016,52702,4962,Maryland,57664
1/2/2016,68957,5019,Massachusetts,73976
1/2/2016,79008,4953,Michigan,83961
1/2/2016,32372,1828,Minnesota,34200
1/2/2016,46186,2557,Missouri,48743
1/2/2016,2696,1188,Montana,3884
1/2/2016,15090,2196,Nebraska,17286
1/2/2016,16072,1828,New Hampshire,17900
1/2/2016,100294,7600,New Jersey,107894
1/2/2016,10626,2629,New Mexico,13255
1/2/2016,181185,9253,New York,190438
1/2/2016,58973,17160,North Carolina,76133
1/2/2016,3181,2761,North Dakota,5942
1/2/2016,50238,9969,Ohio,60207
1/2/2016,11225,8054,Oklahoma,19279
1/2/2016,16869,3508,Oregon,20377
1/2/2016,110818,26071,Pennsylvania,136889
1/2/2016,2110,14120,Puerto Rico,16230
1/2/2016,11230,2380,Rhode Island,13610
1/2/2016,19858,12596,South Carolina,32454
1/2/2016,4890,1541,South Dakota,6431
1/2/2016,31035,10862,Tennessee,41897
1/2/2016,95959,27880,Texas,123839
1/2/2016,2384,1385,Vermont,3769
1/2/2016,220,393,Virgin Islands,613
1/2/2016,47806,8022,Virginia,55828
1/2/2016,22904,2578,Washington,25482
1/2/2016,15957,2276,West Virginia,18233
1/2/2016,35820,4445,Wisconsin,40265
1/2/2016,1402,991,Wyoming,2393
12/30/2015,53042,4037,Arizona,57079
12/30/2015,4778,3177,Arkansas,7955
12/30/2015,147070,0,California,147070
12/30/2015,12864,8319,Colorado,21183
12/30/2015,15779,5577,Connecticut,21356
12/30/2015,7598,918,Delaware,8516
12/30/2015,2594,413,Dist. of Columbia,3007
12/30/2015,103249,23193,Florida,126442
12/30/2015,43765,3490,Georgia,47255
12/30/2015,7136,1482,Idaho,8618
12/30/2015,37597,4790,Illinois,42387
12/30/2015,30248,4905,Indiana,35153
12/30/2015,12509,3741,Iowa,16250
12/30/2015,10788,1099,Kansas,11887
12/30/2015,21311,2504,Kentucky,23815
12/30/2015,23837,5179,Louisiana,29016
12/30/2015,2513,1748,Maine,4261
12/30/2015,32848,3269,Maryland,36117
12/30/2015,47802,3335,Massachusetts,51137
12/30/2015,68757,3956,Michigan,72713
12/30/2015,23358,1297,Minnesota,24655
12/30/2015,33431,1836,Missouri,35267
12/30/2015,1883,927,Montana,2810
12/30/2015,11224,1599,Nebraska,12823
12/30/2015,9666,1214,New Hampshire,10880
12/30/2015,77976,5878,New Jersey,83854
12/30/2015,6292,1601,New Mexico,7893
12/30/2015,141994,7176,New York,149170
12/30/2015,37197,11024,North Carolina,48221
12/30/2015,2352,2048,North Dakota,4400
12/30/2015,38511,7113,Ohio,45624
12/30/2015,7606,5306,Oklahoma,12912
12/30/2015,13842,2809,Oregon,16651
12/30/2015,77881,18031,Pennsylvania,95912
12/30/2015,2193,14766,Puerto Rico,16959
12/30/2015,8231,1793,Rhode Island,10024
12/30/2015,13026,7948,South Carolina,20974
12/30/2015,3105,919,South Dakota,4024
12/30/2015,21145,7101,Tennessee,28246
12/30/2015,61781,18529,Texas,80310
12/30/2015,1546,856,Vermont,2402
12/30/2015,202,331,Virgin Islands,533
12/30/2015,27529,4721,Virginia,32250
12/30/2015,16397,1943,Washington,18340
12/30/2015,12839,1742,West Virginia,14581
12/30/2015,21786,3133,Wisconsin,24919
12/30/2015,1088,735,Wyoming,1823
12/26/2015,29555,2669,Arizona,32224
12/26/2015,3342,2460,Arkansas,5802
12/26/2015,94586,0,California,94586
12/26/2015,8944,6176,Colorado,15120
12/26/2015,11445,4170,Connecticut,15615
12/26/2015,4686,613,Delaware,5299
12/26/2015,1412,233,Dist. of Columbia,1645
12/26/2015,70366,17408,Florida,87774
12/26/2015,24408,2260,Georgia,26668
12/26/2015,4823,1026,Idaho,5849
12/26/2015,21403,2915,Illinois,24318
12/26/2015,19778,3772,Indiana,23550
12/26/2015,9519,3236,Iowa,12755
12/26/2015,8523,917,Kansas,9440
12/26/2015,13766,1885,Kentucky,15651
12/26/2015,15479,3864,Louisiana,19343
12/26/2015,2722,2018,Maine,4740
12/26/2015,19926,2324,Maryland,22250
12/26/2015,31236,2572,Massachusetts,33808
12/26/2015,31968,2766,Michigan,34734
12/26/2015,15712,987,Minnesota,16699
12/26/2015,23516,1434,Missouri,24950
12/26/2015,1418,648,Montana,2066
12/26/2015,7884,1177,Nebraska,9061
12/26/2015,8362,1011,New Hampshire,9373
12/26/2015,39883,3773,New Jersey,43656
12/26/2015,4461,1177,New Mexico,5638
12/26/2015,72042,4790,New York,76832
12/26/2015,25213,8422,North Carolina,33635
12/26/2015,1408,1318,North Dakota,2726
12/26/2015,21055,4500,Ohio,25555
12/26/2015,5567,4342,Oklahoma,9909
12/26/2015,10209,2076,Oregon,12285
12/26/2015,47930,12291,Pennsylvania,60221
12/26/2015,1525,10430,Puerto Rico,11955
12/26/2015,5592,1259,Rhode Island,6851
12/26/2015,9567,6406,South Carolina,15973
12/26/2015,2117,596,South Dakota,2713
12/26/2015,14588,5424,Tennessee,20012
12/26/2015,42739,13984,Texas,56723
12/26/2015,1426,789,Vermont,2215
12/26/2015,129,258,Virgin Islands,387
12/26/2015,18227,3547,Virginia,21774
12/26/2015,11370,1386,Washington,12756
12/26/2015,7273,1154,West Virginia,8427
12/26/2015,15775,2464,Wisconsin,18239
12/26/2015,777,481,Wyoming,1258
12/23/2015,31424,2842,Arizona,34266
12/23/2015,3386,2439,Arkansas,5825
12/23/2015,103662,0,California,103662
12/23/2015,10149,6872,Colorado,17021
12/23/2015,12321,4703,Connecticut,17024
12/23/2015,5120,662,Delaware,5782
12/23/2015,2013,333,Dist. of Columbia,2346
12/23/2015,72218,17612,Florida,89830
12/23/2015,26276,2318,Georgia,28594
12/23/2015,5528,1048,Idaho,6576
12/23/2015,24918,3472,Illinois,28390
12/23/2015,20125,3708,Indiana,23833
12/23/2015,10506,3276,Iowa,13782
12/23/2015,8895,995,Kansas,9890
12/23/2015,15042,1889,Kentucky,16931
12/23/2015,15154,3788,Louisiana,18942
12/23/2015,2531,1835,Maine,4366
12/23/2015,21977,2444,Maryland,24421
12/23/2015,27548,2380,Massachusetts,29928
12/23/2015,36602,2664,Michigan,39266
12/23/2015,17146,1084,Minnesota,18230
12/23/2015,25703,1670,Missouri,27373
12/23/2015,1592,785,Montana,2377
12/23/2015,8876,1371,Nebraska,10247
12/23/2015,7823,965,New Hampshire,8788
12/23/2015,46590,4183,New Jersey,50773
12/23/2015,4998,1304,New Mexico,6302
12/23/2015,81854,5351,New York,87205
12/23/2015,26398,8676,North Carolina,35074
12/23/2015,1642,1447,North Dakota,3089
12/23/2015,24921,5141,Ohio,30062
12/23/2015,5783,4183,Oklahoma,9966
12/23/2015,10242,2247,Oregon,12489
12/23/2015,53499,13205,Pennsylvania,66704
12/23/2015,1748,12591,Puerto Rico,14339
12/23/2015,5951,1385,Rhode Island,7336
12/23/2015,9610,6689,South Carolina,16299
12/23/2015,2429,750,South Dakota,3179
12/23/2015,15116,5541,Tennessee,20657
12/23/2015,45158,14307,Texas,59465
12/23/2015,1197,719,Vermont,1916
12/23/2015,167,303,Virgin Islands,470
12/23/2015,19610,3627,Virginia,23237
12/23/2015,12893,1476,Washington,14369
12/23/2015,8036,1236,West Virginia,9272
12/23/2015,17013,2587,Wisconsin,19600
12/23/2015,798,603,Wyoming,1401
12/19/2015,21854,2264,Arizona,24118
12/19/2015,3170,2357,Arkansas,5527
12/19/2015,91536,0,California,91536
12/19/2015,8289,5951,Colorado,14240
12/19/2015,10388,4183,Connecticut,14571
12/19/2015,4487,624,Delaware,5111
12/19/2015,1754,314,Dist. of Columbia,2068
12/19/2015,65402,16689,Florida,82091
12/19/2015,24262,2317,Georgia,26579
12/19/2015,4534,1034,Idaho,5568
12/19/2015,20917,2986,Illinois,23903
12/19/2015,16737,3290,Indiana,20027
12/19/2015,9813,3158,Iowa,12971
12/19/2015,7654,897,Kansas,8551
12/19/2015,13476,1872,Kentucky,15348
12/19/2015,13637,3638,Louisiana,17275
12/19/2015,2098,1690,Maine,3788
12/19/2015,20321,2568,Maryland,22889
12/19/2015,21975,2309,Massachusetts,24284
12/19/2015,30533,2565,Michigan,33098
12/19/2015,13949,992,Minnesota,14941
12/19/2015,21822,1427,Missouri,23249
12/19/2015,1318,650,Montana,1968
12/19/2015,7507,1188,Nebraska,8695
12/19/2015,6430,887,New Hampshire,7317
12/19/2015,38664,3855,New Jersey,42519
12/19/2015,4414,1230,New Mexico,5644
12/19/2015,71811,5018,New York,76829
12/19/2015,23155,8121,North Carolina,31276
12/19/2015,1311,1147,North Dakota,2458
12/19/2015,21211,4788,Ohio,25999
12/19/2015,5309,4009,Oklahoma,9318
12/19/2015,8129,1968,Oregon,10097
12/19/2015,44778,11649,Pennsylvania,56427
12/19/2015,2004,14005,Puerto Rico,16009
12/19/2015,5399,1301,Rhode Island,6700
12/19/2015,9078,6593,South Carolina,15671
12/19/2015,2134,691,South Dakota,2825
12/19/2015,13313,5206,Tennessee,18519
12/19/2015,39964,13334,Texas,53298
12/19/2015,991,634,Vermont,1625
12/19/2015,142,291,Virgin Islands,433
12/19/2015,18014,3458,Virginia,21472
12/19/2015,10515,1327,Washington,11842
12/19/2015,6543,1035,West Virginia,7578
12/19/2015,13735,2286,Wisconsin,16021
12/19/2015,809,577,Wyoming,1386
12/16/2015,14877,1705,Arizona,16582
12/16/2015,2388,1728,Arkansas,4116
12/16/2015,75324,0,California,75324
12/16/2015,5956,4335,Colorado,10291
12/16/2015,8422,3449,Connecticut,11871
12/16/2015,3423,481,Delaware,3904
12/16/2015,1673,313,Dist. of Columbia,1986
12/16/2015,48807,12678,Florida,61485
12/16/2015,18211,1824,Georgia,20035
12/16/2015,3758,882,Idaho,4640
12/16/2015,17445,2564,Illinois,20009
12/16/2015,12486,2457,Indiana,14943
12/16/2015,7550,2551,Iowa,10101
12/16/2015,5885,728,Kansas,6613
12/16/2015,10750,1484,Kentucky,12234
12/16/2015,10249,2890,Louisiana,13139
12/16/2015,1554,1365,Maine,2919
12/16/2015,14597,1948,Maryland,16545
12/16/2015,17662,1909,Massachusetts,19571
12/16/2015,21273,1993,Michigan,23266
12/16/2015,11117,810,Minnesota,11927
12/16/2015,16679,1193,Missouri,17872
12/16/2015,1127,573,Montana,1700
12/16/2015,5837,1001,Nebraska,6838
12/16/2015,4435,741,New Hampshire,5176
12/16/2015,32126,3201,New Jersey,35327
12/16/2015,3537,986,New Mexico,4523
12/16/2015,58516,4287,New York,62803
12/16/2015,17081,6031,North Carolina,23112
12/16/2015,967,988,North Dakota,1955
12/16/2015,16720,3793,Ohio,20513
12/16/2015,4193,3279,Oklahoma,7472
12/16/2015,6204,1567,Oregon,7771
12/16/2015,34128,8813,Pennsylvania,42941
12/16/2015,1430,10026,Puerto Rico,11456
12/16/2015,3766,1026,Rhode Island,4792
12/16/2015,6878,4853,South Carolina,11731
12/16/2015,1704,501,South Dakota,2205
12/16/2015,9868,3776,Tennessee,13644
12/16/2015,30028,10335,Texas,40363
12/16/2015,827,471,Vermont,1298
12/16/2015,128,221,Virgin Islands,349
12/16/2015,13659,2650,Virginia,16309
12/16/2015,8786,1171,Washington,9957
12/16/2015,5134,837,West Virginia,5971
12/16/2015,11332,1897,Wisconsin,13229
12/16/2015,692,472,Wyoming,1164
12/12/2015,14880,1725,Arizona,16605
12/12/2015,2375,1803,Arkansas,4178
12/12/2015,67202,0,California,67202
12/12/2015,6392,4737,Colorado,11129
12/12/2015,8092,3407,Connecticut,11499
12/12/2015,3150,516,Delaware,3666
12/12/2015,1424,296,Dist. of Columbia,1720
12/12/2015,48676,13047,Florida,61723
12/12/2015,17611,1812,Georgia,19423
12/12/2015,3830,891,Idaho,4721
12/12/2015,16085,2328,Illinois,18413
12/12/2015,13257,2839,Indiana,16096
12/12/2015,7283,2465,Iowa,9748
12/12/2015,6053,720,Kansas,6773
12/12/2015,10848,1571,Kentucky,12419
12/12/2015,11913,3209,Louisiana,15122
12/12/2015,1553,1376,Maine,2929
12/12/2015,13866,1780,Maryland,15646
12/12/2015,16806,1761,Massachusetts,18567
12/12/2015,19550,1937,Michigan,21487
12/12/2015,11071,893,Minnesota,11964
12/12/2015,16464,1105,Missouri,17569
12/12/2015,1253,593,Montana,1846
12/12/2015,5731,1104,Nebraska,6835
12/12/2015,4585,709,New Hampshire,5294
12/12/2015,28613,3070,New Jersey,31683
12/12/2015,3417,1046,New Mexico,4463
12/12/2015,52631,3953,New York,56584
12/12/2015,15765,5805,North Carolina,21570
12/12/2015,986,942,North Dakota,1928
12/12/2015,15862,3946,Ohio,19808
12/12/2015,4113,3236,Oklahoma,7349
12/12/2015,5575,1499,Oregon,7074
12/12/2015,31249,8352,Pennsylvania,39601
12/12/2015,1575,12090,Puerto Rico,13665
12/12/2015,3902,997,Rhode Island,4899
12/12/2015,6806,4967,South Carolina,11773
12/12/2015,1672,609,South Dakota,2281
12/12/2015,9615,3924,Tennessee,13539
12/12/2015,28472,10206,Texas,38678
12/12/2015,753,578,Vermont,1331
12/12/2015,126,244,Virgin Islands,370
12/12/2015,12918,2552,Virginia,15470
12/12/2015,7826,1077,Washington,8903
12/12/2015,4957,956,West Virginia,5913
12/12/2015,11393,2013,Wisconsin,13406
12/12/2015,698,528,Wyoming,1226
12/9/2015,12702,1516,Arizona,14218
12/9/2015,2044,1557,Arkansas,3601
12/9/2015,66610,0,California,66610
12/9/2015,5679,4347,Colorado,10026
12/9/2015,6999,2982,Connecticut,9981
12/9/2015,2601,413,Delaware,3014
12/9/2015,1438,271,Dist. of Columbia,1709
12/9/2015,41037,10993,Florida,52030
12/9/2015,15215,1629,Georgia,16844
12/9/2015,3210,775,Idaho,3985
12/9/2015,14696,2384,Illinois,17080
12/9/2015,10622,2286,Indiana,12908
12/9/2015,6149,2224,Iowa,8373
12/9/2015,5148,622,Kansas,5770
12/9/2015,8805,1305,Kentucky,10110
12/9/2015,9101,2569,Louisiana,11670
12/9/2015,1392,1206,Maine,2598
12/9/2015,12321,1598,Maryland,13919
12/9/2015,16156,1706,Massachusetts,17862
12/9/2015,16129,1810,Michigan,17939
12/9/2015,9854,724,Minnesota,10578
12/9/2015,13781,1000,Missouri,14781
12/9/2015,1091,554,Montana,1645
12/9/2015,4929,878,Nebraska,5807
12/9/2015,4011,645,New Hampshire,4656
12/9/2015,26397,2727,New Jersey,29124
12/9/2015,3180,901,New Mexico,4081
12/9/2015,47874,3769,New York,51643
12/9/2015,12742,4811,North Carolina,17553
12/9/2015,874,881,North Dakota,1755
12/9/2015,14054,3485,Ohio,17539
12/9/2015,3385,2752,Oklahoma,6137
12/9/2015,4748,1282,Oregon,6030
12/9/2015,26025,7142,Pennsylvania,33167
12/9/2015,1235,9146,Puerto Rico,10381
12/9/2015,2957,875,Rhode Island,3832
12/9/2015,5796,4280,South Carolina,10076
12/9/2015,1419,487,South Dakota,1906
12/9/2015,8037,3309,Tennessee,11346
12/9/2015,25164,8917,Texas,34081
12/9/2015,714,459,Vermont,1173
12/9/2015,98,206,Virgin Islands,304
12/9/2015,11516,2368,Virginia,13884
12/9/2015,7182,988,Washington,8170
12/9/2015,4067,701,West Virginia,4768
12/9/2015,9741,1711,Wisconsin,11452
12/9/2015,631,474,Wyoming,1105
12/5/2015,14294,2039,Arizona,16333
12/5/2015,2410,2006,Arkansas,4416
12/5/2015,70367,0,California,70367
12/5/2015,6049,5005,Colorado,11054
12/5/2015,7946,3709,Connecticut,11655
12/5/2015,2923,507,Delaware,3430
12/5/2015,1589,312,Dist. of Columbia,1901
12/5/2015,52142,15010,Florida,67152
12/5/2015,18544,2229,Georgia,20773
12/5/2015,3851,994,Idaho,4845
12/5/2015,15060,2475,Illinois,17535
12/5/2015,12934,3115,Indiana,16049
12/5/2015,6623,2462,Iowa,9085
12/5/2015,5726,772,Kansas,6498
12/5/2015,10328,1671,Kentucky,11999
12/5/2015,10530,3375,Louisiana,13905
12/5/2015,1624,1471,Maine,3095
12/5/2015,12924,2005,Maryland,14929
12/5/2015,15527,2005,Massachusetts,17532
12/5/2015,17931,2118,Michigan,20049
12/5/2015,10130,829,Minnesota,10959
12/5/2015,15329,1379,Missouri,16708
12/5/2015,1230,648,Montana,1878
12/5/2015,5600,1200,Nebraska,6800
12/5/2015,4387,788,New Hampshire,5175
12/5/2015,27006,3131,New Jersey,30137
12/5/2015,3635,1189,New Mexico,4824
12/5/2015,51155,4527,New York,55682
12/5/2015,15933,6574,North Carolina,22507
12/5/2015,870,910,North Dakota,1780
12/5/2015,14414,4197,Ohio,18611
12/5/2015,3754,3278,Oklahoma,7032
12/5/2015,4994,1471,Oregon,6465
12/5/2015,29199,8932,Pennsylvania,38131
12/5/2015,1646,13301,Puerto Rico,14947
12/5/2015,3932,1168,Rhode Island,5100
12/5/2015,7214,5711,South Carolina,12925
12/5/2015,1582,566,South Dakota,2148
12/5/2015,9602,4486,Tennessee,14088
12/5/2015,27831,10692,Texas,38523
12/5/2015,768,586,Vermont,1354
12/5/2015,123,337,Virgin Islands,460
12/5/2015,13324,3003,Virginia,16327
12/5/2015,7642,1138,Washington,8780
12/5/2015,4841,892,West Virginia,5733
12/5/2015,10958,2142,Wisconsin,13100
12/5/2015,738,570,Wyoming,1308
12/2/2015,12505,1693,Arizona,14198
12/2/2015,1927,1526,Arkansas,3453
12/2/2015,65470,0,California,65470
12/2/2015,5222,4270,Colorado,9492
12/2/2015,6677,2976,Connecticut,9653
12/2/2015,2504,413,Delaware,2917
12/2/2015,1312,302,Dist. of Columbia,1614
12/2/2015,41682,11755,Florida,53437
12/2/2015,15427,1873,Georgia,17300
12/2/2015,3161,765,Idaho,3926
12/2/2015,13109,2208,Illinois,15317
12/2/2015,9986,2348,Indiana,12334
12/2/2015,5316,1934,Iowa,7250
12/2/2015,4708,636,Kansas,5344
12/2/2015,8488,1320,Kentucky,9808
12/2/2015,8882,2735,Louisiana,11617
12/2/2015,1260,1122,Maine,2382
12/2/2015,11084,1758,Maryland,12842
12/2/2015,12630,1577,Massachusetts,14207
12/2/2015,14604,1692,Michigan,16296
12/2/2015,8692,690,Minnesota,9382
12/2/2015,12739,1050,Missouri,13789
12/2/2015,1032,517,Montana,1549
12/2/2015,4544,918,Nebraska,5462
12/2/2015,3560,625,New Hampshire,4185
12/2/2015,23315,2666,New Jersey,25981
12/2/2015,3015,970,New Mexico,3985
12/2/2015,42786,3592,New York,46378
12/2/2015,13192,5532,North Carolina,18724
12/2/2015,791,787,North Dakota,1578
12/2/2015,11763,3293,Ohio,15056
12/2/2015,3205,2636,Oklahoma,5841
12/2/2015,4517,1321,Oregon,5838
12/2/2015,23597,7176,Pennsylvania,30773
12/2/2015,1230,9039,Puerto Rico,10269
12/2/2015,2691,828,Rhode Island,3519
12/2/2015,5883,4451,South Carolina,10334
12/2/2015,1262,476,South Dakota,1738
12/2/2015,8152,3488,Tennessee,11640
12/2/2015,23749,9103,Texas,32852
12/2/2015,621,439,Vermont,1060
12/2/2015,124,235,Virgin Islands,359
12/2/2015,11466,2389,Virginia,13855
12/2/2015,6738,968,Washington,7706
12/2/2015,4056,729,West Virginia,4785
12/2/2015,8996,1717,Wisconsin,10713
12/2/2015,691,478,Wyoming,1169
11/28/2015,11103,1393,Arizona,12496
11/28/2015,1693,1340,Arkansas,3033
11/28/2015,48647,0,California,48647
11/28/2015,4355,3651,Colorado,8006
11/28/2015,5604,2733,Connecticut,8337
11/28/2015,2250,401,Delaware,2651
11/28/2015,934,203,Dist. of Columbia,1137
11/28/2015,39698,10517,Florida,50215
11/28/2015,13887,1599,Georgia,15486
11/28/2015,2743,659,Idaho,3402
11/28/2015,10558,1830,Illinois,12388
11/28/2015,9786,2156,Indiana,11942
11/28/2015,4798,1872,Iowa,6670
11/28/2015,3889,492,Kansas,4381
11/28/2015,7877,1245,Kentucky,9122
11/28/2015,8492,2389,Louisiana,10881
11/28/2015,1382,1218,Maine,2600
11/28/2015,9804,1369,Maryland,11173
11/28/2015,10395,1256,Massachusetts,11651
11/28/2015,12459,1454,Michigan,13913
11/28/2015,7574,642,Minnesota,8216
11/28/2015,11099,897,Missouri,11996
11/28/2015,825,455,Montana,1280
11/28/2015,3818,747,Nebraska,4565
11/28/2015,3595,566,New Hampshire,4161
11/28/2015,17996,2294,New Jersey,20290
11/28/2015,2429,732,New Mexico,3161
11/28/2015,35481,3083,New York,38564
11/28/2015,12010,6447,North Carolina,18457
11/28/2015,644,761,North Dakota,1405
11/28/2015,9729,2882,Ohio,12611
11/28/2015,2543,2095,Oklahoma,4638
11/28/2015,3672,1045,Oregon,4717
11/28/2015,20678,6484,Pennsylvania,27162
11/28/2015,1074,9437,Puerto Rico,10511
11/28/2015,2490,742,Rhode Island,3232
11/28/2015,5682,4005,South Carolina,9687
11/28/2015,1252,425,South Dakota,1677
11/28/2015,7759,3280,Tennessee,11039
11/28/2015,20292,7538,Texas,27830
11/28/2015,606,461,Vermont,1067
11/28/2015,91,201,Virgin Islands,292
11/28/2015,10231,2276,Virginia,12507
11/28/2015,5368,859,Washington,6227
11/28/2015,3656,688,West Virginia,4344
11/28/2015,7818,1461,Wisconsin,9279
11/28/2015,528,374,Wyoming,902
11/25/2015,11606,1456,Arizona,13062
11/25/2015,1738,1440,Arkansas,3178
11/25/2015,46219,0,California,46219
11/25/2015,4754,3993,Colorado,8747
11/25/2015,6084,2761,Connecticut,8845
11/25/2015,2266,403,Delaware,2669
11/25/2015,1183,285,Dist. of Columbia,1468
11/25/2015,37626,10462,Florida,48088
11/25/2015,12841,1466,Georgia,14307
11/25/2015,2874,709,Idaho,3583
11/25/2015,11179,1866,Illinois,13045
11/25/2015,9212,2193,Indiana,11405
11/25/2015,4769,1816,Iowa,6585
11/25/2015,4666,535,Kansas,5201
11/25/2015,7748,1234,Kentucky,8982
11/25/2015,7992,2501,Louisiana,10493
11/25/2015,1192,1125,Maine,2317
11/25/2015,9844,1396,Maryland,11240
11/25/2015,10629,1313,Massachusetts,11942
11/25/2015,12392,1474,Michigan,13866
11/25/2015,8234,686,Minnesota,8920
11/25/2015,11272,923,Missouri,12195
11/25/2015,983,495,Montana,1478
11/25/2015,4316,887,Nebraska,5203
11/25/2015,3527,513,New Hampshire,4040
11/25/2015,19067,2379,New Jersey,21446
11/25/2015,2649,854,New Mexico,3503
11/25/2015,34814,2861,New York,37675
11/25/2015,10722,5869,North Carolina,16591
11/25/2015,693,748,North Dakota,1441
11/25/2015,9871,2951,Ohio,12822
11/25/2015,2818,2429,Oklahoma,5247
11/25/2015,3730,1160,Oregon,4890
11/25/2015,20198,6109,Pennsylvania,26307
11/25/2015,1223,10239,Puerto Rico,11462
11/25/2015,2711,784,Rhode Island,3495
11/25/2015,5261,3974,South Carolina,9235
11/25/2015,1280,469,South Dakota,1749
11/25/2015,7022,3186,Tennessee,10208
11/25/2015,19539,7859,Texas,27398
11/25/2015,587,445,Vermont,1032
11/25/2015,104,260,Virgin Islands,364
11/25/2015,9550,2107,Virginia,11657
11/25/2015,5686,874,Washington,6560
11/25/2015,3651,634,West Virginia,4285
11/25/2015,8304,1621,Wisconsin,9925
11/25/2015,586,466,Wyoming,1052
11/21/2015,11161,1477,Arizona,12638
11/21/2015,1737,1434,Arkansas,3171
11/21/2015,43190,0,California,43190
11/21/2015,4198,3708,Colorado,7906
11/21/2015,5700,2741,Connecticut,8441
11/21/2015,2245,404,Delaware,2649
11/21/2015,1185,262,Dist. of Columbia,1447
11/21/2015,37985,10944,Florida,48929
11/21/2015,12785,1569,Georgia,14354
11/21/2015,2703,720,Idaho,3423
11/21/2015,9437,1617,Illinois,11054
11/21/2015,9367,2255,Indiana,11622
11/21/2015,4280,1710,Iowa,5990
11/21/2015,4382,619,Kansas,5001
11/21/2015,7997,1309,Kentucky,9306
11/21/2015,8510,2642,Louisiana,11152
11/21/2015,1212,1077,Maine,2289
11/21/2015,9650,1489,Maryland,11139
11/21/2015,10160,1270,Massachusetts,11430
11/21/2015,11364,1373,Michigan,12737
11/21/2015,7443,681,Minnesota,8124
11/21/2015,10515,916,Missouri,11431
11/21/2015,942,501,Montana,1443
11/21/2015,3816,795,Nebraska,4611
11/21/2015,3214,578,New Hampshire,3792
11/21/2015,17196,2162,New Jersey,19358
11/21/2015,2638,875,New Mexico,3513
11/21/2015,32090,2780,New York,34870
11/21/2015,11205,6060,North Carolina,17265
11/21/2015,595,745,North Dakota,1340
11/21/2015,9492,2893,Ohio,12385
11/21/2015,2685,2374,Oklahoma,5059
11/21/2015,3391,1075,Oregon,4466
11/21/2015,19549,6331,Pennsylvania,25880
11/21/2015,1358,11884,Puerto Rico,13242
11/21/2015,2550,787,Rhode Island,3337
11/21/2015,5328,4204,South Carolina,9532
11/21/2015,1129,454,South Dakota,1583
11/21/2015,7215,3390,Tennessee,10605
11/21/2015,19476,7742,Texas,27218
11/21/2015,631,428,Vermont,1059
11/21/2015,118,255,Virgin Islands,373
11/21/2015,9265,2022,Virginia,11287
11/21/2015,4773,765,Washington,5538
11/21/2015,3859,712,West Virginia,4571
11/21/2015,7677,1551,Wisconsin,9228
11/21/2015,512,418,Wyoming,930
11/18/2015,9610,1351,Arizona,10961
11/18/2015,1445,1169,Arkansas,2614
11/18/2015,40968,0,California,40968
11/18/2015,3758,3313,Colorado,7071
11/18/2015,5039,2426,Connecticut,7465
11/18/2015,1919,336,Delaware,2255
11/18/2015,1121,258,Dist. of Columbia,1379
11/18/2015,32321,9231,Florida,41552
11/18/2015,11044,1225,Georgia,12269
11/18/2015,2497,675,Idaho,3172
11/18/2015,9424,1693,Illinois,11117
11/18/2015,7726,1971,Indiana,9697
11/18/2015,4124,1596,Iowa,5720
11/18/2015,3814,502,Kansas,4316
11/18/2015,6592,1090,Kentucky,7682
11/18/2015,7073,2228,Louisiana,9301
11/18/2015,1104,1065,Maine,2169
11/18/2015,8608,1324,Maryland,9932
11/18/2015,9155,1238,Massachusetts,10393
11/18/2015,10603,1322,Michigan,11925
11/18/2015,6746,591,Minnesota,7337
11/18/2015,9253,829,Missouri,10082
11/18/2015,928,483,Montana,1411
11/18/2015,3652,798,Nebraska,4450
11/18/2015,2968,604,New Hampshire,3572
11/18/2015,16270,1982,New Jersey,18252
11/18/2015,2196,676,New Mexico,2872
11/18/2015,29653,2768,New York,32421
11/18/2015,9234,5169,North Carolina,14403
11/18/2015,589,674,North Dakota,1263
11/18/2015,8094,2516,Ohio,10610
11/18/2015,2291,2081,Oklahoma,4372
11/18/2015,2807,979,Oregon,3786
11/18/2015,16985,5473,Pennsylvania,22458
11/18/2015,1030,8524,Puerto Rico,9554
11/18/2015,2231,738,Rhode Island,2969
11/18/2015,4463,3486,South Carolina,7949
11/18/2015,1175,360,South Dakota,1535
11/18/2015,6127,2688,Tennessee,8815
11/18/2015,16121,6454,Texas,22575
11/18/2015,511,365,Vermont,876
11/18/2015,104,228,Virgin Islands,332
11/18/2015,8305,1952,Virginia,10257
11/18/2015,4498,722,Washington,5220
11/18/2015,3263,649,West Virginia,3912
11/18/2015,7187,1383,Wisconsin,8570
11/18/2015,535,416,Wyoming,951
11/14/2015,11103,1618,Arizona,12721
11/14/2015,1701,1620,Arkansas,3321
11/14/2015,43585,0,California,43585
11/14/2015,3913,3986,Colorado,7899
11/14/2015,5799,2822,Connecticut,8621
11/14/2015,2246,455,Delaware,2701
11/14/2015,1227,252,Dist. of Columbia,1479
11/14/2015,39611,11405,Florida,51016
11/14/2015,13517,1587,Georgia,15104
11/14/2015,2938,776,Idaho,3714
11/14/2015,9945,1804,Illinois,11749
11/14/2015,9305,2346,Indiana,11651
11/14/2015,4827,1909,Iowa,6736
11/14/2015,4377,581,Kansas,4958
11/14/2015,7891,1287,Kentucky,9178
11/14/2015,8546,2737,Louisiana,11283
11/14/2015,1397,1280,Maine,2677
11/14/2015,10009,1539,Maryland,11548
11/14/2015,12123,1568,Massachusetts,13691
11/14/2015,12619,1574,Michigan,14193
11/14/2015,7408,638,Minnesota,8046
11/14/2015,10369,901,Missouri,11270
11/14/2015,1071,597,Montana,1668
11/14/2015,4201,848,Nebraska,5049
11/14/2015,3980,751,New Hampshire,4731
11/14/2015,17403,2173,New Jersey,19576
11/14/2015,2661,875,New Mexico,3536
11/14/2015,32471,3106,New York,35577
11/14/2015,12063,6265,North Carolina,18328
11/14/2015,652,800,North Dakota,1452
11/14/2015,9484,3313,Ohio,12797
11/14/2015,2637,2545,Oklahoma,5182
11/14/2015,2913,1128,Oregon,4041
11/14/2015,19145,6437,Pennsylvania,25582
11/14/2015,1369,12193,Puerto Rico,13562
11/14/2015,2980,921,Rhode Island,3901
11/14/2015,5526,4539,South Carolina,10065
11/14/2015,1216,447,South Dakota,1663
11/14/2015,7732,3643,Tennessee,11375
11/14/2015,18860,7691,Texas,26551
11/14/2015,625,492,Vermont,1117
11/14/2015,113,291,Virgin Islands,404
11/14/2015,9729,2266,Virginia,11995
11/14/2015,4363,691,Washington,5054
11/14/2015,3802,775,West Virginia,4577
11/14/2015,7975,1564,Wisconsin,9539
11/14/2015,575,457,Wyoming,1032
11/11/2015,9030,1207,Arizona,10237
11/11/2015,1428,1270,Arkansas,2698
11/11/2015,34676,0,California,34676
11/11/2015,3393,3208,Colorado,6601
11/11/2015,4715,2317,Connecticut,7032
11/11/2015,1822,318,Delaware,2140
11/11/2015,925,186,Dist. of Columbia,1111
11/11/2015,33079,9877,Florida,42956
11/11/2015,10149,1177,Georgia,11326
11/11/2015,2454,641,Idaho,3095
11/11/2015,8390,1555,Illinois,9945
11/11/2015,6884,1727,Indiana,8611
11/11/2015,3846,1635,Iowa,5481
11/11/2015,3330,476,Kansas,3806
11/11/2015,6316,1013,Kentucky,7329
11/11/2015,6897,2078,Louisiana,8975
11/11/2015,1038,972,Maine,2010
11/11/2015,8066,1320,Maryland,9386
11/11/2015,8511,1116,Massachusetts,9627
11/11/2015,9428,1064,Michigan,10492
11/11/2015,5961,599,Minnesota,6560
11/11/2015,8494,699,Missouri,9193
11/11/2015,826,502,Montana,1328
11/11/2015,3204,709,Nebraska,3913
11/11/2015,2788,534,New Hampshire,3322
11/11/2015,14272,1787,New Jersey,16059
11/11/2015,2132,673,New Mexico,2805
11/11/2015,25650,2498,New York,28148
11/11/2015,9244,5082,North Carolina,14326
11/11/2015,599,708,North Dakota,1307
11/11/2015,7823,2641,Ohio,10464
11/11/2015,2214,2125,Oklahoma,4339
11/11/2015,2390,919,Oregon,3309
11/11/2015,15539,5197,Pennsylvania,20736
11/11/2015,1134,9260,Puerto Rico,10394
11/11/2015,2137,667,Rhode Island,2804
11/11/2015,4474,3686,South Carolina,8160
11/11/2015,1025,389,South Dakota,1414
11/11/2015,6155,2897,Tennessee,9052
11/11/2015,15683,6420,Texas,22103
11/11/2015,417,348,Vermont,765
11/11/2015,76,179,Virgin Islands,255
11/11/2015,7376,1790,Virginia,9166
11/11/2015,3646,630,Washington,4276
11/11/2015,3140,650,West Virginia,3790
11/11/2015,6392,1407,Wisconsin,7799
11/11/2015,461,401,Wyoming,862
11/7/2015,10870,1445,Arizona,12315
11/7/2015,1617,1557,Arkansas,3174
11/7/2015,41541,0,California,41541
11/7/2015,3639,3487,Colorado,7126
11/7/2015,5212,2613,Connecticut,7825
11/7/2015,2184,421,Delaware,2605
11/7/2015,1192,261,Dist. of Columbia,1453
11/7/2015,36751,10812,Florida,47563
11/7/2015,13238,1565,Georgia,14803
11/7/2015,2936,758,Idaho,3694
11/7/2015,9469,1759,Illinois,11228
11/7/2015,8968,2202,Indiana,11170
11/7/2015,4398,1815,Iowa,6213
11/7/2015,3930,537,Kansas,4467
11/7/2015,7780,1256,Kentucky,9036
11/7/2015,8091,2575,Louisiana,10666
11/7/2015,1100,1072,Maine,2172
11/7/2015,9431,1541,Maryland,10972
11/7/2015,10603,1360,Massachusetts,11963
11/7/2015,11854,1452,Michigan,13306
11/7/2015,6665,695,Minnesota,7360
11/7/2015,9952,903,Missouri,10855
11/7/2015,891,581,Montana,1472
11/7/2015,3902,852,Nebraska,4754
11/7/2015,3341,584,New Hampshire,3925
11/7/2015,16899,2167,New Jersey,19066
11/7/2015,2421,827,New Mexico,3248
11/7/2015,32076,3004,New York,35080
11/7/2015,10665,6114,North Carolina,16779
11/7/2015,584,709,North Dakota,1293
11/7/2015,9578,3221,Ohio,12799
11/7/2015,2557,2344,Oklahoma,4901
11/7/2015,2426,954,Oregon,3380
11/7/2015,17558,5920,Pennsylvania,23478
11/7/2015,1247,11501,Puerto Rico,12748
11/7/2015,2934,829,Rhode Island,3763
11/7/2015,5036,4478,South Carolina,9514
11/7/2015,1083,418,South Dakota,1501
11/7/2015,6820,3215,Tennessee,10035
11/7/2015,17721,7299,Texas,25020
11/7/2015,569,453,Vermont,1022
11/7/2015,105,254,Virgin Islands,359
11/7/2015,8765,2120,Virginia,10885
11/7/2015,3978,691,Washington,4669
11/7/2015,3643,729,West Virginia,4372
11/7/2015,7598,1576,Wisconsin,9174
11/7/2015,605,418,Wyoming,1023
11/4/2015,14327,1718,Arizona,16045
11/4/2015,2244,1760,Arkansas,4004
11/4/2015,65909,0,California,65909
11/4/2015,5819,4920,Colorado,10739
11/4/2015,7493,3340,Connecticut,10833
11/4/2015,2921,478,Delaware,3399
11/4/2015,1498,300,Dist. of Columbia,1798
11/4/2015,49786,14173,Florida,63959
11/4/2015,16698,1849,Georgia,18547
11/4/2015,3697,983,Idaho,4680
11/4/2015,13924,2297,Illinois,16221
11/4/2015,10700,2580,Indiana,13280
11/4/2015,6111,2193,Iowa,8304
11/4/2015,5407,706,Kansas,6113
11/4/2015,9530,1494,Kentucky,11024
11/4/2015,9663,2904,Louisiana,12567
11/4/2015,1440,1256,Maine,2696
11/4/2015,11478,1710,Maryland,13188
11/4/2015,16401,1829,Massachusetts,18230
11/4/2015,16011,1775,Michigan,17786
11/4/2015,10064,855,Minnesota,10919
11/4/2015,14664,1155,Missouri,15819
11/4/2015,1219,648,Montana,1867
11/4/2015,5327,1066,Nebraska,6393
11/4/2015,4331,685,New Hampshire,5016
11/4/2015,25250,2781,New Jersey,28031
11/4/2015,3621,1086,New Mexico,4707
11/4/2015,48831,3919,New York,52750
11/4/2015,13984,7827,North Carolina,21811
11/4/2015,902,1008,North Dakota,1910
11/4/2015,14029,3757,Ohio,17786
11/4/2015,3762,3235,Oklahoma,6997
11/4/2015,4960,1496,Oregon,6456
11/4/2015,28113,8328,Pennsylvania,36441
11/4/2015,1450,11612,Puerto Rico,13062
11/4/2015,3461,954,Rhode Island,4415
11/4/2015,6408,4968,South Carolina,11376
11/4/2015,1733,613,South Dakota,2346
11/4/2015,9410,4277,Tennessee,13687
11/4/2015,26942,9646,Texas,36588
11/4/2015,664,514,Vermont,1178
11/4/2015,121,244,Virgin Islands,365
11/4/2015,12170,2682,Virginia,14852
11/4/2015,7041,1092,Washington,8133
11/4/2015,4691,874,West Virginia,5565
11/4/2015,9930,1866,Wisconsin,11796
11/4/2015,667,512,Wyoming,1179
10/31/2015,15711,2125,Arizona,17836
10/31/2015,2482,2170,Arkansas,4652
10/31/2015,72995,0,California,72995
10/31/2015,6208,5545,Colorado,11753
10/31/2015,8102,3705,Connecticut,11807
10/31/2015,3250,598,Delaware,3848
10/31/2015,1714,377,Dist. of Columbia,2091
10/31/2015,58563,17076,Florida,75639
10/31/2015,20229,2444,Georgia,22673
10/31/2015,4222,1134,Idaho,5356
10/31/2015,14502,2619,Illinois,17121
10/31/2015,12945,3136,Indiana,16081
10/31/2015,6642,2564,Iowa,9206
10/31/2015,6225,817,Kansas,7042
10/31/2015,11216,1800,Kentucky,13016
10/31/2015,11068,3567,Louisiana,14635
10/31/2015,1627,1440,Maine,3067
10/31/2015,14055,2164,Maryland,16219
10/31/2015,16158,2103,Massachusetts,18261
10/31/2015,18266,2248,Michigan,20514
10/31/2015,10637,965,Minnesota,11602
10/31/2015,15379,1329,Missouri,16708
10/31/2015,1294,709,Montana,2003
10/31/2015,5839,1103,Nebraska,6942
10/31/2015,4660,825,New Hampshire,5485
10/31/2015,26560,3479,New Jersey,30039
10/31/2015,3779,1273,New Mexico,5052
10/31/2015,50162,4619,New York,54781
10/31/2015,17571,7186,North Carolina,24757
10/31/2015,953,998,North Dakota,1951
10/31/2015,14800,4544,Ohio,19344
10/31/2015,4110,3685,Oklahoma,7795
10/31/2015,5103,1573,Oregon,6676
10/31/2015,29741,9349,Pennsylvania,39090
10/31/2015,1886,16071,Puerto Rico,17957
10/31/2015,3900,1136,Rhode Island,5036
10/31/2015,7721,6177,South Carolina,13898
10/31/2015,1726,617,South Dakota,2343
10/31/2015,11042,5251,Tennessee,16293
10/31/2015,29347,11370,Texas,40717
10/31/2015,790,598,Vermont,1388
10/31/2015,148,364,Virgin Islands,512
10/31/2015,14615,3493,Virginia,18108
10/31/2015,7356,1190,Washington,8546
10/31/2015,5294,1083,West Virginia,6377
10/31/2015,10778,2173,Wisconsin,12951
10/31/2015,711,631,Wyoming,1342
10/28/2015,12011,1595,Arizona,13606
10/28/2015,1906,1601,Arkansas,3507
10/28/2015,58699,0,California,58699
10/28/2015,4896,4409,Colorado,9305
10/28/2015,6287,2799,Connecticut,9086
10/28/2015,2503,417,Delaware,2920
10/28/2015,1272,273,Dist. of Columbia,1545
10/28/2015,43395,12145,Florida,55540
10/28/2015,14892,1720,Georgia,16612
10/28/2015,3129,788,Idaho,3917
10/28/2015,12067,2009,Illinois,14076
10/28/2015,9475,2314,Indiana,11789
10/28/2015,5506,2042,Iowa,7548
10/28/2015,4699,594,Kansas,5293
10/28/2015,8285,1326,Kentucky,9611
10/28/2015,8788,2645,Louisiana,11433
10/28/2015,1152,1046,Maine,2198
10/28/2015,10830,1676,Maryland,12506
10/28/2015,12213,1600,Massachusetts,13813
10/28/2015,13768,1569,Michigan,15337
10/28/2015,8568,777,Minnesota,9345
10/28/2015,12081,1015,Missouri,13096
10/28/2015,1030,593,Montana,1623
10/28/2015,4615,887,Nebraska,5502
10/28/2015,3487,566,New Hampshire,4053
10/28/2015,21094,2664,New Jersey,23758
10/28/2015,2934,910,New Mexico,3844
10/28/2015,38206,3510,New York,41716
10/28/2015,12584,4989,North Carolina,17573
10/28/2015,804,869,North Dakota,1673
10/28/2015,11172,3238,Ohio,14410
10/28/2015,3148,2747,Oklahoma,5895
10/28/2015,3995,1188,Oregon,5183
10/28/2015,23394,6717,Pennsylvania,30111
10/28/2015,1313,10590,Puerto Rico,11903
10/28/2015,2831,877,Rhode Island,3708
10/28/2015,5833,4552,South Carolina,10385
10/28/2015,1417,518,South Dakota,1935
10/28/2015,8166,3786,Tennessee,11952
10/28/2015,22745,8714,Texas,31459
10/28/2015,568,435,Vermont,1003
10/28/2015,113,230,Virgin Islands,343
10/28/2015,10994,2550,Virginia,13544
10/28/2015,5818,889,Washington,6707
10/28/2015,4210,719,West Virginia,4929
10/28/2015,8855,1764,Wisconsin,10619
10/28/2015,625,484,Wyoming,1109
10/24/2015,12179,1432,Arizona,13611
10/24/2015,1881,1499,Arkansas,3380
10/24/2015,55255,0,California,55255
10/24/2015,5012,4586,Colorado,9598
10/24/2015,6404,2854,Connecticut,9258
10/24/2015,2662,438,Delaware,3100
10/24/2015,1290,270,Dist. of Columbia,1560
10/24/2015,44276,11621,Florida,55897
10/24/2015,15554,1608,Georgia,17162
10/24/2015,3026,792,Idaho,3818
10/24/2015,11996,1912,Illinois,13908
10/24/2015,10768,2441,Indiana,13209
10/24/2015,5310,2079,Iowa,7389
10/24/2015,4860,601,Kansas,5461
10/24/2015,8748,1313,Kentucky,10061
10/24/2015,9408,2623,Louisiana,12031
10/24/2015,1449,1216,Maine,2665
10/24/2015,11072,1510,Maryland,12582
10/24/2015,12167,1455,Massachusetts,13622
10/24/2015,14056,1532,Michigan,15588
10/24/2015,8974,717,Minnesota,9691
10/24/2015,12811,948,Missouri,13759
10/24/2015,998,604,Montana,1602
10/24/2015,4463,913,Nebraska,5376
10/24/2015,4076,639,New Hampshire,4715
10/24/2015,20980,2539,New Jersey,23519
10/24/2015,2898,850,New Mexico,3748
10/24/2015,40467,3319,New York,43786
10/24/2015,13146,4900,North Carolina,18046
10/24/2015,821,870,North Dakota,1691
10/24/2015,11440,3389,Ohio,14829
10/24/2015,3147,2665,Oklahoma,5812
10/24/2015,4174,1276,Oregon,5450
10/24/2015,24205,7182,Pennsylvania,31387
10/24/2015,1366,11038,Puerto Rico,12404
10/24/2015,2969,844,Rhode Island,3813
10/24/2015,6213,4508,South Carolina,10721
10/24/2015,1390,521,South Dakota,1911
10/24/2015,8373,3863,Tennessee,12236
10/24/2015,22089,8204,Texas,30293
10/24/2015,687,547,Vermont,1234
10/24/2015,109,246,Virgin Islands,355
10/24/2015,11073,2401,Virginia,13474
10/24/2015,5590,832,Washington,6422
10/24/2015,4383,762,West Virginia,5145
10/24/2015,8839,1611,Wisconsin,10450
10/24/2015,618,400,Wyoming,1018
10/21/2015,11381,1541,Arizona,12922
10/21/2015,1833,1459,Arkansas,3292
10/21/2015,48685,0,California,48685
10/21/2015,4611,4480,Colorado,9091
10/21/2015,5937,2926,Connecticut,8863
10/21/2015,2222,420,Delaware,2642
10/21/2015,1266,274,Dist. of Columbia,1540
10/21/2015,43704,12376,Florida,56080
10/21/2015,13685,1580,Georgia,15265
10/21/2015,3062,788,Idaho,3850
10/21/2015,10895,1962,Illinois,12857
10/21/2015,9039,2237,Indiana,11276
10/21/2015,5010,1924,Iowa,6934
10/21/2015,4347,605,Kansas,4952
10/21/2015,7704,1306,Kentucky,9010
10/21/2015,8282,2606,Louisiana,10888
10/21/2015,1206,1147,Maine,2353
10/21/2015,10264,1637,Maryland,11901
10/21/2015,10749,1494,Massachusetts,12243
10/21/2015,12576,1549,Michigan,14125
10/21/2015,7968,749,Minnesota,8717
10/21/2015,11253,974,Missouri,12227
10/21/2015,1072,602,Montana,1674
10/21/2015,4262,870,Nebraska,5132
10/21/2015,3406,675,New Hampshire,4081
10/21/2015,18152,2402,New Jersey,20554
10/21/2015,2473,889,New Mexico,3362
10/21/2015,33314,3197,New York,36511
10/21/2015,12337,5271,North Carolina,17608
10/21/2015,752,882,North Dakota,1634
10/21/2015,10036,3237,Ohio,13273
10/21/2015,2876,2651,Oklahoma,5527
10/21/2015,3622,1141,Oregon,4763
10/21/2015,20737,6657,Pennsylvania,27394
10/21/2015,1438,10603,Puerto Rico,12041
10/21/2015,2731,794,Rhode Island,3525
10/21/2015,5718,4494,South Carolina,10212
10/21/2015,1368,480,South Dakota,1848
10/21/2015,8154,4039,Tennessee,12193
10/21/2015,20722,8220,Texas,28942
10/21/2015,542,444,Vermont,986
10/21/2015,104,218,Virgin Islands,322
10/21/2015,10256,2487,Virginia,12743
10/21/2015,5168,971,Washington,6139
10/21/2015,3868,736,West Virginia,4604
10/21/2015,8063,1634,Wisconsin,9697
10/21/2015,623,457,Wyoming,1080
10/17/2015,10904,1381,Arizona,12285
10/17/2015,1706,1433,Arkansas,3139
10/17/2015,44308,0,California,44308
10/17/2015,4376,4265,Colorado,8641
10/17/2015,6011,2908,Connecticut,8919
10/17/2015,2356,441,Delaware,2797
10/17/2015,1211,267,Dist. of Columbia,1478
10/17/2015,44356,12222,Florida,56578
10/17/2015,13291,1458,Georgia,14749
10/17/2015,2844,745,Idaho,3589
10/17/2015,10255,1777,Illinois,12032
10/17/2015,9509,2408,Indiana,11917
10/17/2015,5080,1886,Iowa,6966
10/17/2015,4346,593,Kansas,4939
10/17/2015,8218,1278,Kentucky,9496
10/17/2015,8585,2614,Louisiana,11199
10/17/2015,1299,1177,Maine,2476
10/17/2015,9988,1545,Maryland,11533
10/17/2015,10661,1353,Massachusetts,12014
10/17/2015,12042,1444,Michigan,13486
10/17/2015,7735,701,Minnesota,8436
10/17/2015,11256,972,Missouri,12228
10/17/2015,1023,558,Montana,1581
10/17/2015,4119,835,Nebraska,4954
10/17/2015,3814,651,New Hampshire,4465
10/17/2015,17054,2141,New Jersey,19195
10/17/2015,2563,851,New Mexico,3414
10/17/2015,32283,2970,New York,35253
10/17/2015,12370,4984,North Carolina,17354
10/17/2015,683,761,North Dakota,1444
10/17/2015,9930,3240,Ohio,13170
10/17/2015,2838,2491,Oklahoma,5329
10/17/2015,3489,1185,Oregon,4674
10/17/2015,20303,6581,Pennsylvania,26884
10/17/2015,1647,12970,Puerto Rico,14617
10/17/2015,3036,873,Rhode Island,3909
10/17/2015,5777,4356,South Carolina,10133
10/17/2015,1217,439,South Dakota,1656
10/17/2015,7966,3865,Tennessee,11831
10/17/2015,20193,7902,Texas,28095
10/17/2015,612,668,Vermont,1280
10/17/2015,99,256,Virgin Islands,355
10/17/2015,10069,2271,Virginia,12340
10/17/2015,4711,670,Washington,5381
10/17/2015,3939,800,West Virginia,4739
10/17/2015,8293,1651,Wisconsin,9944
10/17/2015,505,460,Wyoming,965
10/14/2015,9501,1171,Arizona,10672
10/14/2015,1406,1239,Arkansas,2645
10/14/2015,41232,0,California,41232
10/14/2015,3588,3626,Colorado,7214
10/14/2015,5010,2352,Connecticut,7362
10/14/2015,1939,321,Delaware,2260
10/14/2015,1064,245,Dist. of Columbia,1309
10/14/2015,33631,9189,Florida,42820
10/14/2015,11176,1234,Georgia,12410
10/14/2015,2339,636,Idaho,2975
10/14/2015,10610,1907,Illinois,12517
10/14/2015,7327,1820,Indiana,9147
10/14/2015,4130,1682,Iowa,5812
10/14/2015,3697,496,Kansas,4193
10/14/2015,6824,1106,Kentucky,7930
10/14/2015,7268,2226,Louisiana,9494
10/14/2015,1083,989,Maine,2072
10/14/2015,8392,1297,Maryland,9689
10/14/2015,8935,1233,Massachusetts,10168
10/14/2015,10616,1325,Michigan,11941
10/14/2015,6617,610,Minnesota,7227
10/14/2015,9400,751,Missouri,10151
10/14/2015,928,482,Montana,1410
10/14/2015,3650,718,Nebraska,4368
10/14/2015,3097,523,New Hampshire,3620
10/14/2015,15904,2073,New Jersey,17977
10/14/2015,2185,720,New Mexico,2905
10/14/2015,29183,2833,New York,32016
10/14/2015,9687,3900,North Carolina,13587
10/14/2015,638,691,North Dakota,1329
10/14/2015,8704,2840,Ohio,11544
10/14/2015,2205,2006,Oklahoma,4211
10/14/2015,2873,1018,Oregon,3891
10/14/2015,16525,5240,Pennsylvania,21765
10/14/2015,1120,8800,Puerto Rico,9920
10/14/2015,2458,713,Rhode Island,3171
10/14/2015,4371,3523,South Carolina,7894
10/14/2015,1057,385,South Dakota,1442
10/14/2015,6245,2921,Tennessee,9166
10/14/2015,16556,6784,Texas,23340
10/14/2015,561,649,Vermont,1210
10/14/2015,90,190,Virgin Islands,280
10/14/2015,8480,2090,Virginia,10570
10/14/2015,4359,636,Washington,4995
10/14/2015,3349,598,West Virginia,3947
10/14/2015,7013,1433,Wisconsin,8446
10/14/2015,452,408,Wyoming,860
10/10/2015,9777,1235,Arizona,11012
10/10/2015,1475,1321,Arkansas,2796
10/10/2015,39510,0,California,39510
10/10/2015,3779,3710,Colorado,7489
10/10/2015,5209,2404,Connecticut,7613
10/10/2015,2009,346,Delaware,2355
10/10/2015,1129,215,Dist. of Columbia,1344
10/10/2015,36432,9919,Florida,46351
10/10/2015,12198,1341,Georgia,13539
10/10/2015,2308,629,Idaho,2937
10/10/2015,10929,1862,Illinois,12791
10/10/2015,8435,2032,Indiana,10467
10/10/2015,4265,1762,Iowa,6027
10/10/2015,4026,533,Kansas,4559
10/10/2015,7246,1167,Kentucky,8413
10/10/2015,7638,2233,Louisiana,9871
10/10/2015,1209,1133,Maine,2342
10/10/2015,9068,1378,Maryland,10446
10/10/2015,9173,1238,Massachusetts,10411
10/10/2015,11117,1310,Michigan,12427
10/10/2015,6794,632,Minnesota,7426
10/10/2015,10095,797,Missouri,10892
10/10/2015,883,517,Montana,1400
10/10/2015,3685,744,Nebraska,4429
10/10/2015,3346,620,New Hampshire,3966
10/10/2015,15206,2130,New Jersey,17336
10/10/2015,2329,734,New Mexico,3063
10/10/2015,30233,2743,New York,32976
10/10/2015,10368,4097,North Carolina,14465
10/10/2015,612,737,North Dakota,1349
10/10/2015,8866,2851,Ohio,11717
10/10/2015,2386,2168,Oklahoma,4554
10/10/2015,2835,956,Oregon,3791
10/10/2015,16981,5550,Pennsylvania,22531
10/10/2015,1353,10407,Puerto Rico,11760
10/10/2015,2797,713,Rhode Island,3510
10/10/2015,4757,3747,South Carolina,8504
10/10/2015,1139,446,South Dakota,1585
10/10/2015,6560,3073,Tennessee,9633
10/10/2015,17298,6929,Texas,24227
10/10/2015,523,436,Vermont,959
10/10/2015,93,199,Virgin Islands,292
10/10/2015,9083,2140,Virginia,11223
10/10/2015,4120,721,Washington,4841
10/10/2015,3402,695,West Virginia,4097
10/10/2015,7519,1418,Wisconsin,8937
10/10/2015,432,391,Wyoming,823
10/7/2015,9082,1237,Arizona,10319
10/7/2015,1422,1253,Arkansas,2675
10/7/2015,39017,0,California,39017
10/7/2015,3612,3313,Colorado,6925
10/7/2015,4938,2425,Connecticut,7363
10/7/2015,1892,299,Delaware,2191
10/7/2015,1111,224,Dist. of Columbia,1335
10/7/2015,34091,9906,Florida,43997
10/7/2015,11149,1414,Georgia,12563
10/7/2015,2175,575,Idaho,2750
10/7/2015,10822,1977,Illinois,12799
10/7/2015,7235,1797,Indiana,9032
10/7/2015,4020,1663,Iowa,5683
10/7/2015,3639,465,Kansas,4104
10/7/2015,6702,1098,Kentucky,7800
10/7/2015,7197,2277,Louisiana,9474
10/7/2015,1016,923,Maine,1939
10/7/2015,8564,1314,Maryland,9878
10/7/2015,9148,1204,Massachusetts,10352
10/7/2015,10090,1246,Michigan,11336
10/7/2015,6502,629,Minnesota,7131
10/7/2015,9344,781,Missouri,10125
10/7/2015,856,493,Montana,1349
10/7/2015,3655,741,Nebraska,4396
10/7/2015,2897,521,New Hampshire,3418
10/7/2015,15832,2010,New Jersey,17842
10/7/2015,2166,708,New Mexico,2874
10/7/2015,28896,2715,New York,31611
10/7/2015,10297,4168,North Carolina,14465
10/7/2015,596,692,North Dakota,1288
10/7/2015,8296,2621,Ohio,10917
10/7/2015,2259,2174,Oklahoma,4433
10/7/2015,2754,952,Oregon,3706
10/7/2015,16220,5346,Pennsylvania,21566
10/7/2015,1239,8410,Puerto Rico,9649
10/7/2015,2917,745,Rhode Island,3662
10/7/2015,4420,3579,South Carolina,7999
10/7/2015,1084,407,South Dakota,1491
10/7/2015,6231,3194,Tennessee,9425
10/7/2015,16018,6432,Texas,22450
10/7/2015,475,379,Vermont,854
10/7/2015,106,236,Virgin Islands,342
10/7/2015,8493,1966,Virginia,10459
10/7/2015,4174,694,Washington,4868
10/7/2015,3312,660,West Virginia,3972
10/7/2015,6803,1441,Wisconsin,8244
10/7/2015,422,410,Wyoming,832
10/3/2015,9453,1262,Arizona,10715
10/3/2015,1387,1143,Arkansas,2530
10/3/2015,38001,0,California,38001
10/3/2015,3211,3133,Colorado,6344
10/3/2015,4378,2183,Connecticut,6561
10/3/2015,1816,317,Delaware,2133
10/3/2015,981,168,Dist. of Columbia,1149
10/3/2015,32412,9310,Florida,41722
10/3/2015,10735,1368,Georgia,12103
10/3/2015,2726,722,Idaho,3448
10/3/2015,9499,1746,Illinois,11245
10/3/2015,7078,1663,Indiana,8741
10/3/2015,3451,1316,Iowa,4767
10/3/2015,3280,447,Kansas,3727
10/3/2015,6228,963,Kentucky,7191
10/3/2015,6868,2026,Louisiana,8894
10/3/2015,990,971,Maine,1961
10/3/2015,7886,1157,Maryland,9043
10/3/2015,7596,977,Massachusetts,8573
10/3/2015,9014,1164,Michigan,10178
10/3/2015,5764,500,Minnesota,6264
10/3/2015,8148,708,Missouri,8856
10/3/2015,845,457,Montana,1302
10/3/2015,3245,588,Nebraska,3833
10/3/2015,2771,517,New Hampshire,3288
10/3/2015,13146,1800,New Jersey,14946
10/3/2015,2075,654,New Mexico,2729
10/3/2015,25144,2408,New York,27552
10/3/2015,10013,3745,North Carolina,13758
10/3/2015,542,594,North Dakota,1136
10/3/2015,7569,2434,Ohio,10003
10/3/2015,2098,2005,Oklahoma,4103
10/3/2015,2418,828,Oregon,3246
10/3/2015,15088,4930,Pennsylvania,20018
10/3/2015,1301,8729,Puerto Rico,10030
10/3/2015,2232,642,Rhode Island,2874
10/3/2015,4360,3440,South Carolina,7800
10/3/2015,954,384,South Dakota,1338
10/3/2015,6541,2963,Tennessee,9504
10/3/2015,15310,6103,Texas,21413
10/3/2015,501,399,Vermont,900
10/3/2015,98,205,Virgin Islands,303
10/3/2015,7749,1811,Virginia,9560
10/3/2015,3446,590,Washington,4036
10/3/2015,2885,574,West Virginia,3459
10/3/2015,6437,1241,Wisconsin,7678
10/3/2015,559,370,Wyoming,929
9/30/2015,37688,2985,Arizona,40673
9/30/2015,4770,3314,Arkansas,8084
9/30/2015,172353,0,California,172353
9/30/2015,13230,8461,Colorado,21691
9/30/2015,20408,6593,Connecticut,27001
9/30/2015,7250,803,Delaware,8053
9/30/2015,2676,378,Dist. of Columbia,3054
9/30/2015,112523,25216,Florida,137739
9/30/2015,41539,3330,Georgia,44869
9/30/2015,7191,1549,Idaho,8740
9/30/2015,45775,5265,Illinois,51040
9/30/2015,27350,4570,Indiana,31920
9/30/2015,13324,3820,Iowa,17144
9/30/2015,10661,1098,Kansas,11759
9/30/2015,18892,2137,Kentucky,21029
9/30/2015,18555,3744,Louisiana,22299
9/30/2015,2461,1685,Maine,4146
9/30/2015,35503,3251,Maryland,38754
9/30/2015,49427,3247,Massachusetts,52674
9/30/2015,41536,2893,Michigan,44429
9/30/2015,23693,1317,Minnesota,25010
9/30/2015,33333,1792,Missouri,35125
9/30/2015,1976,849,Montana,2825
9/30/2015,10791,1378,Nebraska,12169
9/30/2015,10418,1199,New Hampshire,11617
9/30/2015,73129,5266,New Jersey,78395
9/30/2015,6671,1644,New Mexico,8315
9/30/2015,130921,6504,New York,137425
9/30/2015,39773,10750,North Carolina,50523
9/30/2015,2452,2125,North Dakota,4577
9/30/2015,38252,6812,Ohio,45064
9/30/2015,8365,5702,Oklahoma,14067
9/30/2015,11849,2359,Oregon,14208
9/30/2015,75330,16536,Pennsylvania,91866
9/30/2015,2110,12655,Puerto Rico,14765
9/30/2015,8179,1746,Rhode Island,9925
9/30/2015,14172,8366,South Carolina,22538
9/30/2015,2953,725,South Dakota,3678
9/30/2015,23588,8391,Tennessee,31979
9/30/2015,86626,22612,Texas,109238
9/30/2015,1314,791,Vermont,2105
9/30/2015,185,372,Virgin Islands,557
9/30/2015,29610,4763,Virginia,34373
9/30/2015,15544,1771,Washington,17315
9/30/2015,10013,1429,West Virginia,11442
9/30/2015,23519,2974,Wisconsin,26493
9/30/2015,1178,626,Wyoming,1804
9/26/2015,22694,2170,Arizona,24864
9/26/2015,3127,2244,Arkansas,5371
9/26/2015,120023,0,California,120023
9/26/2015,9691,6442,Colorado,16133
9/26/2015,11959,4321,Connecticut,16280
9/26/2015,4831,688,Delaware,5519
9/26/2015,1864,340,Dist. of Columbia,2204
9/26/2015,71873,17555,Florida,89428
9/26/2015,26888,2438,Georgia,29326
9/26/2015,5536,1155,Idaho,6691
9/26/2015,26927,3618,Illinois,30545
9/26/2015,17799,3307,Indiana,21106
9/26/2015,9434,2847,Iowa,12281
9/26/2015,7830,849,Kansas,8679
9/26/2015,14090,1868,Kentucky,15958
9/26/2015,14246,3506,Louisiana,17752
9/26/2015,2362,1664,Maine,4026
9/26/2015,21521,2572,Maryland,24093
9/26/2015,30586,2650,Massachusetts,33236
9/26/2015,29217,2464,Michigan,31681
9/26/2015,15387,1031,Minnesota,16418
9/26/2015,23419,1427,Missouri,24846
9/26/2015,1451,700,Montana,2151
9/26/2015,8238,1208,Nebraska,9446
9/26/2015,7647,1019,New Hampshire,8666
9/26/2015,44508,3870,New Jersey,48378
9/26/2015,4621,1228,New Mexico,5849
9/26/2015,74353,4882,New York,79235
9/26/2015,27433,8472,North Carolina,35905
9/26/2015,1674,1487,North Dakota,3161
9/26/2015,25260,5296,Ohio,30556
9/26/2015,5395,3822,Oklahoma,9217
9/26/2015,9143,2002,Oregon,11145
9/26/2015,50767,12398,Pennsylvania,63165
9/26/2015,1989,13013,Puerto Rico,15002
9/26/2015,5860,1406,Rhode Island,7266
9/26/2015,10351,6639,South Carolina,16990
9/26/2015,2208,570,South Dakota,2778
9/26/2015,14774,5544,Tennessee,20318
9/26/2015,43153,13442,Texas,56595
9/26/2015,1158,676,Vermont,1834
9/26/2015,146,314,Virgin Islands,460
9/26/2015,20951,3749,Virginia,24700
9/26/2015,11544,1365,Washington,12909
9/26/2015,6901,1104,West Virginia,8005
9/26/2015,16392,2379,Wisconsin,18771
9/26/2015,929,580,Wyoming,1509
9/23/2015,19401,1866,Arizona,21267
9/23/2015,2826,1958,Arkansas,4784
9/23/2015,113175,0,California,113175
9/23/2015,8597,5726,Colorado,14323
9/23/2015,10497,3994,Connecticut,14491
9/23/2015,4315,558,Delaware,4873
9/23/2015,1787,319,Dist. of Columbia,2106
9/23/2015,61243,15097,Florida,76340
9/23/2015,23802,2123,Georgia,25925
9/23/2015,4911,1056,Idaho,5967
9/23/2015,24655,3426,Illinois,28081
9/23/2015,15207,2814,Indiana,18021
9/23/2015,8194,2571,Iowa,10765
9/23/2015,7024,728,Kansas,7752
9/23/2015,12083,1518,Kentucky,13601
9/23/2015,12432,2949,Louisiana,15381
9/23/2015,1888,1409,Maine,3297
9/23/2015,17903,2178,Maryland,20081
9/23/2015,26241,2392,Massachusetts,28633
9/23/2015,25478,2227,Michigan,27705
9/23/2015,13711,958,Minnesota,14669
9/23/2015,20644,1334,Missouri,21978
9/23/2015,1394,662,Montana,2056
9/23/2015,7197,1090,Nebraska,8287
9/23/2015,6178,800,New Hampshire,6978
9/23/2015,40580,3614,New Jersey,44194
9/23/2015,4184,1084,New Mexico,5268
9/23/2015,67235,4384,New York,71619
9/23/2015,24161,7343,North Carolina,31504
9/23/2015,1536,1506,North Dakota,3042
9/23/2015,22235,4707,Ohio,26942
9/23/2015,4903,3423,Oklahoma,8326
9/23/2015,8111,1760,Oregon,9871
9/23/2015,45330,11017,Pennsylvania,56347
9/23/2015,1798,10991,Puerto Rico,12789
9/23/2015,4683,1178,Rhode Island,5861
9/23/2015,9087,5670,South Carolina,14757
9/23/2015,2073,604,South Dakota,2677
9/23/2015,13157,4939,Tennessee,18096
9/23/2015,38840,12206,Texas,51046
9/23/2015,912,606,Vermont,1518
9/23/2015,140,330,Virgin Islands,470
9/23/2015,18580,3404,Virginia,21984
9/23/2015,10546,1315,Washington,11861
9/23/2015,6294,1073,West Virginia,7367
9/23/2015,14296,2117,Wisconsin,16413
9/23/2015,1014,561,Wyoming,1575
9/19/2015,15738,1622,Arizona,17360
9/19/2015,2402,1636,Arkansas,4038
9/19/2015,90492,0,California,90492
9/19/2015,7385,5097,Colorado,12482
9/19/2015,8621,3431,Connecticut,12052
9/19/2015,3621,485,Delaware,4106
9/19/2015,1494,257,Dist. of Columbia,1751
9/19/2015,53444,13629,Florida,67073
9/19/2015,19430,1922,Georgia,21352
9/19/2015,4398,1002,Idaho,5400
9/19/2015,20031,2795,Illinois,22826
9/19/2015,13616,2610,Indiana,16226
9/19/2015,6630,2117,Iowa,8747
9/19/2015,6159,696,Kansas,6855
9/19/2015,11296,1512,Kentucky,12808
9/19/2015,10817,2806,Louisiana,13623
9/19/2015,1740,1311,Maine,3051
9/19/2015,15116,1871,Maryland,16987
9/19/2015,20360,1871,Massachusetts,22231
9/19/2015,20413,1851,Michigan,22264
9/19/2015,11715,798,Minnesota,12513
9/19/2015,18530,1191,Missouri,19721
9/19/2015,1224,563,Montana,1787
9/19/2015,5874,964,Nebraska,6838
9/19/2015,5271,713,New Hampshire,5984
9/19/2015,30798,2939,New Jersey,33737
9/19/2015,3698,1022,New Mexico,4720
9/19/2015,54295,3656,New York,57951
9/19/2015,19639,6238,North Carolina,25877
9/19/2015,1259,1108,North Dakota,2367
9/19/2015,17349,3977,Ohio,21326
9/19/2015,4305,3185,Oklahoma,7490
9/19/2015,6915,1592,Oregon,8507
9/19/2015,36437,9364,Pennsylvania,45801
9/19/2015,2035,12213,Puerto Rico,14248
9/19/2015,4230,1069,Rhode Island,5299
9/19/2015,7623,5037,South Carolina,12660
9/19/2015,1633,519,South Dakota,2152
9/19/2015,10928,4351,Tennessee,15279
9/19/2015,32282,10713,Texas,42995
9/19/2015,840,510,Vermont,1350
9/19/2015,88,192,Virgin Islands,280
9/19/2015,14475,2678,Virginia,17153
9/19/2015,8926,1144,Washington,10070
9/19/2015,5366,915,West Virginia,6281
9/19/2015,13134,2004,Wisconsin,15138
9/19/2015,788,449,Wyoming,1237
9/16/2015,14634,1712,Arizona,16346
9/16/2015,2298,1772,Arkansas,4070
9/16/2015,83585,0,California,83585
9/16/2015,6700,4770,Colorado,11470
9/16/2015,8236,3458,Connecticut,11694
9/16/2015,3283,524,Delaware,3807
9/16/2015,1641,287,Dist. of Columbia,1928
9/16/2015,49602,14071,Florida,63673
9/16/2015,18254,2213,Georgia,20467
9/16/2015,4271,1046,Idaho,5317
9/16/2015,19452,3197,Illinois,22649
9/16/2015,11222,2434,Indiana,13656
9/16/2015,6131,2178,Iowa,8309
9/16/2015,5744,719,Kansas,6463
9/16/2015,9786,1470,Kentucky,11256
9/16/2015,10058,2813,Louisiana,12871
9/16/2015,1568,1239,Maine,2807
9/16/2015,13842,2046,Maryland,15888
9/16/2015,18984,2099,Massachusetts,21083
9/16/2015,17725,1983,Michigan,19708
9/16/2015,10676,811,Minnesota,11487
9/16/2015,15689,1184,Missouri,16873
9/16/2015,1335,608,Montana,1943
9/16/2015,5479,889,Nebraska,6368
9/16/2015,4294,753,New Hampshire,5047
9/16/2015,29268,3066,New Jersey,32334
9/16/2015,3437,1102,New Mexico,4539
9/16/2015,50731,4011,New York,54742
9/16/2015,18713,6457,North Carolina,25170
9/16/2015,1080,1112,North Dakota,2192
9/16/2015,15897,4082,Ohio,19979
9/16/2015,4005,3342,Oklahoma,7347
9/16/2015,5884,1523,Oregon,7407
9/16/2015,32486,9049,Pennsylvania,41535
9/16/2015,2540,15494,Puerto Rico,18034
9/16/2015,3699,1018,Rhode Island,4717
9/16/2015,7419,5211,South Carolina,12630
9/16/2015,1657,510,South Dakota,2167
9/16/2015,10237,4382,Tennessee,14619
9/16/2015,30310,11030,Texas,41340
9/16/2015,800,489,Vermont,1289
9/16/2015,155,241,Virgin Islands,396
9/16/2015,14238,2882,Virginia,17120
9/16/2015,8359,1168,Washington,9527
9/16/2015,4972,889,West Virginia,5861
9/16/2015,10664,1884,Wisconsin,12548
9/16/2015,881,520,Wyoming,1401
9/12/2015,12381,1427,Arizona,13808
9/12/2015,1858,1302,Arkansas,3160
9/12/2015,59684,0,California,59684
9/12/2015,5404,4271,Colorado,9675
9/12/2015,7057,2911,Connecticut,9968
9/12/2015,2808,424,Delaware,3232
9/12/2015,1222,203,Dist. of Columbia,1425
9/12/2015,43017,11402,Florida,54419
9/12/2015,14747,1609,Georgia,16356
9/12/2015,3365,778,Idaho,4143
9/12/2015,15326,2311,Illinois,17637
9/12/2015,10875,2139,Indiana,13014
9/12/2015,5450,1798,Iowa,7248
9/12/2015,4819,595,Kansas,5414
9/12/2015,8941,1198,Kentucky,10139
9/12/2015,9138,2417,Louisiana,11555
9/12/2015,1466,1156,Maine,2622
9/12/2015,11232,1603,Maryland,12835
9/12/2015,14737,1473,Massachusetts,16210
9/12/2015,14531,1531,Michigan,16062
9/12/2015,9172,706,Minnesota,9878
9/12/2015,13095,1002,Missouri,14097
9/12/2015,993,560,Montana,1553
9/12/2015,4697,798,Nebraska,5495
9/12/2015,3953,600,New Hampshire,4553
9/12/2015,22009,2378,New Jersey,24387
9/12/2015,2963,819,New Mexico,3782
9/12/2015,39409,2945,New York,42354
9/12/2015,14116,5008,North Carolina,19124
9/12/2015,875,899,North Dakota,1774
9/12/2015,12579,3138,Ohio,15717
9/12/2015,3289,2556,Oklahoma,5845
9/12/2015,4939,1265,Oregon,6204
9/12/2015,26947,7546,Pennsylvania,34493
9/12/2015,2063,13047,Puerto Rico,15110
9/12/2015,3198,876,Rhode Island,4074
9/12/2015,6218,4194,South Carolina,10412
9/12/2015,1432,406,South Dakota,1838
9/12/2015,8542,3614,Tennessee,12156
9/12/2015,24344,8575,Texas,32919
9/12/2015,618,425,Vermont,1043
9/12/2015,110,207,Virgin Islands,317
9/12/2015,11174,2168,Virginia,13342
9/12/2015,6243,847,Washington,7090
9/12/2015,4167,714,West Virginia,4881
9/12/2015,9393,1611,Wisconsin,11004
9/12/2015,751,423,Wyoming,1174
9/9/2015,10841,1288,Arizona,12129
9/9/2015,1700,1230,Arkansas,2930
9/9/2015,53022,0,California,53022
9/9/2015,4994,3693,Colorado,8687
9/9/2015,6079,2474,Connecticut,8553
9/9/2015,2252,340,Delaware,2592
9/9/2015,1164,213,Dist. of Columbia,1377
9/9/2015,37273,10048,Florida,47321
9/9/2015,13904,1614,Georgia,15518
9/9/2015,3294,719,Idaho,4013
9/9/2015,14904,2435,Illinois,17339
9/9/2015,8519,1795,Indiana,10314
9/9/2015,4590,1566,Iowa,6156
9/9/2015,4204,499,Kansas,4703
9/9/2015,7299,1084,Kentucky,8383
9/9/2015,8175,2352,Louisiana,10527
9/9/2015,1167,916,Maine,2083
9/9/2015,9681,1428,Maryland,11109
9/9/2015,13059,1450,Massachusetts,14509
9/9/2015,12286,1474,Michigan,13760
9/9/2015,8328,647,Minnesota,8975
9/9/2015,11821,844,Missouri,12665
9/9/2015,949,509,Montana,1458
9/9/2015,4116,717,Nebraska,4833
9/9/2015,3222,475,New Hampshire,3697
9/9/2015,20475,2266,New Jersey,22741
9/9/2015,2637,800,New Mexico,3437
9/9/2015,36696,2924,New York,39620
9/9/2015,12286,4541,North Carolina,16827
9/9/2015,787,781,North Dakota,1568
9/9/2015,11177,3007,Ohio,14184
9/9/2015,2984,2341,Oklahoma,5325
9/9/2015,4321,1160,Oregon,5481
9/9/2015,22809,6487,Pennsylvania,29296
9/9/2015,1510,9221,Puerto Rico,10731
9/9/2015,2631,796,Rhode Island,3427
9/9/2015,5438,3674,South Carolina,9112
9/9/2015,1323,369,South Dakota,1692
9/9/2015,7595,3168,Tennessee,10763
9/9/2015,20980,7669,Texas,28649
9/9/2015,586,351,Vermont,937
9/9/2015,78,182,Virgin Islands,260
9/9/2015,10254,1953,Virginia,12207
9/9/2015,6045,872,Washington,6917
9/9/2015,3469,672,West Virginia,4141
9/9/2015,8095,1400,Wisconsin,9495
9/9/2015,738,444,Wyoming,1182
9/5/2015,11424,1311,Arizona,12735
9/5/2015,1924,1467,Arkansas,3391
9/5/2015,49915,0,California,49915
9/5/2015,5197,4214,Colorado,9411
9/5/2015,6500,2692,Connecticut,9192
9/5/2015,2659,434,Delaware,3093
9/5/2015,1153,205,Dist. of Columbia,1358
9/5/2015,42299,11560,Florida,53859
9/5/2015,13927,1545,Georgia,15472
9/5/2015,3166,734,Idaho,3900
9/5/2015,14460,2316,Illinois,16776
9/5/2015,10140,2229,Indiana,12369
9/5/2015,4928,1907,Iowa,6835
9/5/2015,4489,587,Kansas,5076
9/5/2015,7880,1156,Kentucky,9036
9/5/2015,8989,2469,Louisiana,11458
9/5/2015,1399,1146,Maine,2545
9/5/2015,10665,1577,Maryland,12242
9/5/2015,12048,1457,Massachusetts,13505
9/5/2015,12478,1424,Michigan,13902
9/5/2015,8660,713,Minnesota,9373
9/5/2015,12657,973,Missouri,13630
9/5/2015,987,546,Montana,1533
9/5/2015,4292,730,Nebraska,5022
9/5/2015,3687,613,New Hampshire,4300
9/5/2015,19596,2296,New Jersey,21892
9/5/2015,2743,843,New Mexico,3586
9/5/2015,34911,2854,New York,37765
9/5/2015,13598,5186,North Carolina,18784
9/5/2015,733,640,North Dakota,1373
9/5/2015,11334,3116,Ohio,14450
9/5/2015,3186,2635,Oklahoma,5821
9/5/2015,4235,1156,Oregon,5391
9/5/2015,24627,7151,Pennsylvania,31778
9/5/2015,2131,12349,Puerto Rico,14480
9/5/2015,2867,818,Rhode Island,3685
9/5/2015,6017,4372,South Carolina,10389
9/5/2015,1342,424,South Dakota,1766
9/5/2015,8554,3667,Tennessee,12221
9/5/2015,22375,8226,Texas,30601
9/5/2015,653,455,Vermont,1108
9/5/2015,76,224,Virgin Islands,300
9/5/2015,10883,2203,Virginia,13086
9/5/2015,5785,805,Washington,6590
9/5/2015,3745,739,West Virginia,4484
9/5/2015,9095,1571,Wisconsin,10666
9/5/2015,743,408,Wyoming,1151
9/2/2015,9678,1062,Arizona,10740
9/2/2015,1514,1168,Arkansas,2682
9/2/2015,46860,0,California,46860
9/2/2015,4478,3572,Colorado,8050
9/2/2015,5323,2254,Connecticut,7577
9/2/2015,2079,391,Delaware,2470
9/2/2015,1013,190,Dist. of Columbia,1203
9/2/2015,30899,8583,Florida,39482
9/2/2015,11657,1304,Georgia,12961
9/2/2015,2818,655,Idaho,3473
9/2/2015,13497,2333,Illinois,15830
9/2/2015,7578,1740,Indiana,9318
9/2/2015,4206,1485,Iowa,5691
9/2/2015,3696,457,Kansas,4153
9/2/2015,6589,979,Kentucky,7568
9/2/2015,7277,2001,Louisiana,9278
9/2/2015,1048,879,Maine,1927
9/2/2015,8696,1149,Maryland,9845
9/2/2015,9610,1076,Massachusetts,10686
9/2/2015,10592,1138,Michigan,11730
9/2/2015,7292,547,Minnesota,7839
9/2/2015,10447,757,Missouri,11204
9/2/2015,908,462,Montana,1370
9/2/2015,3686,622,Nebraska,4308
9/2/2015,2862,452,New Hampshire,3314
9/2/2015,17584,1942,New Jersey,19526
9/2/2015,2368,722,New Mexico,3090
9/2/2015,31663,2426,New York,34089
9/2/2015,10334,3875,North Carolina,14209
9/2/2015,597,612,North Dakota,1209
9/2/2015,9355,2549,Ohio,11904
9/2/2015,2717,2109,Oklahoma,4826
9/2/2015,3699,987,Oregon,4686
9/2/2015,20097,5795,Pennsylvania,25892
9/2/2015,1493,8961,Puerto Rico,10454
9/2/2015,2135,579,Rhode Island,2714
9/2/2015,4770,3368,South Carolina,8138
9/2/2015,1134,339,South Dakota,1473
9/2/2015,6565,2795,Tennessee,9360
9/2/2015,18417,6635,Texas,25052
9/2/2015,460,347,Vermont,807
9/2/2015,72,173,Virgin Islands,245
9/2/2015,8699,1718,Virginia,10417
9/2/2015,5332,738,Washington,6070
9/2/2015,3015,549,West Virginia,3564
9/2/2015,7333,1205,Wisconsin,8538
9/2/2015,665,377,Wyoming,1042
8/29/2015,10210,1168,Arizona,11378
8/29/2015,1617,1257,Arkansas,2874
8/29/2015,43512,0,California,43512
8/29/2015,4650,3536,Colorado,8186
8/29/2015,5617,2350,Connecticut,7967
8/29/2015,2199,377,Delaware,2576
8/29/2015,979,186,Dist. of Columbia,1165
8/29/2015,35353,9432,Florida,44785
8/29/2015,12458,1362,Georgia,13820
8/29/2015,2964,640,Idaho,3604
8/29/2015,13884,2356,Illinois,16240
8/29/2015,9010,1985,Indiana,10995
8/29/2015,4479,1660,Iowa,6139
8/29/2015,3941,432,Kansas,4373
8/29/2015,7368,1027,Kentucky,8395
8/29/2015,7933,2202,Louisiana,10135
8/29/2015,1218,1031,Maine,2249
8/29/2015,9270,1283,Maryland,10553
8/29/2015,9916,1148,Massachusetts,11064
8/29/2015,11103,1224,Michigan,12327
8/29/2015,7508,564,Minnesota,8072
8/29/2015,10839,812,Missouri,11651
8/29/2015,914,456,Montana,1370
8/29/2015,3792,641,Nebraska,4433
8/29/2015,3090,491,New Hampshire,3581
8/29/2015,17316,2011,New Jersey,19327
8/29/2015,2567,781,New Mexico,3348
8/29/2015,31587,2457,New York,34044
8/29/2015,11046,4273,North Carolina,15319
8/29/2015,631,606,North Dakota,1237
8/29/2015,9486,2537,Ohio,12023
8/29/2015,2662,2192,Oklahoma,4854
8/29/2015,3593,906,Oregon,4499
8/29/2015,21172,6281,Pennsylvania,27453
8/29/2015,1479,8815,Puerto Rico,10294
8/29/2015,2409,647,Rhode Island,3056
8/29/2015,5317,3836,South Carolina,9153
8/29/2015,1129,337,South Dakota,1466
8/29/2015,7276,3262,Tennessee,10538
8/29/2015,18684,6993,Texas,25677
8/29/2015,517,394,Vermont,911
8/29/2015,75,146,Virgin Islands,221
8/29/2015,9401,1954,Virginia,11355
8/29/2015,5116,694,Washington,5810
8/29/2015,3398,595,West Virginia,3993
8/29/2015,7769,1406,Wisconsin,9175
8/29/2015,628,377,Wyoming,1005
8/26/2015,9571,1290,Arizona,10861
8/26/2015,1586,1198,Arkansas,2784
8/26/2015,47371,0,California,47371
8/26/2015,4578,3468,Colorado,8046
8/26/2015,5359,2259,Connecticut,7618
8/26/2015,2087,349,Delaware,2436
8/26/2015,1121,206,Dist. of Columbia,1327
8/26/2015,33033,9231,Florida,42264
8/26/2015,11734,1328,Georgia,13062
8/26/2015,2879,697,Idaho,3576
8/26/2015,14445,2376,Illinois,16821
8/26/2015,8024,1774,Indiana,9798
8/26/2015,4187,1516,Iowa,5703
8/26/2015,3987,508,Kansas,4495
8/26/2015,6519,982,Kentucky,7501
8/26/2015,7541,2128,Louisiana,9669
8/26/2015,1112,894,Maine,2006
8/26/2015,8935,1279,Maryland,10214
8/26/2015,9354,1192,Massachusetts,10546
8/26/2015,11234,1358,Michigan,12592
8/26/2015,7290,618,Minnesota,7908
8/26/2015,10689,863,Missouri,11552
8/26/2015,959,477,Montana,1436
8/26/2015,3716,627,Nebraska,4343
8/26/2015,2902,469,New Hampshire,3371
8/26/2015,17104,1992,New Jersey,19096
8/26/2015,2373,707,New Mexico,3080
8/26/2015,31114,2504,New York,33618
8/26/2015,11007,4276,North Carolina,15283
8/26/2015,710,616,North Dakota,1326
8/26/2015,9092,2491,Ohio,11583
8/26/2015,2615,2203,Oklahoma,4818
8/26/2015,3576,995,Oregon,4571
8/26/2015,19327,5881,Pennsylvania,25208
8/26/2015,1499,8159,Puerto Rico,9658
8/26/2015,2204,610,Rhode Island,2814
8/26/2015,4866,3576,South Carolina,8442
8/26/2015,1201,375,South Dakota,1576
8/26/2015,7117,3161,Tennessee,10278
8/26/2015,18442,6891,Texas,25333
8/26/2015,516,347,Vermont,863
8/26/2015,104,193,Virgin Islands,297
8/26/2015,9368,1952,Virginia,11320
8/26/2015,5349,826,Washington,6175
8/26/2015,3326,595,West Virginia,3921
8/26/2015,7457,1248,Wisconsin,8705
8/26/2015,717,416,Wyoming,1133
8/22/2015,10651,1536,Arizona,12187
8/22/2015,1668,1442,Arkansas,3110
8/22/2015,44943,0,California,44943
8/22/2015,4384,3725,Colorado,8109
8/22/2015,5669,2542,Connecticut,8211
8/22/2015,2219,400,Delaware,2619
8/22/2015,1142,259,Dist. of Columbia,1401
8/22/2015,37279,11042,Florida,48321
8/22/2015,13811,1659,Georgia,15470
8/22/2015,3131,844,Idaho,3975
8/22/2015,13987,2578,Illinois,16565
8/22/2015,8798,2073,Indiana,10871
8/22/2015,4393,1766,Iowa,6159
8/22/2015,4197,590,Kansas,4787
8/22/2015,7643,1173,Kentucky,8816
8/22/2015,8165,2539,Louisiana,10704
8/22/2015,1319,1139,Maine,2458
8/22/2015,9933,1574,Maryland,11507
8/22/2015,10225,1473,Massachusetts,11698
8/22/2015,11239,1540,Michigan,12779
8/22/2015,7498,707,Minnesota,8205
8/22/2015,10757,924,Missouri,11681
8/22/2015,1119,550,Montana,1669
8/22/2015,4023,733,Nebraska,4756
8/22/2015,3223,623,New Hampshire,3846
8/22/2015,16615,2305,New Jersey,18920
8/22/2015,2590,874,New Mexico,3464
8/22/2015,31410,2770,New York,34180
8/22/2015,12244,4894,North Carolina,17138
8/22/2015,635,654,North Dakota,1289
8/22/2015,9541,3122,Ohio,12663
8/22/2015,2749,2574,Oklahoma,5323
8/22/2015,3117,995,Oregon,4112
8/22/2015,19571,6456,Pennsylvania,26027
8/22/2015,1740,10530,Puerto Rico,12270
8/22/2015,2531,745,Rhode Island,3276
8/22/2015,5544,4373,South Carolina,9917
8/22/2015,1131,378,South Dakota,1509
8/22/2015,7750,3745,Tennessee,11495
8/22/2015,18802,7608,Texas,26410
8/22/2015,627,430,Vermont,1057
8/22/2015,124,275,Virgin Islands,399
8/22/2015,10181,2344,Virginia,12525
8/22/2015,4912,785,Washington,5697
8/22/2015,3702,726,West Virginia,4428
8/22/2015,7584,1556,Wisconsin,9140
8/22/2015,701,377,Wyoming,1078
8/19/2015,9352,1285,Arizona,10637
8/19/2015,1457,1224,Arkansas,2681
8/19/2015,41638,0,California,41638
8/19/2015,3811,3323,Colorado,7134
8/19/2015,4803,2285,Connecticut,7088
8/19/2015,1916,362,Delaware,2278
8/19/2015,1088,246,Dist. of Columbia,1334
8/19/2015,31138,9524,Florida,40662
8/19/2015,11259,1489,Georgia,12748
8/19/2015,2897,779,Idaho,3676
8/19/2015,12494,2420,Illinois,14914
8/19/2015,7081,1749,Indiana,8830
8/19/2015,3901,1472,Iowa,5373
8/19/2015,3623,503,Kansas,4126
8/19/2015,6333,977,Kentucky,7310
8/19/2015,6727,2090,Louisiana,8817
8/19/2015,1070,937,Maine,2007
8/19/2015,8492,1408,Maryland,9900
8/19/2015,8925,1215,Massachusetts,10140
8/19/2015,9629,1376,Michigan,11005
8/19/2015,6442,603,Minnesota,7045
8/19/2015,9091,808,Missouri,9899
8/19/2015,1013,521,Montana,1534
8/19/2015,3386,620,Nebraska,4006
8/19/2015,2738,529,New Hampshire,3267
8/19/2015,15097,1994,New Jersey,17091
8/19/2015,2167,733,New Mexico,2900
8/19/2015,27920,2597,New York,30517
8/19/2015,10319,4175,North Carolina,14494
8/19/2015,596,559,North Dakota,1155
8/19/2015,8074,2608,Ohio,10682
8/19/2015,2294,2182,Oklahoma,4476
8/19/2015,2789,937,Oregon,3726
8/19/2015,16735,5386,Pennsylvania,22121
8/19/2015,1410,8058,Puerto Rico,9468
8/19/2015,2145,627,Rhode Island,2772
8/19/2015,4590,3660,South Carolina,8250
8/19/2015,1035,358,South Dakota,1393
8/19/2015,6633,3139,Tennessee,9772
8/19/2015,15837,6602,Texas,22439
8/19/2015,519,361,Vermont,880
8/19/2015,97,199,Virgin Islands,296
8/19/2015,8727,1995,Virginia,10722
8/19/2015,4687,711,Washington,5398
8/19/2015,3200,626,West Virginia,3826
8/19/2015,6642,1334,Wisconsin,7976
8/19/2015,677,375,Wyoming,1052
8/15/2015,8495,1145,Arizona,9640
8/15/2015,1342,1073,Arkansas,2415
8/15/2015,33874,0,California,33874
8/15/2015,3492,3013,Colorado,6505
8/15/2015,4637,2097,Connecticut,6734
8/15/2015,1875,309,Delaware,2184
8/15/2015,925,191,Dist. of Columbia,1116
8/15/2015,29803,8364,Florida,38167
8/15/2015,10496,1243,Georgia,11739
8/15/2015,2557,626,Idaho,3183
8/15/2015,10793,1940,Illinois,12733
8/15/2015,7464,1762,Indiana,9226
8/15/2015,3780,1408,Iowa,5188
8/15/2015,3464,444,Kansas,3908
8/15/2015,6574,987,Kentucky,7561
8/15/2015,6884,2062,Louisiana,8946
8/15/2015,1148,991,Maine,2139
8/15/2015,7701,1229,Maryland,8930
8/15/2015,7413,938,Massachusetts,8351
8/15/2015,8556,1080,Michigan,9636
8/15/2015,6113,555,Minnesota,6668
8/15/2015,8893,704,Missouri,9597
8/15/2015,916,442,Montana,1358
8/15/2015,3247,662,Nebraska,3909
8/15/2015,2839,510,New Hampshire,3349
8/15/2015,13135,1795,New Jersey,14930
8/15/2015,2061,651,New Mexico,2712
8/15/2015,24840,2171,New York,27011
8/15/2015,9588,3877,North Carolina,13465
8/15/2015,515,515,North Dakota,1030
8/15/2015,7670,2285,Ohio,9955
8/15/2015,2237,1926,Oklahoma,4163
8/15/2015,2540,853,Oregon,3393
8/15/2015,15779,5128,Pennsylvania,20907
8/15/2015,1451,8924,Puerto Rico,10375
8/15/2015,2021,603,Rhode Island,2624
8/15/2015,4448,3430,South Carolina,7878
8/15/2015,964,345,South Dakota,1309
8/15/2015,6318,2967,Tennessee,9285
8/15/2015,14462,5985,Texas,20447
8/15/2015,496,375,Vermont,871
8/15/2015,72,173,Virgin Islands,245
8/15/2015,7896,1676,Virginia,9572
8/15/2015,4020,599,Washington,4619
8/15/2015,3111,616,West Virginia,3727
8/15/2015,6627,1335,Wisconsin,7962
8/15/2015,565,297,Wyoming,862
8/12/2015,7140,910,Arizona,8050
8/12/2015,1095,843,Arkansas,1938
8/12/2015,28301,0,California,28301
8/12/2015,3049,2530,Colorado,5579
8/12/2015,3996,1833,Connecticut,5829
8/12/2015,1531,261,Delaware,1792
8/12/2015,839,157,Dist. of Columbia,996
8/12/2015,23339,6646,Florida,29985
8/12/2015,7975,982,Georgia,8957
8/12/2015,2202,494,Idaho,2696
8/12/2015,10027,1680,Illinois,11707
8/12/2015,5968,1417,Indiana,7385
8/12/2015,3127,1190,Iowa,4317
8/12/2015,2872,377,Kansas,3249
8/12/2015,5125,724,Kentucky,5849
8/12/2015,5716,1625,Louisiana,7341
8/12/2015,915,817,Maine,1732
8/12/2015,6791,1006,Maryland,7797
8/12/2015,6364,831,Massachusetts,7195
8/12/2015,7647,958,Michigan,8605
8/12/2015,5324,475,Minnesota,5799
8/12/2015,7278,626,Missouri,7904
8/12/2015,776,442,Montana,1218
8/12/2015,2599,520,Nebraska,3119
8/12/2015,2380,397,New Hampshire,2777
8/12/2015,12254,1595,New Jersey,13849
8/12/2015,1844,491,New Mexico,2335
8/12/2015,20955,1850,New York,22805
8/12/2015,7454,3039,North Carolina,10493
8/12/2015,459,475,North Dakota,934
8/12/2015,6514,2075,Ohio,8589
8/12/2015,1805,1538,Oklahoma,3343
8/12/2015,2300,777,Oregon,3077
8/12/2015,12706,4081,Pennsylvania,16787
8/12/2015,1066,6305,Puerto Rico,7371
8/12/2015,1686,534,Rhode Island,2220
8/12/2015,3552,2656,South Carolina,6208
8/12/2015,873,323,South Dakota,1196
8/12/2015,4879,2270,Tennessee,7149
8/12/2015,11578,4851,Texas,16429
8/12/2015,421,335,Vermont,756
8/12/2015,75,137,Virgin Islands,212
8/12/2015,6528,1500,Virginia,8028
8/12/2015,3679,501,Washington,4180
8/12/2015,2410,460,West Virginia,2870
8/12/2015,5552,1047,Wisconsin,6599
8/12/2015,523,334,Wyoming,857
8/8/2015,8091,1042,Arizona,9133
8/8/2015,1333,1140,Arkansas,2473
8/8/2015,30595,0,California,30595
8/8/2015,3235,2813,Colorado,6048
8/8/2015,4185,1947,Connecticut,6132
8/8/2015,1679,298,Delaware,1977
8/8/2015,869,176,Dist. of Columbia,1045
8/8/2015,28215,8016,Florida,36231
8/8/2015,10334,1295,Georgia,11629
8/8/2015,2492,616,Idaho,3108
8/8/2015,10167,1791,Illinois,11958
8/8/2015,7097,1679,Indiana,8776
8/8/2015,3343,1245,Iowa,4588
8/8/2015,3112,428,Kansas,3540
8/8/2015,6220,926,Kentucky,7146
8/8/2015,6750,1934,Louisiana,8684
8/8/2015,986,906,Maine,1892
8/8/2015,7309,1141,Maryland,8450
8/8/2015,7111,934,Massachusetts,8045
8/8/2015,8487,1183,Michigan,9670
8/8/2015,5627,574,Minnesota,6201
8/8/2015,7872,667,Missouri,8539
8/8/2015,786,447,Montana,1233
8/8/2015,2899,561,Nebraska,3460
8/8/2015,2443,421,New Hampshire,2864
8/8/2015,12987,1701,New Jersey,14688
8/8/2015,1976,645,New Mexico,2621
8/8/2015,23830,2136,New York,25966
8/8/2015,8982,3781,North Carolina,12763
8/8/2015,454,473,North Dakota,927
8/8/2015,7043,2323,Ohio,9366
8/8/2015,2018,1800,Oklahoma,3818
8/8/2015,2210,743,Oregon,2953
8/8/2015,14086,4574,Pennsylvania,18660
8/8/2015,1307,8115,Puerto Rico,9422
8/8/2015,2070,636,Rhode Island,2706
8/8/2015,4186,3301,South Carolina,7487
8/8/2015,892,313,South Dakota,1205
8/8/2015,5791,2623,Tennessee,8414
8/8/2015,13277,5666,Texas,18943
8/8/2015,475,326,Vermont,801
8/8/2015,85,206,Virgin Islands,291
8/8/2015,7499,1659,Virginia,9158
8/8/2015,3689,562,Washington,4251
8/8/2015,2799,488,West Virginia,3287
8/8/2015,6149,1181,Wisconsin,7330
8/8/2015,560,334,Wyoming,894
8/5/2015,7659,1031,Arizona,8690
8/5/2015,1167,948,Arkansas,2115
8/5/2015,27855,0,California,27855
8/5/2015,3026,2542,Colorado,5568
8/5/2015,4076,1927,Connecticut,6003
8/5/2015,1687,282,Delaware,1969
8/5/2015,850,177,Dist. of Columbia,1027
8/5/2015,26167,7994,Florida,34161
8/5/2015,8286,1059,Georgia,9345
8/5/2015,2346,527,Idaho,2873
8/5/2015,9567,1756,Illinois,11323
8/5/2015,5955,1600,Indiana,7555
8/5/2015,3181,1258,Iowa,4439
8/5/2015,2894,377,Kansas,3271
8/5/2015,5208,825,Kentucky,6033
8/5/2015,6003,1932,Louisiana,7935
8/5/2015,923,849,Maine,1772
8/5/2015,6936,1186,Maryland,8122
8/5/2015,7028,967,Massachusetts,7995
8/5/2015,7662,1016,Michigan,8678
8/5/2015,5368,513,Minnesota,5881
8/5/2015,7259,671,Missouri,7930
8/5/2015,838,458,Montana,1296
8/5/2015,2860,572,Nebraska,3432
8/5/2015,2525,478,New Hampshire,3003
8/5/2015,11462,1566,New Jersey,13028
8/5/2015,1814,610,New Mexico,2424
8/5/2015,20858,2029,New York,22887
8/5/2015,8469,3658,North Carolina,12127
8/5/2015,438,474,North Dakota,912
8/5/2015,6651,2235,Ohio,8886
8/5/2015,1907,1735,Oklahoma,3642
8/5/2015,2118,825,Oregon,2943
8/5/2015,13155,4581,Pennsylvania,17736
8/5/2015,1173,6886,Puerto Rico,8059
8/5/2015,1823,560,Rhode Island,2383
8/5/2015,3867,3129,South Carolina,6996
8/5/2015,907,305,South Dakota,1212
8/5/2015,5377,2561,Tennessee,7938
8/5/2015,12538,5359,Texas,17897
8/5/2015,435,331,Vermont,766
8/5/2015,76,141,Virgin Islands,217
8/5/2015,6774,1535,Virginia,8309
8/5/2015,3253,575,Washington,3828
8/5/2015,2625,508,West Virginia,3133
8/5/2015,5698,1183,Wisconsin,6881
8/5/2015,571,316,Wyoming,887
8/1/2015,10455,1263,Arizona,11718
8/1/2015,1690,1438,Arkansas,3128
8/1/2015,46834,0,California,46834
8/1/2015,4649,3593,Colorado,8242
8/1/2015,5545,2394,Connecticut,7939
8/1/2015,2254,346,Delaware,2600
8/1/2015,1154,219,Dist. of Columbia,1373
8/1/2015,36967,10118,Florida,47085
8/1/2015,13926,1577,Georgia,15503
8/1/2015,3159,694,Idaho,3853
8/1/2015,15142,2460,Illinois,17602
8/1/2015,8959,2095,Indiana,11054
8/1/2015,4479,1612,Iowa,6091
8/1/2015,4049,502,Kansas,4551
8/1/2015,7629,1157,Kentucky,8786
8/1/2015,8080,2345,Louisiana,10425
8/1/2015,1291,1059,Maine,2350
8/1/2015,9902,1469,Maryland,11371
8/1/2015,10474,1225,Massachusetts,11699
8/1/2015,11667,1438,Michigan,13105
8/1/2015,7605,719,Minnesota,8324
8/1/2015,10989,875,Missouri,11864
8/1/2015,990,499,Montana,1489
8/1/2015,3840,704,Nebraska,4544
8/1/2015,3134,535,New Hampshire,3669
8/1/2015,16032,1999,New Jersey,18031
8/1/2015,2581,823,New Mexico,3404
8/1/2015,34677,2806,New York,37483
8/1/2015,12185,4710,North Carolina,16895
8/1/2015,674,608,North Dakota,1282
8/1/2015,9983,2876,Ohio,12859
8/1/2015,2788,2246,Oklahoma,5034
8/1/2015,3457,971,Oregon,4428
8/1/2015,21772,6386,Pennsylvania,28158
8/1/2015,1834,10839,Puerto Rico,12673
8/1/2015,2585,693,Rhode Island,3278
8/1/2015,5441,4023,South Carolina,9464
8/1/2015,1199,389,South Dakota,1588
8/1/2015,7585,3328,Tennessee,10913
8/1/2015,19552,7384,Texas,26936
8/1/2015,600,414,Vermont,1014
8/1/2015,102,236,Virgin Islands,338
8/1/2015,10414,2287,Virginia,12701
8/1/2015,5570,750,Washington,6320
8/1/2015,3554,633,West Virginia,4187
8/1/2015,7986,1393,Wisconsin,9379
8/1/2015,751,355,Wyoming,1106
7/29/2015,9518,1197,Arizona,10715
7/29/2015,1370,1071,Arkansas,2441
7/29/2015,39517,0,California,39517
7/29/2015,4098,3236,Colorado,7334
7/29/2015,5451,2337,Connecticut,7788
7/29/2015,1922,309,Delaware,2231
7/29/2015,1137,183,Dist. of Columbia,1320
7/29/2015,30364,8171,Florida,38535
7/29/2015,10670,1261,Georgia,11931
7/29/2015,2957,632,Idaho,3589
7/29/2015,13739,2182,Illinois,15921
7/29/2015,8029,1700,Indiana,9729
7/29/2015,4044,1447,Iowa,5491
7/29/2015,3717,457,Kansas,4174
7/29/2015,6478,940,Kentucky,7418
7/29/2015,7420,2041,Louisiana,9461
7/29/2015,1104,846,Maine,1950
7/29/2015,8240,1245,Maryland,9485
7/29/2015,9339,1141,Massachusetts,10480
7/29/2015,10122,1270,Michigan,11392
7/29/2015,7529,645,Minnesota,8174
7/29/2015,9868,762,Missouri,10630
7/29/2015,931,462,Montana,1393
7/29/2015,3642,671,Nebraska,4313
7/29/2015,2945,467,New Hampshire,3412
7/29/2015,17776,2136,New Jersey,19912
7/29/2015,2285,641,New Mexico,2926
7/29/2015,30450,2561,New York,33011
7/29/2015,10094,3714,North Carolina,13808
7/29/2015,622,550,North Dakota,1172
7/29/2015,9156,2486,Ohio,11642
7/29/2015,2261,1943,Oklahoma,4204
7/29/2015,3521,1014,Oregon,4535
7/29/2015,19052,5583,Pennsylvania,24635
7/29/2015,1392,8164,Puerto Rico,9556
7/29/2015,2280,620,Rhode Island,2900
7/29/2015,4437,3254,South Carolina,7691
7/29/2015,1188,370,South Dakota,1558
7/29/2015,6662,2740,Tennessee,9402
7/29/2015,16820,6593,Texas,23413
7/29/2015,524,325,Vermont,849
7/29/2015,89,156,Virgin Islands,245
7/29/2015,8590,1798,Virginia,10388
7/29/2015,5187,652,Washington,5839
7/29/2015,3432,554,West Virginia,3986
7/29/2015,7253,1322,Wisconsin,8575
7/29/2015,685,362,Wyoming,1047
7/25/2015,8696,1021,Arizona,9717
7/25/2015,1419,1022,Arkansas,2441
7/25/2015,34051,0,California,34051
7/25/2015,3690,3072,Colorado,6762
7/25/2015,4520,2160,Connecticut,6680
7/25/2015,1900,303,Delaware,2203
7/25/2015,927,169,Dist. of Columbia,1096
7/25/2015,30076,8149,Florida,38225
7/25/2015,10460,1234,Georgia,11694
7/25/2015,2456,601,Idaho,3057
7/25/2015,11232,1888,Illinois,13120
7/25/2015,7530,1643,Indiana,9173
7/25/2015,3789,1446,Iowa,5235
7/25/2015,3321,418,Kansas,3739
7/25/2015,6230,919,Kentucky,7149
7/25/2015,6786,1944,Louisiana,8730
7/25/2015,1175,978,Maine,2153
7/25/2015,8100,1150,Maryland,9250
7/25/2015,8163,1014,Massachusetts,9177
7/25/2015,9258,1198,Michigan,10456
7/25/2015,6261,576,Minnesota,6837
7/25/2015,8524,682,Missouri,9206
7/25/2015,814,427,Montana,1241
7/25/2015,3054,602,Nebraska,3656
7/25/2015,2824,443,New Hampshire,3267
7/25/2015,14351,1849,New Jersey,16200
7/25/2015,2047,635,New Mexico,2682
7/25/2015,25768,2231,New York,27999
7/25/2015,9726,3678,North Carolina,13404
7/25/2015,542,521,North Dakota,1063
7/25/2015,7817,2395,Ohio,10212
7/25/2015,2158,1988,Oklahoma,4146
7/25/2015,2588,844,Oregon,3432
7/25/2015,16193,5050,Pennsylvania,21243
7/25/2015,1456,7518,Puerto Rico,8974
7/25/2015,2005,582,Rhode Island,2587
7/25/2015,4570,3337,South Carolina,7907
7/25/2015,1026,352,South Dakota,1378
7/25/2015,6456,2887,Tennessee,9343
7/25/2015,15137,5942,Texas,21079
7/25/2015,521,351,Vermont,872
7/25/2015,82,199,Virgin Islands,281
7/25/2015,8252,1768,Virginia,10020
7/25/2015,4098,600,Washington,4698
7/25/2015,2845,516,West Virginia,3361
7/25/2015,6358,1115,Wisconsin,7473
7/25/2015,615,325,Wyoming,940
7/22/2015,8205,1127,Arizona,9332
7/22/2015,1256,1142,Arkansas,2398
7/22/2015,34013,0,California,34013
7/22/2015,3373,3032,Colorado,6405
7/22/2015,4464,2113,Connecticut,6577
7/22/2015,1728,317,Delaware,2045
7/22/2015,930,213,Dist. of Columbia,1143
7/22/2015,28926,8712,Florida,37638
7/22/2015,9644,1265,Georgia,10909
7/22/2015,2607,657,Idaho,3264
7/22/2015,10970,2067,Illinois,13037
7/22/2015,6419,1652,Indiana,8071
7/22/2015,3349,1361,Iowa,4710
7/22/2015,3215,415,Kansas,3630
7/22/2015,5615,879,Kentucky,6494
7/22/2015,6402,1938,Louisiana,8340
7/22/2015,887,811,Maine,1698
7/22/2015,7659,1274,Maryland,8933
7/22/2015,8375,1105,Massachusetts,9480
7/22/2015,8354,1122,Michigan,9476
7/22/2015,5952,522,Minnesota,6474
7/22/2015,7692,690,Missouri,8382
7/22/2015,892,483,Montana,1375
7/22/2015,3130,609,Nebraska,3739
7/22/2015,2554,474,New Hampshire,3028
7/22/2015,13249,1842,New Jersey,15091
7/22/2015,2011,675,New Mexico,2686
7/22/2015,23830,2235,New York,26065
7/22/2015,9052,3894,North Carolina,12946
7/22/2015,508,566,North Dakota,1074
7/22/2015,7225,2374,Ohio,9599
7/22/2015,2072,1978,Oklahoma,4050
7/22/2015,2459,873,Oregon,3332
7/22/2015,14378,4896,Pennsylvania,19274
7/22/2015,1328,6715,Puerto Rico,8043
7/22/2015,1920,659,Rhode Island,2579
7/22/2015,4359,3302,South Carolina,7661
7/22/2015,1075,368,South Dakota,1443
7/22/2015,6049,2891,Tennessee,8940
7/22/2015,13994,5973,Texas,19967
7/22/2015,444,322,Vermont,766
7/22/2015,77,186,Virgin Islands,263
7/22/2015,7619,1801,Virginia,9420
7/22/2015,3758,645,Washington,4403
7/22/2015,2828,543,West Virginia,3371
7/22/2015,6067,1174,Wisconsin,7241
7/22/2015,699,354,Wyoming,1053
7/18/2015,8306,1101,Arizona,9407
7/18/2015,1202,1084,Arkansas,2286
7/18/2015,27739,0,California,27739
7/18/2015,3231,2899,Colorado,6130
7/18/2015,4451,2083,Connecticut,6534
7/18/2015,1575,296,Delaware,1871
7/18/2015,824,161,Dist. of Columbia,985
7/18/2015,28161,8444,Florida,36605
7/18/2015,9597,1136,Georgia,10733
7/18/2015,2457,578,Idaho,3035
7/18/2015,9539,1745,Illinois,11284
7/18/2015,6718,1655,Indiana,8373
7/18/2015,3281,1330,Iowa,4611
7/18/2015,3077,423,Kansas,3500
7/18/2015,5978,861,Kentucky,6839
7/18/2015,6462,1907,Louisiana,8369
7/18/2015,1022,909,Maine,1931
7/18/2015,7155,1123,Maryland,8278
7/18/2015,8173,973,Massachusetts,9146
7/18/2015,7883,997,Michigan,8880
7/18/2015,5600,534,Minnesota,6134
7/18/2015,7858,644,Missouri,8502
7/18/2015,820,474,Montana,1294
7/18/2015,2900,555,Nebraska,3455
7/18/2015,2781,476,New Hampshire,3257
7/18/2015,12169,1708,New Jersey,13877
7/18/2015,1961,606,New Mexico,2567
7/18/2015,22823,2069,New York,24892
7/18/2015,8642,3478,North Carolina,12120
7/18/2015,493,478,North Dakota,971
7/18/2015,6824,2263,Ohio,9087
7/18/2015,2059,1818,Oklahoma,3877
7/18/2015,2341,844,Oregon,3185
7/18/2015,13872,4735,Pennsylvania,18607
7/18/2015,1591,8437,Puerto Rico,10028
7/18/2015,2065,601,Rhode Island,2666
7/18/2015,3839,2926,South Carolina,6765
7/18/2015,969,335,South Dakota,1304
7/18/2015,5860,2656,Tennessee,8516
7/18/2015,13976,6091,Texas,20067
7/18/2015,454,362,Vermont,816
7/18/2015,77,172,Virgin Islands,249
7/18/2015,7141,1649,Virginia,8790
7/18/2015,3264,542,Washington,3806
7/18/2015,2793,503,West Virginia,3296
7/18/2015,5906,1237,Wisconsin,7143
7/18/2015,638,318,Wyoming,956
7/15/2015,7965,1094,Arizona,9059
7/15/2015,1206,1137,Arkansas,2343
7/15/2015,31832,0,California,31832
7/15/2015,3193,2734,Colorado,5927
7/15/2015,4198,2035,Connecticut,6233
7/15/2015,1590,292,Delaware,1882
7/15/2015,850,210,Dist. of Columbia,1060
7/15/2015,27919,8533,Florida,36452
7/15/2015,9126,1189,Georgia,10315
7/15/2015,2456,658,Idaho,3114
7/15/2015,10269,2102,Illinois,12371
7/15/2015,5765,1589,Indiana,7354
7/15/2015,3326,1341,Iowa,4667
7/15/2015,2937,366,Kansas,3303
7/15/2015,5429,898,Kentucky,6327
7/15/2015,6066,1931,Louisiana,7997
7/15/2015,880,807,Maine,1687
7/15/2015,7254,1212,Maryland,8466
7/15/2015,7265,997,Massachusetts,8262
7/15/2015,7917,1124,Michigan,9041
7/15/2015,5479,523,Minnesota,6002
7/15/2015,7207,674,Missouri,7881
7/15/2015,832,465,Montana,1297
7/15/2015,2981,561,Nebraska,3542
7/15/2015,2422,478,New Hampshire,2900
7/15/2015,12435,1702,New Jersey,14137
7/15/2015,1876,641,New Mexico,2517
7/15/2015,22423,2143,New York,24566
7/15/2015,8957,3980,North Carolina,12937
7/15/2015,493,482,North Dakota,975
7/15/2015,6733,2285,Ohio,9018
7/15/2015,2010,1847,Oklahoma,3857
7/15/2015,2082,847,Oregon,2929
7/15/2015,13395,4662,Pennsylvania,18057
7/15/2015,1215,6641,Puerto Rico,7856
7/15/2015,2009,590,Rhode Island,2599
7/15/2015,4029,3207,South Carolina,7236
7/15/2015,943,350,South Dakota,1293
7/15/2015,5755,2728,Tennessee,8483
7/15/2015,13292,5834,Texas,19126
7/15/2015,413,323,Vermont,736
7/15/2015,84,151,Virgin Islands,235
7/15/2015,7012,1749,Virginia,8761
7/15/2015,3331,551,Washington,3882
7/15/2015,2782,508,West Virginia,3290
7/15/2015,5583,1195,Wisconsin,6778
7/15/2015,668,330,Wyoming,998
7/11/2015,8574,1178,Arizona,9752
7/11/2015,1346,1089,Arkansas,2435
7/11/2015,31193,0,California,31193
7/11/2015,3140,2934,Colorado,6074
7/11/2015,4200,2000,Connecticut,6200
7/11/2015,1687,301,Delaware,1988
7/11/2015,872,198,Dist. of Columbia,1070
7/11/2015,28815,8457,Florida,37272
7/11/2015,10155,1249,Georgia,11404
7/11/2015,2437,629,Idaho,3066
7/11/2015,9957,1904,Illinois,11861
7/11/2015,6873,1728,Indiana,8601
7/11/2015,3452,1338,Iowa,4790
7/11/2015,3112,419,Kansas,3531
7/11/2015,6052,915,Kentucky,6967
7/11/2015,6621,1955,Louisiana,8576
7/11/2015,1053,1032,Maine,2085
7/11/2015,7460,1281,Maryland,8741
7/11/2015,7737,1056,Massachusetts,8793
7/11/2015,8505,1144,Michigan,9649
7/11/2015,5800,545,Minnesota,6345
7/11/2015,7718,652,Missouri,8370
7/11/2015,830,426,Montana,1256
7/11/2015,2969,610,Nebraska,3579
7/11/2015,2815,528,New Hampshire,3343
7/11/2015,12564,1698,New Jersey,14262
7/11/2015,2039,636,New Mexico,2675
7/11/2015,24014,2345,New York,26359
7/11/2015,9439,3786,North Carolina,13225
7/11/2015,469,480,North Dakota,949
7/11/2015,6989,2398,Ohio,9387
7/11/2015,1983,1855,Oklahoma,3838
7/11/2015,2161,797,Oregon,2958
7/11/2015,13890,4774,Pennsylvania,18664
7/11/2015,1246,6793,Puerto Rico,8039
7/11/2015,1990,612,Rhode Island,2602
7/11/2015,4161,3416,South Carolina,7577
7/11/2015,890,351,South Dakota,1241
7/11/2015,6137,2943,Tennessee,9080
7/11/2015,13938,5908,Texas,19846
7/11/2015,484,318,Vermont,802
7/11/2015,96,213,Virgin Islands,309
7/11/2015,7592,1786,Virginia,9378
7/11/2015,3205,544,Washington,3749
7/11/2015,2867,564,West Virginia,3431
7/11/2015,6026,1166,Wisconsin,7192
7/11/2015,653,308,Wyoming,961
7/8/2015,7243,1014,Arizona,8257
7/8/2015,1062,988,Arkansas,2050
7/8/2015,27269,0,California,27269
7/8/2015,2875,2719,Colorado,5594
7/8/2015,4192,2013,Connecticut,6205
7/8/2015,1558,269,Delaware,1827
7/8/2015,821,177,Dist. of Columbia,998
7/8/2015,27162,8200,Florida,35362
7/8/2015,8194,1110,Georgia,9304
7/8/2015,2293,598,Idaho,2891
7/8/2015,9096,1703,Illinois,10799
7/8/2015,5664,1406,Indiana,7070
7/8/2015,3252,1272,Iowa,4524
7/8/2015,2670,376,Kansas,3046
7/8/2015,5116,800,Kentucky,5916
7/8/2015,5734,1728,Louisiana,7462
7/8/2015,982,849,Maine,1831
7/8/2015,6799,1060,Maryland,7859
7/8/2015,6485,918,Massachusetts,7403
7/8/2015,7214,883,Michigan,8097
7/8/2015,5016,452,Minnesota,5468
7/8/2015,6481,611,Missouri,7092
7/8/2015,731,452,Montana,1183
7/8/2015,2661,499,Nebraska,3160
7/8/2015,2448,408,New Hampshire,2856
7/8/2015,11517,1585,New Jersey,13102
7/8/2015,1755,572,New Mexico,2327
7/8/2015,20302,1919,New York,22221
7/8/2015,8343,3647,North Carolina,11990
7/8/2015,452,456,North Dakota,908
7/8/2015,6410,2152,Ohio,8562
7/8/2015,1880,1789,Oklahoma,3669
7/8/2015,1963,692,Oregon,2655
7/8/2015,13361,4566,Pennsylvania,17927
7/8/2015,1118,6303,Puerto Rico,7421
7/8/2015,1702,519,Rhode Island,2221
7/8/2015,3881,3224,South Carolina,7105
7/8/2015,970,337,South Dakota,1307
7/8/2015,5468,2577,Tennessee,8045
7/8/2015,12394,5274,Texas,17668
7/8/2015,422,298,Vermont,720
7/8/2015,75,181,Virgin Islands,256
7/8/2015,6682,1549,Virginia,8231
7/8/2015,2926,440,Washington,3366
7/8/2015,2582,552,West Virginia,3134
7/8/2015,5308,1035,Wisconsin,6343
7/8/2015,611,356,Wyoming,967
7/4/2015,9419,1232,Arizona,10651
7/4/2015,1421,1116,Arkansas,2537
7/4/2015,32621,0,California,32621
7/4/2015,3641,3160,Colorado,6801
7/4/2015,4426,2222,Connecticut,6648
7/4/2015,1858,361,Delaware,2219
7/4/2015,925,261,Dist. of Columbia,1186
7/4/2015,30921,9170,Florida,40091
7/4/2015,10232,1278,Georgia,11510
7/4/2015,2790,629,Idaho,3419
7/4/2015,10300,1867,Illinois,12167
7/4/2015,7818,1864,Indiana,9682
7/4/2015,3838,1451,Iowa,5289
7/4/2015,3475,469,Kansas,3944
7/4/2015,6606,1022,Kentucky,7628
7/4/2015,7152,2248,Louisiana,9400
7/4/2015,1081,978,Maine,2059
7/4/2015,7546,1208,Maryland,8754
7/4/2015,7979,1130,Massachusetts,9109
7/4/2015,8985,1197,Michigan,10182
7/4/2015,6459,552,Minnesota,7011
7/4/2015,8225,676,Missouri,8901
7/4/2015,882,503,Montana,1385
7/4/2015,3240,612,Nebraska,3852
7/4/2015,2849,489,New Hampshire,3338
7/4/2015,12958,1839,New Jersey,14797
7/4/2015,2186,699,New Mexico,2885
7/4/2015,23656,2214,New York,25870
7/4/2015,9487,4094,North Carolina,13581
7/4/2015,510,519,North Dakota,1029
7/4/2015,7188,2357,Ohio,9545
7/4/2015,2157,1878,Oklahoma,4035
7/4/2015,2772,881,Oregon,3653
7/4/2015,14838,5018,Pennsylvania,19856
7/4/2015,1426,7896,Puerto Rico,9322
7/4/2015,2126,612,Rhode Island,2738
7/4/2015,4365,3427,South Carolina,7792
7/4/2015,1065,365,South Dakota,1430
7/4/2015,6171,2854,Tennessee,9025
7/4/2015,14654,6217,Texas,20871
7/4/2015,507,397,Vermont,904
7/4/2015,84,170,Virgin Islands,254
7/4/2015,7694,1776,Virginia,9470
7/4/2015,3575,639,Washington,4214
7/4/2015,3152,543,West Virginia,3695
7/4/2015,6649,1367,Wisconsin,8016
7/4/2015,642,331,Wyoming,973
7/1/2015,7893,1054,Arizona,8947
7/1/2015,1198,965,Arkansas,2163
7/1/2015,30214,0,California,30214
7/1/2015,3004,2572,Colorado,5576
7/1/2015,4220,2037,Connecticut,6257
7/1/2015,1624,320,Delaware,1944
7/1/2015,907,192,Dist. of Columbia,1099
7/1/2015,26620,7660,Florida,34280
7/1/2015,8613,1148,Georgia,9761
7/1/2015,2308,574,Idaho,2882
7/1/2015,10021,1876,Illinois,11897
7/1/2015,5765,1402,Indiana,7167
7/1/2015,3347,1303,Iowa,4650
7/1/2015,2925,420,Kansas,3345
7/1/2015,5400,822,Kentucky,6222
7/1/2015,5834,1808,Louisiana,7642
7/1/2015,909,813,Maine,1722
7/1/2015,6956,1073,Maryland,8029
7/1/2015,7223,969,Massachusetts,8192
7/1/2015,7661,1053,Michigan,8714
7/1/2015,5598,468,Minnesota,6066
7/1/2015,7072,658,Missouri,7730
7/1/2015,808,413,Montana,1221
7/1/2015,2942,554,Nebraska,3496
7/1/2015,2463,413,New Hampshire,2876
7/1/2015,12574,1874,New Jersey,14448
7/1/2015,1798,570,New Mexico,2368
7/1/2015,22498,2195,New York,24693
7/1/2015,8269,3297,North Carolina,11566
7/1/2015,438,492,North Dakota,930
7/1/2015,6425,2227,Ohio,8652
7/1/2015,1829,1640,Oklahoma,3469
7/1/2015,2295,782,Oregon,3077
7/1/2015,13796,4678,Pennsylvania,18474
7/1/2015,1183,6566,Puerto Rico,7749
7/1/2015,1907,564,Rhode Island,2471
7/1/2015,3904,3173,South Carolina,7077
7/1/2015,967,303,South Dakota,1270
7/1/2015,5389,2525,Tennessee,7914
7/1/2015,12934,5395,Texas,18329
7/1/2015,432,347,Vermont,779
7/1/2015,70,175,Virgin Islands,245
7/1/2015,6882,1617,Virginia,8499
7/1/2015,1664,308,Washington,1972
7/1/2015,2848,531,West Virginia,3379
7/1/2015,5696,1105,Wisconsin,6801
7/1/2015,553,305,Wyoming,858
6/27/2015,8203,1093,Arizona,9296
6/27/2015,1137,934,Arkansas,2071
6/27/2015,30684,0,California,30684
6/27/2015,3177,2861,Colorado,6038
6/27/2015,4325,2100,Connecticut,6425
6/27/2015,1641,279,Delaware,1920
6/27/2015,806,177,Dist. of Columbia,983
6/27/2015,28532,8403,Florida,36935
6/27/2015,9264,1138,Georgia,10402
6/27/2015,2275,555,Idaho,2830
6/27/2015,9622,1752,Illinois,11374
6/27/2015,6878,1652,Indiana,8530
6/27/2015,3315,1361,Iowa,4676
6/27/2015,2999,420,Kansas,3419
6/27/2015,5999,902,Kentucky,6901
6/27/2015,6535,1956,Louisiana,8491
6/27/2015,966,901,Maine,1867
6/27/2015,7109,1075,Maryland,8184
6/27/2015,8126,1023,Massachusetts,9149
6/27/2015,7827,1092,Michigan,8919
6/27/2015,5441,516,Minnesota,5957
6/27/2015,7401,677,Missouri,8078
6/27/2015,799,417,Montana,1216
6/27/2015,3030,595,Nebraska,3625
6/27/2015,2668,469,New Hampshire,3137
6/27/2015,11752,1753,New Jersey,13505
6/27/2015,1901,602,New Mexico,2503
6/27/2015,22192,2068,New York,24260
6/27/2015,8418,3532,North Carolina,11950
6/27/2015,526,495,North Dakota,1021
6/27/2015,6804,2178,Ohio,8982
6/27/2015,1897,1757,Oklahoma,3654
6/27/2015,2304,748,Oregon,3052
6/27/2015,13599,4703,Pennsylvania,18302
6/27/2015,1451,8297,Puerto Rico,9748
6/27/2015,2124,602,Rhode Island,2726
6/27/2015,3917,3071,South Carolina,6988
6/27/2015,937,329,South Dakota,1266
6/27/2015,5726,2662,Tennessee,8388
6/27/2015,13227,5574,Texas,18801
6/27/2015,462,339,Vermont,801
6/27/2015,71,188,Virgin Islands,259
6/27/2015,6972,1611,Virginia,8583
6/27/2015,3230,549,Washington,3779
6/27/2015,2760,499,West Virginia,3259
6/27/2015,6071,1161,Wisconsin,7232
6/27/2015,485,326,Wyoming,811
6/24/2015,9046,1306,Arizona,10352
6/24/2015,1338,1113,Arkansas,2451
6/24/2015,36717,0,California,36717
6/24/2015,3219,2955,Colorado,6174
6/24/2015,4555,2179,Connecticut,6734
6/24/2015,1679,312,Delaware,1991
6/24/2015,1033,242,Dist. of Columbia,1275
6/24/2015,29763,9437,Florida,39200
6/24/2015,10168,1397,Georgia,11565
6/24/2015,2745,672,Idaho,3417
6/24/2015,10905,2236,Illinois,13141
6/24/2015,6510,1747,Indiana,8257
6/24/2015,3355,1348,Iowa,4703
6/24/2015,3286,417,Kansas,3703
6/24/2015,6131,966,Kentucky,7097
6/24/2015,6601,2071,Louisiana,8672
6/24/2015,964,872,Maine,1836
6/24/2015,7794,1398,Maryland,9192
6/24/2015,9233,1315,Massachusetts,10548
6/24/2015,8930,1355,Michigan,10285
6/24/2015,5902,568,Minnesota,6470
6/24/2015,7591,753,Missouri,8344
6/24/2015,969,494,Montana,1463
6/24/2015,3298,654,Nebraska,3952
6/24/2015,2657,521,New Hampshire,3178
6/24/2015,13618,2150,New Jersey,15768
6/24/2015,2131,766,New Mexico,2897
6/24/2015,25442,2546,New York,27988
6/24/2015,9555,4154,North Carolina,13709
6/24/2015,574,555,North Dakota,1129
6/24/2015,7180,2570,Ohio,9750
6/24/2015,1936,1960,Oklahoma,3896
6/24/2015,2275,844,Oregon,3119
6/24/2015,14256,4948,Pennsylvania,19204
6/24/2015,1227,7162,Puerto Rico,8389
6/24/2015,2137,688,Rhode Island,2825
6/24/2015,4358,3526,South Carolina,7884
6/24/2015,1018,340,South Dakota,1358
6/24/2015,6207,2934,Tennessee,9141
6/24/2015,14088,6339,Texas,20427
6/24/2015,450,380,Vermont,830
6/24/2015,95,243,Virgin Islands,338
6/24/2015,7719,1893,Virginia,9612
6/24/2015,3952,628,Washington,4580
6/24/2015,2987,611,West Virginia,3598
6/24/2015,6152,1284,Wisconsin,7436
6/24/2015,612,383,Wyoming,995
6/20/2015,9320,1136,Arizona,10456
6/20/2015,1362,1147,Arkansas,2509
6/20/2015,38363,0,California,38363
6/20/2015,3561,3073,Colorado,6634
6/20/2015,4867,2215,Connecticut,7082
6/20/2015,1829,349,Delaware,2178
6/20/2015,975,190,Dist. of Columbia,1165
6/20/2015,31798,9100,Florida,40898
6/20/2015,11548,1407,Georgia,12955
6/20/2015,2635,625,Idaho,3260
6/20/2015,11441,2061,Illinois,13502
6/20/2015,7600,1789,Indiana,9389
6/20/2015,3658,1393,Iowa,5051
6/20/2015,3490,404,Kansas,3894
6/20/2015,6583,974,Kentucky,7557
6/20/2015,7240,2060,Louisiana,9300
6/20/2015,1033,920,Maine,1953
6/20/2015,8235,1334,Maryland,9569
6/20/2015,9308,1105,Massachusetts,10413
6/20/2015,9491,1257,Michigan,10748
6/20/2015,6174,567,Minnesota,6741
6/20/2015,8260,704,Missouri,8964
6/20/2015,904,446,Montana,1350
6/20/2015,3220,599,Nebraska,3819
6/20/2015,2785,439,New Hampshire,3224
6/20/2015,15041,2137,New Jersey,17178
6/20/2015,2124,640,New Mexico,2764
6/20/2015,29557,2476,New York,32033
6/20/2015,9481,3947,North Carolina,13428
6/20/2015,592,583,North Dakota,1175
6/20/2015,7987,2485,Ohio,10472
6/20/2015,2190,1947,Oklahoma,4137
6/20/2015,2724,851,Oregon,3575
6/20/2015,16109,5200,Pennsylvania,21309
6/20/2015,1654,9083,Puerto Rico,10737
6/20/2015,2330,641,Rhode Island,2971
6/20/2015,4464,3406,South Carolina,7870
6/20/2015,1050,340,South Dakota,1390
6/20/2015,6501,2821,Tennessee,9322
6/20/2015,15951,6300,Texas,22251
6/20/2015,499,374,Vermont,873
6/20/2015,106,252,Virgin Islands,358
6/20/2015,8199,1727,Virginia,9926
6/20/2015,4500,666,Washington,5166
6/20/2015,3015,575,West Virginia,3590
6/20/2015,6562,1265,Wisconsin,7827
6/20/2015,560,297,Wyoming,857
6/17/2015,9379,1301,Arizona,10680
6/17/2015,1385,1146,Arkansas,2531
6/17/2015,40682,0,California,40682
6/17/2015,3632,3136,Colorado,6768
6/17/2015,5004,2239,Connecticut,7243
6/17/2015,1796,327,Delaware,2123
6/17/2015,1078,249,Dist. of Columbia,1327
6/17/2015,31425,9594,Florida,41019
6/17/2015,10889,1419,Georgia,12308
6/17/2015,2807,705,Idaho,3512
6/17/2015,12016,2305,Illinois,14321
6/17/2015,6657,1765,Indiana,8422
6/17/2015,3625,1404,Iowa,5029
6/17/2015,3467,470,Kansas,3937
6/17/2015,6434,992,Kentucky,7426
6/17/2015,6974,2073,Louisiana,9047
6/17/2015,912,856,Maine,1768
6/17/2015,8399,1346,Maryland,9745
6/17/2015,8599,1231,Massachusetts,9830
6/17/2015,9644,1330,Michigan,10974
6/17/2015,6182,555,Minnesota,6737
6/17/2015,8100,781,Missouri,8881
6/17/2015,1028,503,Montana,1531
6/17/2015,3444,625,Nebraska,4069
6/17/2015,2592,512,New Hampshire,3104
6/17/2015,15006,2522,New Jersey,17528
6/17/2015,2201,744,New Mexico,2945
6/17/2015,28210,2551,New York,30761
6/17/2015,9986,4235,North Carolina,14221
6/17/2015,536,588,North Dakota,1124
6/17/2015,7800,2601,Ohio,10401
6/17/2015,2280,2094,Oklahoma,4374
6/17/2015,2684,901,Oregon,3585
6/17/2015,16042,5269,Pennsylvania,21311
6/17/2015,1490,7835,Puerto Rico,9325
6/17/2015,2118,671,Rhode Island,2789
6/17/2015,4534,3591,South Carolina,8125
6/17/2015,1075,361,South Dakota,1436
6/17/2015,6337,3008,Tennessee,9345
6/17/2015,15685,6656,Texas,22341
6/17/2015,485,373,Vermont,858
6/17/2015,93,234,Virgin Islands,327
6/17/2015,8672,1979,Virginia,10651
6/17/2015,4620,735,Washington,5355
6/17/2015,3092,603,West Virginia,3695
6/17/2015,6369,1307,Wisconsin,7676
6/17/2015,606,393,Wyoming,999
6/13/2015,8741,1265,Arizona,10006
6/13/2015,1268,999,Arkansas,2267
6/13/2015,30314,0,California,30314
6/13/2015,3452,2896,Colorado,6348
6/13/2015,4604,2147,Connecticut,6751
6/13/2015,1784,326,Delaware,2110
6/13/2015,884,175,Dist. of Columbia,1059
6/13/2015,29239,8723,Florida,37962
6/13/2015,9560,1185,Georgia,10745
6/13/2015,2545,668,Idaho,3213
6/13/2015,10697,1958,Illinois,12655
6/13/2015,7246,1831,Indiana,9077
6/13/2015,3624,1407,Iowa,5031
6/13/2015,3348,477,Kansas,3825
6/13/2015,6109,963,Kentucky,7072
6/13/2015,7137,2144,Louisiana,9281
6/13/2015,1069,964,Maine,2033
6/13/2015,7468,1177,Maryland,8645
6/13/2015,7508,921,Massachusetts,8429
6/13/2015,8756,1173,Michigan,9929
6/13/2015,5659,547,Minnesota,6206
6/13/2015,7971,762,Missouri,8733
6/13/2015,808,466,Montana,1274
6/13/2015,2930,626,Nebraska,3556
6/13/2015,2742,512,New Hampshire,3254
6/13/2015,12858,2499,New Jersey,15357
6/13/2015,1860,569,New Mexico,2429
6/13/2015,23811,2125,New York,25936
6/13/2015,8758,3632,North Carolina,12390
6/13/2015,528,573,North Dakota,1101
6/13/2015,7610,2424,Ohio,10034
6/13/2015,2042,1800,Oklahoma,3842
6/13/2015,2506,856,Oregon,3362
6/13/2015,14911,5099,Pennsylvania,20010
6/13/2015,1490,8372,Puerto Rico,9862
6/13/2015,2094,603,Rhode Island,2697
6/13/2015,4260,3225,South Carolina,7485
6/13/2015,944,298,South Dakota,1242
6/13/2015,5908,2793,Tennessee,8701
6/13/2015,14793,6416,Texas,21209
6/13/2015,513,358,Vermont,871
6/13/2015,97,184,Virgin Islands,281
6/13/2015,7481,1718,Virginia,9199
6/13/2015,3897,627,Washington,4524
6/13/2015,2988,593,West Virginia,3581
6/13/2015,6318,1361,Wisconsin,7679
6/13/2015,541,355,Wyoming,896
6/10/2015,7853,1060,Arizona,8913
6/10/2015,1118,921,Arkansas,2039
6/10/2015,31034,0,California,31034
6/10/2015,2904,2552,Colorado,5456
6/10/2015,4114,1921,Connecticut,6035
6/10/2015,1656,314,Delaware,1970
6/10/2015,938,186,Dist. of Columbia,1124
6/10/2015,25966,7369,Florida,33335
6/10/2015,8253,999,Georgia,9252
6/10/2015,2197,524,Idaho,2721
6/10/2015,9964,1766,Illinois,11730
6/10/2015,5606,1359,Indiana,6965
6/10/2015,3217,1275,Iowa,4492
6/10/2015,2844,367,Kansas,3211
6/10/2015,5264,757,Kentucky,6021
6/10/2015,5892,1793,Louisiana,7685
6/10/2015,929,748,Maine,1677
6/10/2015,6899,1069,Maryland,7968
6/10/2015,6755,858,Massachusetts,7613
6/10/2015,7621,1029,Michigan,8650
6/10/2015,5100,404,Minnesota,5504
6/10/2015,6721,615,Missouri,7336
6/10/2015,723,387,Montana,1110
6/10/2015,2826,497,Nebraska,3323
6/10/2015,2268,417,New Hampshire,2685
6/10/2015,12403,2501,New Jersey,14904
6/10/2015,1798,550,New Mexico,2348
6/10/2015,22732,2057,New York,24789
6/10/2015,8077,3218,North Carolina,11295
6/10/2015,470,492,North Dakota,962
6/10/2015,6611,2101,Ohio,8712
6/10/2015,1817,1581,Oklahoma,3398
6/10/2015,2243,721,Oregon,2964
6/10/2015,13858,4634,Pennsylvania,18492
6/10/2015,1314,7260,Puerto Rico,8574
6/10/2015,1776,547,Rhode Island,2323
6/10/2015,3610,2882,South Carolina,6492
6/10/2015,869,306,South Dakota,1175
6/10/2015,5252,2439,Tennessee,7691
6/10/2015,12760,5222,Texas,17982
6/10/2015,408,298,Vermont,706
6/10/2015,72,174,Virgin Islands,246
6/10/2015,6789,1520,Virginia,8309
6/10/2015,3661,574,Washington,4235
6/10/2015,2722,478,West Virginia,3200
6/10/2015,5493,1040,Wisconsin,6533
6/10/2015,489,300,Wyoming,789
6/6/2015,8663,1140,Arizona,9803
6/6/2015,1209,1113,Arkansas,2322
6/6/2015,34904,0,California,34904
6/6/2015,3148,2708,Colorado,5856
6/6/2015,4471,2072,Connecticut,6543
6/6/2015,1818,314,Delaware,2132
6/6/2015,1013,190,Dist. of Columbia,1203
6/6/2015,30434,8873,Florida,39307
6/6/2015,10696,1299,Georgia,11995
6/6/2015,2550,670,Idaho,3220
6/6/2015,10807,1847,Illinois,12654
6/6/2015,7265,1665,Indiana,8930
6/6/2015,3648,1346,Iowa,4994
6/6/2015,3156,420,Kansas,3576
6/6/2015,6587,998,Kentucky,7585
6/6/2015,7281,2084,Louisiana,9365
6/6/2015,882,860,Maine,1742
6/6/2015,8342,1292,Maryland,9634
6/6/2015,8016,1025,Massachusetts,9041
6/6/2015,9309,1195,Michigan,10504
6/6/2015,5725,544,Minnesota,6269
6/6/2015,7849,678,Missouri,8527
6/6/2015,841,462,Montana,1303
6/6/2015,3090,565,Nebraska,3655
6/6/2015,2607,452,New Hampshire,3059
6/6/2015,13974,2495,New Jersey,16469
6/6/2015,1918,660,New Mexico,2578
6/6/2015,27260,2232,New York,29492
6/6/2015,9396,3837,North Carolina,13233
6/6/2015,510,506,North Dakota,1016
6/6/2015,7469,2304,Ohio,9773
6/6/2015,2067,1769,Oklahoma,3836
6/6/2015,2054,784,Oregon,2838
6/6/2015,15631,5123,Pennsylvania,20754
6/6/2015,1684,8298,Puerto Rico,9982
6/6/2015,2315,597,Rhode Island,2912
6/6/2015,4285,3445,South Carolina,7730
6/6/2015,901,319,South Dakota,1220
6/6/2015,6003,2823,Tennessee,8826
6/6/2015,14613,5909,Texas,20522
6/6/2015,449,339,Vermont,788
6/6/2015,111,240,Virgin Islands,351
6/6/2015,7672,1653,Virginia,9325
6/6/2015,3632,617,Washington,4249
6/6/2015,2948,548,West Virginia,3496
6/6/2015,6389,1170,Wisconsin,7559
6/6/2015,545,330,Wyoming,875
6/3/2015,14960,1834,Arizona,16794
6/3/2015,2218,1683,Arkansas,3901
6/3/2015,63550,0,California,63550
6/3/2015,5695,4282,Colorado,9977
6/3/2015,7710,3273,Connecticut,10983
6/3/2015,3302,508,Delaware,3810
6/3/2015,1533,301,Dist. of Columbia,1834
6/3/2015,48048,13341,Florida,61389
6/3/2015,16897,1926,Georgia,18823
6/3/2015,3863,936,Idaho,4799
6/3/2015,20046,3202,Illinois,23248
6/3/2015,10513,2307,Indiana,12820
6/3/2015,5691,2021,Iowa,7712
6/3/2015,4906,637,Kansas,5543
6/3/2015,9068,1300,Kentucky,10368
6/3/2015,11395,3092,Louisiana,14487
6/3/2015,1357,1080,Maine,2437
6/3/2015,13788,1900,Maryland,15688
6/3/2015,18334,1865,Massachusetts,20199
6/3/2015,17508,1943,Michigan,19451
6/3/2015,10199,786,Minnesota,10985
6/3/2015,12312,1049,Missouri,13361
6/3/2015,1140,587,Montana,1727
6/3/2015,4867,828,Nebraska,5695
6/3/2015,4175,697,New Hampshire,4872
6/3/2015,27592,3578,New Jersey,31170
6/3/2015,3496,932,New Mexico,4428
6/3/2015,50323,3721,New York,54044
6/3/2015,15885,5858,North Carolina,21743
6/3/2015,956,898,North Dakota,1854
6/3/2015,13478,3697,Ohio,17175
6/3/2015,3491,2860,Oklahoma,6351
6/3/2015,4812,1463,Oregon,6275
6/3/2015,32607,9043,Pennsylvania,41650
6/3/2015,2195,11028,Puerto Rico,13223
6/3/2015,3429,916,Rhode Island,4345
6/3/2015,6868,4937,South Carolina,11805
6/3/2015,1600,519,South Dakota,2119
6/3/2015,10083,4311,Tennessee,14394
6/3/2015,27755,9990,Texas,37745
6/3/2015,645,394,Vermont,1039
6/3/2015,135,242,Virgin Islands,377
6/3/2015,13478,2650,Virginia,16128
6/3/2015,7238,1054,Washington,8292
6/3/2015,4913,871,West Virginia,5784
6/3/2015,9401,1632,Wisconsin,11033
6/3/2015,731,478,Wyoming,1209
5/30/2015,13718,1554,Arizona,15272
5/30/2015,1975,1526,Arkansas,3501
5/30/2015,55384,0,California,55384
5/30/2015,5241,3926,Colorado,9167
5/30/2015,6683,2754,Connecticut,9437
5/30/2015,2868,375,Delaware,3243
5/30/2015,1184,217,Dist. of Columbia,1401
5/30/2015,42736,11393,Florida,54129
5/30/2015,16338,1699,Georgia,18037
5/30/2015,3561,813,Idaho,4374
5/30/2015,16852,2651,Illinois,19503
5/30/2015,10417,2256,Indiana,12673
5/30/2015,5380,1925,Iowa,7305
5/30/2015,4864,555,Kansas,5419
5/30/2015,8905,1207,Kentucky,10112
5/30/2015,9843,2601,Louisiana,12444
5/30/2015,1258,988,Maine,2246
5/30/2015,11763,1422,Maryland,13185
5/30/2015,17154,1695,Massachusetts,18849
5/30/2015,15916,1557,Michigan,17473
5/30/2015,9530,709,Minnesota,10239
5/30/2015,11809,890,Missouri,12699
5/30/2015,1019,532,Montana,1551
5/30/2015,4440,743,Nebraska,5183
5/30/2015,3958,567,New Hampshire,4525
5/30/2015,22826,2529,New Jersey,25355
5/30/2015,3169,912,New Mexico,4081
5/30/2015,43247,3162,New York,46409
5/30/2015,13609,4871,North Carolina,18480
5/30/2015,823,796,North Dakota,1619
5/30/2015,11830,3156,Ohio,14986
5/30/2015,3145,2463,Oklahoma,5608
5/30/2015,4431,1251,Oregon,5682
5/30/2015,26939,7586,Pennsylvania,34525
5/30/2015,2175,11594,Puerto Rico,13769
5/30/2015,3361,873,Rhode Island,4234
5/30/2015,6045,4220,South Carolina,10265
5/30/2015,1434,426,South Dakota,1860
5/30/2015,8966,3538,Tennessee,12504
5/30/2015,24171,8640,Texas,32811
5/30/2015,630,409,Vermont,1039
5/30/2015,144,268,Virgin Islands,412
5/30/2015,11249,2284,Virginia,13533
5/30/2015,6215,864,Washington,7079
5/30/2015,4268,772,West Virginia,5040
5/30/2015,8755,1581,Wisconsin,10336
5/30/2015,672,405,Wyoming,1077
5/27/2015,12672,1467,Arizona,14139
5/27/2015,1762,1307,Arkansas,3069
5/27/2015,51432,0,California,51432
5/27/2015,4586,3581,Colorado,8167
5/27/2015,5507,2504,Connecticut,8011
5/27/2015,2289,332,Delaware,2621
5/27/2015,1199,209,Dist. of Columbia,1408
5/27/2015,35349,9935,Florida,45284
5/27/2015,13614,1468,Georgia,15082
5/27/2015,3446,748,Idaho,4194
5/27/2015,15245,2381,Illinois,17626
5/27/2015,8157,1845,Indiana,10002
5/27/2015,4404,1563,Iowa,5967
5/27/2015,4081,519,Kansas,4600
5/27/2015,7436,1048,Kentucky,8484
5/27/2015,8341,2210,Louisiana,10551
5/27/2015,1104,855,Maine,1959
5/27/2015,9547,1284,Maryland,10831
5/27/2015,13310,1331,Massachusetts,14641
5/27/2015,13228,1418,Michigan,14646
5/27/2015,8125,619,Minnesota,8744
5/27/2015,10127,909,Missouri,11036
5/27/2015,887,523,Montana,1410
5/27/2015,4021,699,Nebraska,4720
5/27/2015,3038,514,New Hampshire,3552
5/27/2015,20208,2401,New Jersey,22609
5/27/2015,2818,822,New Mexico,3640
5/27/2015,38911,2838,New York,41749
5/27/2015,11312,4385,North Carolina,15697
5/27/2015,702,683,North Dakota,1385
5/27/2015,9928,2832,Ohio,12760
5/27/2015,2768,2198,Oklahoma,4966
5/27/2015,4000,1175,Oregon,5175
5/27/2015,23983,7002,Pennsylvania,30985
5/27/2015,1661,8374,Puerto Rico,10035
5/27/2015,2614,749,Rhode Island,3363
5/27/2015,4953,3596,South Carolina,8549
5/27/2015,1310,393,South Dakota,1703
5/27/2015,7502,3308,Tennessee,10810
5/27/2015,20442,7711,Texas,28153
5/27/2015,530,386,Vermont,916
5/27/2015,95,221,Virgin Islands,316
5/27/2015,9459,1889,Virginia,11348
5/27/2015,5480,840,Washington,6320
5/27/2015,3691,653,West Virginia,4344
5/27/2015,7609,1324,Wisconsin,8933
5/27/2015,645,401,Wyoming,1046
5/23/2015,12633,1437,Arizona,14070
5/23/2015,1782,1327,Arkansas,3109
5/23/2015,50099,0,California,50099
5/23/2015,4704,3753,Colorado,8457
5/23/2015,5858,2461,Connecticut,8319
5/23/2015,2324,379,Delaware,2703
5/23/2015,1078,195,Dist. of Columbia,1273
5/23/2015,39208,10331,Florida,49539
5/23/2015,14338,1526,Georgia,15864
5/23/2015,3323,730,Idaho,4053
5/23/2015,14528,2309,Illinois,16837
5/23/2015,9061,1906,Indiana,10967
5/23/2015,4785,1760,Iowa,6545
5/23/2015,4269,475,Kansas,4744
5/23/2015,7720,1083,Kentucky,8803
5/23/2015,9216,2513,Louisiana,11729
5/23/2015,1235,1002,Maine,2237
5/23/2015,10228,1384,Maryland,11612
5/23/2015,12908,1291,Massachusetts,14199
5/23/2015,12485,1293,Michigan,13778
5/23/2015,8512,647,Minnesota,9159
5/23/2015,10254,786,Missouri,11040
5/23/2015,925,525,Montana,1450
5/23/2015,4096,653,Nebraska,4749
5/23/2015,3456,534,New Hampshire,3990
5/23/2015,19161,2183,New Jersey,21344
5/23/2015,2836,884,New Mexico,3720
5/23/2015,37917,2763,New York,40680
5/23/2015,12340,4443,North Carolina,16783
5/23/2015,650,616,North Dakota,1266
5/23/2015,10593,2994,Ohio,13587
5/23/2015,2879,2225,Oklahoma,5104
5/23/2015,3849,1025,Oregon,4874
5/23/2015,23551,6756,Pennsylvania,30307
5/23/2015,2047,10464,Puerto Rico,12511
5/23/2015,2871,704,Rhode Island,3575
5/23/2015,5528,3935,South Carolina,9463
5/23/2015,1315,449,South Dakota,1764
5/23/2015,8182,3340,Tennessee,11522
5/23/2015,22091,8006,Texas,30097
5/23/2015,598,378,Vermont,976
5/23/2015,113,235,Virgin Islands,348
5/23/2015,10067,2039,Virginia,12106
5/23/2015,5562,787,Washington,6349
5/23/2015,3871,665,West Virginia,4536
5/23/2015,7728,1322,Wisconsin,9050
5/23/2015,567,348,Wyoming,915
5/20/2015,10712,1364,Arizona,12076
5/20/2015,1671,1270,Arkansas,2941
5/20/2015,46145,0,California,46145
5/20/2015,4385,3472,Colorado,7857
5/20/2015,5586,2403,Connecticut,7989
5/20/2015,2097,316,Delaware,2413
5/20/2015,1137,206,Dist. of Columbia,1343
5/20/2015,35359,9585,Florida,44944
5/20/2015,11821,1292,Georgia,13113
5/20/2015,2929,693,Idaho,3622
5/20/2015,13864,2303,Illinois,16167
5/20/2015,7335,1650,Indiana,8985
5/20/2015,4501,1536,Iowa,6037
5/20/2015,4001,487,Kansas,4488
5/20/2015,6719,945,Kentucky,7664
5/20/2015,7559,2106,Louisiana,9665
5/20/2015,1121,935,Maine,2056
5/20/2015,9245,1360,Maryland,10605
5/20/2015,11618,1348,Massachusetts,12966
5/20/2015,10983,1234,Michigan,12217
5/20/2015,7609,567,Minnesota,8176
5/20/2015,8900,771,Missouri,9671
5/20/2015,860,450,Montana,1310
5/20/2015,3693,610,Nebraska,4303
5/20/2015,2968,466,New Hampshire,3434
5/20/2015,17850,2140,New Jersey,19990
5/20/2015,2498,749,New Mexico,3247
5/20/2015,34281,2794,New York,37075
5/20/2015,10783,3937,North Carolina,14720
5/20/2015,678,621,North Dakota,1299
5/20/2015,9252,2656,Ohio,11908
5/20/2015,2708,2093,Oklahoma,4801
5/20/2015,3407,1040,Oregon,4447
5/20/2015,21030,6272,Pennsylvania,27302
5/20/2015,1999,9674,Puerto Rico,11673
5/20/2015,2425,710,Rhode Island,3135
5/20/2015,4757,3470,South Carolina,8227
5/20/2015,1270,393,South Dakota,1663
5/20/2015,7411,3130,Tennessee,10541
5/20/2015,19809,7227,Texas,27036
5/20/2015,572,360,Vermont,932
5/20/2015,80,193,Virgin Islands,273
5/20/2015,9231,1800,Virginia,11031
5/20/2015,5202,745,Washington,5947
5/20/2015,3515,602,West Virginia,4117
5/20/2015,7233,1294,Wisconsin,8527
5/20/2015,541,335,Wyoming,876
5/16/2015,10001,1133,Arizona,11134
5/16/2015,1456,1184,Arkansas,2640
5/16/2015,41544,0,California,41544
5/16/2015,4160,3296,Colorado,7456
5/16/2015,5069,2229,Connecticut,7298
5/16/2015,1981,323,Delaware,2304
5/16/2015,1033,190,Dist. of Columbia,1223
5/16/2015,33265,8872,Florida,42137
5/16/2015,11473,1215,Georgia,12688
5/16/2015,2763,602,Idaho,3365
5/16/2015,12713,1905,Illinois,14618
5/16/2015,7777,1716,Indiana,9493
5/16/2015,3893,1436,Iowa,5329
5/16/2015,3852,448,Kansas,4300
5/16/2015,6963,983,Kentucky,7946
5/16/2015,7679,2147,Louisiana,9826
5/16/2015,1091,893,Maine,1984
5/16/2015,8622,1201,Maryland,9823
5/16/2015,10307,1026,Massachusetts,11333
5/16/2015,10312,1122,Michigan,11434
5/16/2015,7261,536,Minnesota,7797
5/16/2015,8809,658,Missouri,9467
5/16/2015,843,468,Montana,1311
5/16/2015,3455,610,Nebraska,4065
5/16/2015,2817,424,New Hampshire,3241
5/16/2015,15538,1752,New Jersey,17290
5/16/2015,2367,716,New Mexico,3083
5/16/2015,30432,2360,New York,32792
5/16/2015,10364,3858,North Carolina,14222
5/16/2015,628,630,North Dakota,1258
5/16/2015,8816,2459,Ohio,11275
5/16/2015,2582,2079,Oklahoma,4661
5/16/2015,3107,987,Oregon,4094
5/16/2015,19136,5662,Pennsylvania,24798
5/16/2015,1987,9824,Puerto Rico,11811
5/16/2015,2328,689,Rhode Island,3017
5/16/2015,4655,3484,South Carolina,8139
5/16/2015,1131,395,South Dakota,1526
5/16/2015,7023,2952,Tennessee,9975
5/16/2015,18448,6908,Texas,25356
5/16/2015,489,359,Vermont,848
5/16/2015,69,170,Virgin Islands,239
5/16/2015,8618,1752,Virginia,10370
5/16/2015,4487,650,Washington,5137
5/16/2015,3311,552,West Virginia,3863
5/16/2015,6963,1188,Wisconsin,8151
5/16/2015,450,365,Wyoming,815
5/13/2015,11143,1421,Arizona,12564
5/13/2015,1662,1441,Arkansas,3103
5/13/2015,52354,0,California,52354
5/13/2015,4393,3500,Colorado,7893
5/13/2015,5450,2466,Connecticut,7916
5/13/2015,2068,374,Delaware,2442
5/13/2015,1197,257,Dist. of Columbia,1454
5/13/2015,37179,11014,Florida,48193
5/13/2015,12633,1531,Georgia,14164
5/13/2015,3008,728,Idaho,3736
5/13/2015,14352,2578,Illinois,16930
5/13/2015,7691,1918,Indiana,9609
5/13/2015,4195,1540,Iowa,5735
5/13/2015,4027,550,Kansas,4577
5/13/2015,6921,1029,Kentucky,7950
5/13/2015,8224,2360,Louisiana,10584
5/13/2015,1045,961,Maine,2006
5/13/2015,9454,1500,Maryland,10954
5/13/2015,11404,1422,Massachusetts,12826
5/13/2015,11342,1536,Michigan,12878
5/13/2015,7592,669,Minnesota,8261
5/13/2015,9104,819,Missouri,9923
5/13/2015,1021,540,Montana,1561
5/13/2015,3976,762,Nebraska,4738
5/13/2015,2864,575,New Hampshire,3439
5/13/2015,17865,2247,New Jersey,20112
5/13/2015,2594,843,New Mexico,3437
5/13/2015,33400,2967,New York,36367
5/13/2015,11635,4615,North Carolina,16250
5/13/2015,633,615,North Dakota,1248
5/13/2015,9207,2778,Ohio,11985
5/13/2015,2753,2384,Oklahoma,5137
5/13/2015,3354,1074,Oregon,4428
5/13/2015,19741,6093,Pennsylvania,25834
5/13/2015,1929,9432,Puerto Rico,11361
5/13/2015,2433,707,Rhode Island,3140
5/13/2015,5095,4025,South Carolina,9120
5/13/2015,1213,422,South Dakota,1635
5/13/2015,7612,3495,Tennessee,11107
5/13/2015,19313,7952,Texas,27265
5/13/2015,487,371,Vermont,858
5/13/2015,117,261,Virgin Islands,378
5/13/2015,9669,2214,Virginia,11883
5/13/2015,5082,755,Washington,5837
5/13/2015,3491,682,West Virginia,4173
5/13/2015,7088,1389,Wisconsin,8477
5/13/2015,630,460,Wyoming,1090
5/9/2015,10186,1272,Arizona,11458
5/9/2015,1593,1253,Arkansas,2846
5/9/2015,40661,0,California,40661
5/9/2015,3939,3530,Colorado,7469
5/9/2015,5067,2296,Connecticut,7363
5/9/2015,1939,333,Delaware,2272
5/9/2015,1026,196,Dist. of Columbia,1222
5/9/2015,37746,11195,Florida,48941
5/9/2015,11086,1238,Georgia,12324
5/9/2015,2674,638,Idaho,3312
5/9/2015,11447,2083,Illinois,13530
5/9/2015,7583,1827,Indiana,9410
5/9/2015,4010,1522,Iowa,5532
5/9/2015,3551,480,Kansas,4031
5/9/2015,6789,1058,Kentucky,7847
5/9/2015,7562,2195,Louisiana,9757
5/9/2015,1083,965,Maine,2048
5/9/2015,8548,1280,Maryland,9828
5/9/2015,8364,1107,Massachusetts,9471
5/9/2015,9432,1232,Michigan,10664
5/9/2015,6759,591,Minnesota,7350
5/9/2015,8429,772,Missouri,9201
5/9/2015,902,540,Montana,1442
5/9/2015,3454,642,Nebraska,4096
5/9/2015,2773,465,New Hampshire,3238
5/9/2015,14670,1833,New Jersey,16503
5/9/2015,2198,783,New Mexico,2981
5/9/2015,27634,2435,New York,30069
5/9/2015,10713,4267,North Carolina,14980
5/9/2015,575,615,North Dakota,1190
5/9/2015,8209,2530,Ohio,10739
5/9/2015,2512,2172,Oklahoma,4684
5/9/2015,2811,930,Oregon,3741
5/9/2015,17615,5815,Pennsylvania,23430
5/9/2015,2182,10503,Puerto Rico,12685
5/9/2015,2276,674,Rhode Island,2950
5/9/2015,4849,3941,South Carolina,8790
5/9/2015,1107,393,South Dakota,1500
5/9/2015,7349,3365,Tennessee,10714
5/9/2015,16927,6673,Texas,23600
5/9/2015,491,378,Vermont,869
5/9/2015,111,262,Virgin Islands,373
5/9/2015,8484,1866,Virginia,10350
5/9/2015,4305,639,Washington,4944
5/9/2015,3107,625,West Virginia,3732
5/9/2015,6530,1280,Wisconsin,7810
5/9/2015,527,374,Wyoming,901
5/6/2015,8448,1061,Arizona,9509
5/6/2015,1166,878,Arkansas,2044
5/6/2015,33223,0,California,33223
5/6/2015,3260,2781,Colorado,6041
5/6/2015,4315,2036,Connecticut,6351
5/6/2015,1601,289,Delaware,1890
5/6/2015,942,174,Dist. of Columbia,1116
5/6/2015,26534,7308,Florida,33842
5/6/2015,9122,1067,Georgia,10189
5/6/2015,2267,553,Idaho,2820
5/6/2015,10405,1740,Illinois,12145
5/6/2015,6179,1533,Indiana,7712
5/6/2015,3424,1253,Iowa,4677
5/6/2015,3105,345,Kansas,3450
5/6/2015,5520,842,Kentucky,6362
5/6/2015,6432,1885,Louisiana,8317
5/6/2015,914,722,Maine,1636
5/6/2015,6915,1084,Maryland,7999
5/6/2015,6917,918,Massachusetts,7835
5/6/2015,8200,1011,Michigan,9211
5/6/2015,5771,444,Minnesota,6215
5/6/2015,7291,705,Missouri,7996
5/6/2015,814,406,Montana,1220
5/6/2015,2880,546,Nebraska,3426
5/6/2015,2406,396,New Hampshire,2802
5/6/2015,13211,1657,New Jersey,14868
5/6/2015,1908,580,New Mexico,2488
5/6/2015,23871,2012,New York,25883
5/6/2015,7926,3218,North Carolina,11144
5/6/2015,470,451,North Dakota,921
5/6/2015,6949,2175,Ohio,9124
5/6/2015,1862,1565,Oklahoma,3427
5/6/2015,2366,850,Oregon,3216
5/6/2015,13762,4701,Pennsylvania,18463
5/6/2015,1468,7408,Puerto Rico,8876
5/6/2015,1789,567,Rhode Island,2356
5/6/2015,3736,2875,South Carolina,6611
5/6/2015,1004,347,South Dakota,1351
5/6/2015,5448,2403,Tennessee,7851
5/6/2015,13473,5472,Texas,18945
5/6/2015,441,287,Vermont,728
5/6/2015,80,169,Virgin Islands,249
5/6/2015,6954,1489,Virginia,8443
5/6/2015,3746,590,Washington,4336
5/6/2015,2747,507,West Virginia,3254
5/6/2015,5567,1048,Wisconsin,6615
5/6/2015,471,309,Wyoming,780
5/2/2015,9831,1336,Arizona,11167
5/2/2015,1431,1142,Arkansas,2573
5/2/2015,34789,0,California,34789
5/2/2015,3695,3261,Colorado,6956
5/2/2015,4903,2376,Connecticut,7279
5/2/2015,1894,347,Delaware,2241
5/2/2015,1018,240,Dist. of Columbia,1258
5/2/2015,34207,10068,Florida,44275
5/2/2015,10774,1340,Georgia,12114
5/2/2015,2459,635,Idaho,3094
5/2/2015,11144,1930,Illinois,13074
5/2/2015,7666,1878,Indiana,9544
5/2/2015,3606,1469,Iowa,5075
5/2/2015,3506,447,Kansas,3953
5/2/2015,6933,1006,Kentucky,7939
5/2/2015,7387,2150,Louisiana,9537
5/2/2015,1042,933,Maine,1975
5/2/2015,8114,1296,Maryland,9410
5/2/2015,8081,1151,Massachusetts,9232
5/2/2015,9122,1132,Michigan,10254
5/2/2015,6370,565,Minnesota,6935
5/2/2015,8377,816,Missouri,9193
5/2/2015,863,486,Montana,1349
5/2/2015,3404,659,Nebraska,4063
5/2/2015,2798,500,New Hampshire,3298
5/2/2015,14118,1862,New Jersey,15980
5/2/2015,2170,702,New Mexico,2872
5/2/2015,27206,2379,New York,29585
5/2/2015,9781,3917,North Carolina,13698
5/2/2015,498,529,North Dakota,1027
5/2/2015,7619,2540,Ohio,10159
5/2/2015,2378,1896,Oklahoma,4274
5/2/2015,2692,846,Oregon,3538
5/2/2015,16354,5550,Pennsylvania,21904
5/2/2015,2062,10230,Puerto Rico,12292
5/2/2015,2368,722,Rhode Island,3090
5/2/2015,4576,3476,South Carolina,8052
5/2/2015,1100,357,South Dakota,1457
5/2/2015,6578,3080,Tennessee,9658
5/2/2015,16245,6766,Texas,23011
5/2/2015,484,383,Vermont,867
5/2/2015,70,175,Virgin Islands,245
5/2/2015,8237,1833,Virginia,10070
5/2/2015,3935,633,Washington,4568
5/2/2015,3215,656,West Virginia,3871
5/2/2015,6392,1362,Wisconsin,7754
5/2/2015,517,335,Wyoming,852
4/29/2015,8322,1172,Arizona,9494
4/29/2015,1207,991,Arkansas,2198
4/29/2015,33617,0,California,33617
4/29/2015,3024,2691,Colorado,5715
4/29/2015,4060,1960,Connecticut,6020
4/29/2015,1580,304,Delaware,1884
4/29/2015,948,224,Dist. of Columbia,1172
4/29/2015,27516,7976,Florida,35492
4/29/2015,9094,1181,Georgia,10275
4/29/2015,2244,564,Idaho,2808
4/29/2015,10282,1912,Illinois,12194
4/29/2015,6094,1588,Indiana,7682
4/29/2015,3207,1296,Iowa,4503
4/29/2015,2946,392,Kansas,3338
4/29/2015,5387,851,Kentucky,6238
4/29/2015,6196,1901,Louisiana,8097
4/29/2015,857,846,Maine,1703
4/29/2015,6914,1157,Maryland,8071
4/29/2015,6924,995,Massachusetts,7919
4/29/2015,8133,1251,Michigan,9384
4/29/2015,5663,556,Minnesota,6219
4/29/2015,7056,624,Missouri,7680
4/29/2015,806,422,Montana,1228
4/29/2015,2965,596,Nebraska,3561
4/29/2015,2171,425,New Hampshire,2596
4/29/2015,13122,1668,New Jersey,14790
4/29/2015,1989,592,New Mexico,2581
4/29/2015,24304,2343,New York,26647
4/29/2015,8355,3312,North Carolina,11667
4/29/2015,451,545,North Dakota,996
4/29/2015,6364,2122,Ohio,8486
4/29/2015,2050,1743,Oklahoma,3793
4/29/2015,2271,871,Oregon,3142
4/29/2015,13774,4758,Pennsylvania,18532
4/29/2015,1477,7060,Puerto Rico,8537
4/29/2015,1912,520,Rhode Island,2432
4/29/2015,3775,2874,South Carolina,6649
4/29/2015,949,337,South Dakota,1286
4/29/2015,5530,2584,Tennessee,8114
4/29/2015,12745,5425,Texas,18170
4/29/2015,452,319,Vermont,771
4/29/2015,98,189,Virgin Islands,287
4/29/2015,7156,1681,Virginia,8837
4/29/2015,3573,589,Washington,4162
4/29/2015,2708,495,West Virginia,3203
4/29/2015,5824,1134,Wisconsin,6958
4/29/2015,636,374,Wyoming,1010
4/25/2015,9270,1198,Arizona,10468
4/25/2015,1382,1182,Arkansas,2564
4/25/2015,34995,0,California,34995
4/25/2015,3274,3047,Colorado,6321
4/25/2015,4571,2118,Connecticut,6689
4/25/2015,1806,332,Delaware,2138
4/25/2015,984,215,Dist. of Columbia,1199
4/25/2015,33798,9708,Florida,43506
4/25/2015,10631,1281,Georgia,11912
4/25/2015,2451,598,Idaho,3049
4/25/2015,10817,1995,Illinois,12812
4/25/2015,7479,1818,Indiana,9297
4/25/2015,3577,1399,Iowa,4976
4/25/2015,3363,456,Kansas,3819
4/25/2015,6291,955,Kentucky,7246
4/25/2015,7350,2229,Louisiana,9579
4/25/2015,928,912,Maine,1840
4/25/2015,8401,1249,Maryland,9650
4/25/2015,7446,962,Massachusetts,8408
4/25/2015,9126,1256,Michigan,10382
4/25/2015,5948,580,Minnesota,6528
4/25/2015,7744,736,Missouri,8480
4/25/2015,772,492,Montana,1264
4/25/2015,3149,640,Nebraska,3789
4/25/2015,2616,436,New Hampshire,3052
4/25/2015,12976,1663,New Jersey,14639
4/25/2015,2047,636,New Mexico,2683
4/25/2015,25226,2257,New York,27483
4/25/2015,9821,4121,North Carolina,13942
4/25/2015,544,522,North Dakota,1066
4/25/2015,7383,2397,Ohio,9780
4/25/2015,2227,1949,Oklahoma,4176
4/25/2015,2303,820,Oregon,3123
4/25/2015,15442,5181,Pennsylvania,20623
4/25/2015,1798,8722,Puerto Rico,10520
4/25/2015,2182,646,Rhode Island,2828
4/25/2015,4667,3536,South Carolina,8203
4/25/2015,1008,349,South Dakota,1357
4/25/2015,6803,3037,Tennessee,9840
4/25/2015,14673,6241,Texas,20914
4/25/2015,453,365,Vermont,818
4/25/2015,116,233,Virgin Islands,349
4/25/2015,7981,1766,Virginia,9747
4/25/2015,3582,557,Washington,4139
4/25/2015,3122,597,West Virginia,3719
4/25/2015,6177,1210,Wisconsin,7387
4/25/2015,543,367,Wyoming,910
4/22/2015,7881,999,Arizona,8880
4/22/2015,1227,1052,Arkansas,2279
4/22/2015,29919,0,California,29919
4/22/2015,3046,2785,Colorado,5831
4/22/2015,3976,1915,Connecticut,5891
4/22/2015,1594,246,Delaware,1840
4/22/2015,918,188,Dist. of Columbia,1106
4/22/2015,29077,8444,Florida,37521
4/22/2015,7795,997,Georgia,8792
4/22/2015,2164,522,Idaho,2686
4/22/2015,9027,1627,Illinois,10654
4/22/2015,5538,1406,Indiana,6944
4/22/2015,3108,1260,Iowa,4368
4/22/2015,2714,400,Kansas,3114
4/22/2015,5081,727,Kentucky,5808
4/22/2015,5973,1803,Louisiana,7776
4/22/2015,839,748,Maine,1587
4/22/2015,7127,1091,Maryland,8218
4/22/2015,5915,826,Massachusetts,6741
4/22/2015,7175,910,Michigan,8085
4/22/2015,4967,445,Minnesota,5412
4/22/2015,6629,532,Missouri,7161
4/22/2015,737,445,Montana,1182
4/22/2015,2690,492,Nebraska,3182
4/22/2015,2262,413,New Hampshire,2675
4/22/2015,11740,1501,New Jersey,13241
4/22/2015,1771,566,New Mexico,2337
4/22/2015,20813,1965,New York,22778
4/22/2015,8249,3470,North Carolina,11719
4/22/2015,491,484,North Dakota,975
4/22/2015,6358,2163,Ohio,8521
4/22/2015,2007,1828,Oklahoma,3835
4/22/2015,1993,644,Oregon,2637
4/22/2015,14282,4848,Pennsylvania,19130
4/22/2015,1456,7172,Puerto Rico,8628
4/22/2015,1660,498,Rhode Island,2158
4/22/2015,3883,3090,South Carolina,6973
4/22/2015,903,345,South Dakota,1248
4/22/2015,5824,2691,Tennessee,8515
4/22/2015,13447,5560,Texas,19007
4/22/2015,404,307,Vermont,711
4/22/2015,78,178,Virgin Islands,256
4/22/2015,6760,1473,Virginia,8233
4/22/2015,3169,559,Washington,3728
4/22/2015,2667,534,West Virginia,3201
4/22/2015,5290,1011,Wisconsin,6301
4/22/2015,497,352,Wyoming,849
4/18/2015,9649,1230,Arizona,10879
4/18/2015,1400,1218,Arkansas,2618
4/18/2015,35651,0,California,35651
4/18/2015,3340,3119,Colorado,6459
4/18/2015,4673,2136,Connecticut,6809
4/18/2015,1868,316,Delaware,2184
4/18/2015,1051,176,Dist. of Columbia,1227
4/18/2015,35886,10289,Florida,46175
4/18/2015,10554,1241,Georgia,11795
4/18/2015,2573,632,Idaho,3205
4/18/2015,10667,1913,Illinois,12580
4/18/2015,7122,1820,Indiana,8942
4/18/2015,3627,1373,Iowa,5000
4/18/2015,3365,464,Kansas,3829
4/18/2015,6395,998,Kentucky,7393
4/18/2015,7184,2101,Louisiana,9285
4/18/2015,986,975,Maine,1961
4/18/2015,8327,1267,Maryland,9594
4/18/2015,7637,1063,Massachusetts,8700
4/18/2015,8745,1175,Michigan,9920
4/18/2015,6143,620,Minnesota,6763
4/18/2015,7964,720,Missouri,8684
4/18/2015,973,495,Montana,1468
4/18/2015,3284,625,Nebraska,3909
4/18/2015,2734,487,New Hampshire,3221
4/18/2015,13589,1764,New Jersey,15353
4/18/2015,2175,742,New Mexico,2917
4/18/2015,25202,2213,New York,27415
4/18/2015,9915,3957,North Carolina,13872
4/18/2015,508,553,North Dakota,1061
4/18/2015,7544,2475,Ohio,10019
4/18/2015,2444,2134,Oklahoma,4578
4/18/2015,2409,934,Oregon,3343
4/18/2015,16241,5595,Pennsylvania,21836
4/18/2015,1789,8258,Puerto Rico,10047
4/18/2015,2248,626,Rhode Island,2874
4/18/2015,4606,3685,South Carolina,8291
4/18/2015,1039,367,South Dakota,1406
4/18/2015,7134,3458,Tennessee,10592
4/18/2015,15660,6231,Texas,21891
4/18/2015,514,360,Vermont,874
4/18/2015,92,228,Virgin Islands,320
4/18/2015,7940,1766,Virginia,9706
4/18/2015,3774,642,Washington,4416
4/18/2015,3253,602,West Virginia,3855
4/18/2015,6240,1255,Wisconsin,7495
4/18/2015,494,371,Wyoming,865
4/15/2015,8019,1053,Arizona,9072
4/15/2015,1091,858,Arkansas,1949
4/15/2015,28597,0,California,28597
4/15/2015,2987,2580,Colorado,5567
4/15/2015,3969,1885,Connecticut,5854
4/15/2015,1542,246,Delaware,1788
4/15/2015,844,150,Dist. of Columbia,994
4/15/2015,24517,6999,Florida,31516
4/15/2015,8114,980,Georgia,9094
4/15/2015,2188,493,Idaho,2681
4/15/2015,9631,1711,Illinois,11342
4/15/2015,6011,1572,Indiana,7583
4/15/2015,3163,1222,Iowa,4385
4/15/2015,2920,459,Kansas,3379
4/15/2015,5235,819,Kentucky,6054
4/15/2015,6120,1755,Louisiana,7875
4/15/2015,855,737,Maine,1592
4/15/2015,6734,1075,Maryland,7809
4/15/2015,6529,874,Massachusetts,7403
4/15/2015,7497,968,Michigan,8465
4/15/2015,5163,482,Minnesota,5645
4/15/2015,7127,620,Missouri,7747
4/15/2015,783,366,Montana,1149
4/15/2015,2736,506,Nebraska,3242
4/15/2015,2335,444,New Hampshire,2779
4/15/2015,12675,1615,New Jersey,14290
4/15/2015,1752,551,New Mexico,2303
4/15/2015,21422,1820,New York,23242
4/15/2015,7137,3012,North Carolina,10149
4/15/2015,448,450,North Dakota,898
4/15/2015,6398,2154,Ohio,8552
4/15/2015,1795,1528,Oklahoma,3323
4/15/2015,2098,726,Oregon,2824
4/15/2015,13072,4340,Pennsylvania,17412
4/15/2015,1294,6109,Puerto Rico,7403
4/15/2015,1770,556,Rhode Island,2326
4/15/2015,3346,2590,South Carolina,5936
4/15/2015,885,308,South Dakota,1193
4/15/2015,5225,2394,Tennessee,7619
4/15/2015,12424,5325,Texas,17749
4/15/2015,456,322,Vermont,778
4/15/2015,69,184,Virgin Islands,253
4/15/2015,6449,1365,Virginia,7814
4/15/2015,3299,527,Washington,3826
4/15/2015,2716,487,West Virginia,3203
4/15/2015,5501,1011,Wisconsin,6512
4/15/2015,509,328,Wyoming,837
4/11/2015,10505,1355,Arizona,11860
4/11/2015,1560,1283,Arkansas,2843
4/11/2015,43596,0,California,43596
4/11/2015,3920,3296,Colorado,7216
4/11/2015,5273,2257,Connecticut,7530
4/11/2015,2093,391,Delaware,2484
4/11/2015,1127,225,Dist. of Columbia,1352
4/11/2015,38531,10922,Florida,49453
4/11/2015,12348,1408,Georgia,13756
4/11/2015,2856,646,Idaho,3502
4/11/2015,12838,2200,Illinois,15038
4/11/2015,8326,1931,Indiana,10257
4/11/2015,3981,1629,Iowa,5610
4/11/2015,3898,456,Kansas,4354
4/11/2015,7165,1055,Kentucky,8220
4/11/2015,8362,2365,Louisiana,10727
4/11/2015,1079,975,Maine,2054
4/11/2015,9683,1354,Maryland,11037
4/11/2015,8686,1094,Massachusetts,9780
4/11/2015,10633,1310,Michigan,11943
4/11/2015,6740,619,Minnesota,7359
4/11/2015,8888,797,Missouri,9685
4/11/2015,869,542,Montana,1411
4/11/2015,3563,616,Nebraska,4179
4/11/2015,2861,493,New Hampshire,3354
4/11/2015,15529,1875,New Jersey,17404
4/11/2015,2364,717,New Mexico,3081
4/11/2015,30860,2580,New York,33440
4/11/2015,11137,4496,North Carolina,15633
4/11/2015,618,596,North Dakota,1214
4/11/2015,9020,2587,Ohio,11607
4/11/2015,2661,2224,Oklahoma,4885
4/11/2015,3123,941,Oregon,4064
4/11/2015,18826,6115,Pennsylvania,24941
4/11/2015,1779,8277,Puerto Rico,10056
4/11/2015,2367,693,Rhode Island,3060
4/11/2015,5163,3806,South Carolina,8969
4/11/2015,1092,380,South Dakota,1472
4/11/2015,7570,3395,Tennessee,10965
4/11/2015,18484,7342,Texas,25826
4/11/2015,504,447,Vermont,951
4/11/2015,129,262,Virgin Islands,391
4/11/2015,9479,1988,Virginia,11467
4/11/2015,4809,730,Washington,5539
4/11/2015,3424,654,West Virginia,4078
4/11/2015,6845,1247,Wisconsin,8092
4/11/2015,598,418,Wyoming,1016
4/8/2015,9402,1352,Arizona,10754
4/8/2015,1311,1039,Arkansas,2350
4/8/2015,34644,0,California,34644
4/8/2015,3504,3004,Colorado,6508
4/8/2015,4395,2134,Connecticut,6529
4/8/2015,1775,306,Delaware,2081
4/8/2015,981,206,Dist. of Columbia,1187
4/8/2015,29686,8803,Florida,38489
4/8/2015,9435,1157,Georgia,10592
4/8/2015,2581,583,Idaho,3164
4/8/2015,11671,2085,Illinois,13756
4/8/2015,6917,1761,Indiana,8678
4/8/2015,3494,1450,Iowa,4944
4/8/2015,3388,450,Kansas,3838
4/8/2015,5728,863,Kentucky,6591
4/8/2015,6732,2073,Louisiana,8805
4/8/2015,911,795,Maine,1706
4/8/2015,7617,1103,Maryland,8720
4/8/2015,7401,969,Massachusetts,8370
4/8/2015,8883,1151,Michigan,10034
4/8/2015,6201,541,Minnesota,6742
4/8/2015,7753,739,Missouri,8492
4/8/2015,802,432,Montana,1234
4/8/2015,3200,603,Nebraska,3803
4/8/2015,2527,473,New Hampshire,3000
4/8/2015,14239,1861,New Jersey,16100
4/8/2015,2005,636,New Mexico,2641
4/8/2015,25051,2335,New York,27386
4/8/2015,8540,3670,North Carolina,12210
4/8/2015,541,553,North Dakota,1094
4/8/2015,7509,2489,Ohio,9998
4/8/2015,2221,1881,Oklahoma,4102
4/8/2015,2718,885,Oregon,3603
4/8/2015,15905,5366,Pennsylvania,21271
4/8/2015,1324,6504,Puerto Rico,7828
4/8/2015,1936,587,Rhode Island,2523
4/8/2015,4049,3048,South Carolina,7097
4/8/2015,972,355,South Dakota,1327
4/8/2015,5902,2840,Tennessee,8742
4/8/2015,15347,6547,Texas,21894
4/8/2015,533,313,Vermont,846
4/8/2015,105,183,Virgin Islands,288
4/8/2015,7806,1700,Virginia,9506
4/8/2015,4462,726,Washington,5188
4/8/2015,2963,565,West Virginia,3528
4/8/2015,6061,1282,Wisconsin,7343
4/8/2015,567,428,Wyoming,995
4/4/2015,9726,1244,Arizona,10970
4/4/2015,1326,1065,Arkansas,2391
4/4/2015,34699,0,California,34699
4/4/2015,3623,3053,Colorado,6676
4/4/2015,4872,2147,Connecticut,7019
4/4/2015,1884,319,Delaware,2203
4/4/2015,967,175,Dist. of Columbia,1142
4/4/2015,33687,8938,Florida,42625
4/4/2015,10278,1184,Georgia,11462
4/4/2015,2375,524,Idaho,2899
4/4/2015,11385,1882,Illinois,13267
4/4/2015,7923,1817,Indiana,9740
4/4/2015,3786,1450,Iowa,5236
4/4/2015,3588,389,Kansas,3977
4/4/2015,6426,900,Kentucky,7326
4/4/2015,7355,2098,Louisiana,9453
4/4/2015,1041,926,Maine,1967
4/4/2015,8384,1187,Maryland,9571
4/4/2015,7999,949,Massachusetts,8948
4/4/2015,9465,1123,Michigan,10588
4/4/2015,6204,476,Minnesota,6680
4/4/2015,8500,677,Missouri,9177
4/4/2015,815,500,Montana,1315
4/4/2015,3205,585,Nebraska,3790
4/4/2015,2812,452,New Hampshire,3264
4/4/2015,14426,1733,New Jersey,16159
4/4/2015,2115,625,New Mexico,2740
4/4/2015,25805,2219,New York,28024
4/4/2015,9476,3771,North Carolina,13247
4/4/2015,526,556,North Dakota,1082
4/4/2015,8020,2445,Ohio,10465
4/4/2015,2225,2003,Oklahoma,4228
4/4/2015,2607,836,Oregon,3443
4/4/2015,16920,5475,Pennsylvania,22395
4/4/2015,1081,5684,Puerto Rico,6765
4/4/2015,2246,652,Rhode Island,2898
4/4/2015,4529,3413,South Carolina,7942
4/4/2015,1014,330,South Dakota,1344
4/4/2015,6444,2976,Tennessee,9420
4/4/2015,16143,6192,Texas,22335
4/4/2015,540,382,Vermont,922
4/4/2015,91,213,Virgin Islands,304
4/4/2015,8296,1801,Virginia,10097
4/4/2015,4038,600,Washington,4638
4/4/2015,3207,571,West Virginia,3778
4/4/2015,6568,1169,Wisconsin,7737
4/4/2015,586,380,Wyoming,966
4/1/2015,8623,1125,Arizona,9748
4/1/2015,1130,887,Arkansas,2017
4/1/2015,35604,0,California,35604
4/1/2015,3046,2621,Colorado,5667
4/1/2015,4038,1884,Connecticut,5922
4/1/2015,1421,260,Delaware,1681
4/1/2015,971,209,Dist. of Columbia,1180
4/1/2015,27325,7553,Florida,34878
4/1/2015,8928,1115,Georgia,10043
4/1/2015,2089,468,Idaho,2557
4/1/2015,10298,1827,Illinois,12125
4/1/2015,5917,1477,Indiana,7394
4/1/2015,3181,1245,Iowa,4426
4/1/2015,2984,354,Kansas,3338
4/1/2015,5561,839,Kentucky,6400
4/1/2015,6312,1885,Louisiana,8197
4/1/2015,869,751,Maine,1620
4/1/2015,7427,1075,Maryland,8502
4/1/2015,6847,900,Massachusetts,7747
4/1/2015,8365,1071,Michigan,9436
4/1/2015,5370,507,Minnesota,5877
4/1/2015,7167,589,Missouri,7756
4/1/2015,719,422,Montana,1141
4/1/2015,2771,585,Nebraska,3356
4/1/2015,2229,392,New Hampshire,2621
4/1/2015,13407,1654,New Jersey,15061
4/1/2015,1862,587,New Mexico,2449
4/1/2015,24586,2149,New York,26735
4/1/2015,7856,3103,North Carolina,10959
4/1/2015,441,488,North Dakota,929
4/1/2015,7029,2129,Ohio,9158
4/1/2015,1901,1627,Oklahoma,3528
4/1/2015,2199,762,Oregon,2961
4/1/2015,14459,4813,Pennsylvania,19272
4/1/2015,1230,5702,Puerto Rico,6932
4/1/2015,1845,519,Rhode Island,2364
4/1/2015,3652,2783,South Carolina,6435
4/1/2015,893,292,South Dakota,1185
4/1/2015,5409,2606,Tennessee,8015
4/1/2015,14015,5665,Texas,19680
4/1/2015,419,300,Vermont,719
4/1/2015,80,169,Virgin Islands,249
4/1/2015,7158,1621,Virginia,8779
4/1/2015,3707,616,Washington,4323
4/1/2015,2621,502,West Virginia,3123
4/1/2015,5405,1062,Wisconsin,6467
4/1/2015,535,357,Wyoming,892
3/28/2015,9942,1379,Arizona,11321
3/28/2015,1444,1267,Arkansas,2711
3/28/2015,38758,0,California,38758
3/28/2015,3403,3115,Colorado,6518
3/28/2015,5001,2347,Connecticut,7348
3/28/2015,1957,357,Delaware,2314
3/28/2015,983,231,Dist. of Columbia,1214
3/28/2015,38788,11199,Florida,49987
3/28/2015,11020,1309,Georgia,12329
3/28/2015,2648,633,Idaho,3281
3/28/2015,11054,2014,Illinois,13068
3/28/2015,7519,1911,Indiana,9430
3/28/2015,3988,1525,Iowa,5513
3/28/2015,3445,474,Kansas,3919
3/28/2015,6864,1042,Kentucky,7906
3/28/2015,7441,2227,Louisiana,9668
3/28/2015,1102,999,Maine,2101
3/28/2015,8558,1312,Maryland,9870
3/28/2015,8192,1159,Massachusetts,9351
3/28/2015,9305,1213,Michigan,10518
3/28/2015,6159,571,Minnesota,6730
3/28/2015,8384,742,Missouri,9126
3/28/2015,895,506,Montana,1401
3/28/2015,3459,656,Nebraska,4115
3/28/2015,2949,523,New Hampshire,3472
3/28/2015,14609,1811,New Jersey,16420
3/28/2015,2075,764,New Mexico,2839
3/28/2015,26966,2320,New York,29286
3/28/2015,10672,4344,North Carolina,15016
3/28/2015,543,621,North Dakota,1164
3/28/2015,7997,2656,Ohio,10653
3/28/2015,2373,2184,Oklahoma,4557
3/28/2015,2325,851,Oregon,3176
3/28/2015,17789,6138,Pennsylvania,23927
3/28/2015,1924,8725,Puerto Rico,10649
3/28/2015,2365,685,Rhode Island,3050
3/28/2015,4699,3785,South Carolina,8484
3/28/2015,1064,363,South Dakota,1427
3/28/2015,7371,3591,Tennessee,10962
3/28/2015,15875,6489,Texas,22364
3/28/2015,496,379,Vermont,875
3/28/2015,100,229,Virgin Islands,329
3/28/2015,8771,1885,Virginia,10656
3/28/2015,3813,603,Washington,4416
3/28/2015,3281,649,West Virginia,3930
3/28/2015,6412,1211,Wisconsin,7623
3/28/2015,618,443,Wyoming,1061
3/25/2015,8831,1186,Arizona,10017
3/25/2015,1203,950,Arkansas,2153
3/25/2015,35826,0,California,35826
3/25/2015,2861,2530,Colorado,5391
3/25/2015,3941,1890,Connecticut,5831
3/25/2015,1536,282,Delaware,1818
3/25/2015,1054,198,Dist. of Columbia,1252
3/25/2015,27847,8005,Florida,35852
3/25/2015,9615,1160,Georgia,10775
3/25/2015,2413,569,Idaho,2982
3/25/2015,9768,1811,Illinois,11579
3/25/2015,5861,1558,Indiana,7419
3/25/2015,3073,1242,Iowa,4315
3/25/2015,2973,378,Kansas,3351
3/25/2015,5761,886,Kentucky,6647
3/25/2015,6615,1955,Louisiana,8570
3/25/2015,766,660,Maine,1426
3/25/2015,7089,1083,Maryland,8172
3/25/2015,6428,841,Massachusetts,7269
3/25/2015,7934,1019,Michigan,8953
3/25/2015,5108,457,Minnesota,5565
3/25/2015,7312,665,Missouri,7977
3/25/2015,816,429,Montana,1245
3/25/2015,2889,549,Nebraska,3438
3/25/2015,2202,364,New Hampshire,2566
3/25/2015,12970,1553,New Jersey,14523
3/25/2015,1983,595,New Mexico,2578
3/25/2015,24322,2108,New York,26430
3/25/2015,8417,3608,North Carolina,12025
3/25/2015,471,555,North Dakota,1026
3/25/2015,6569,2158,Ohio,8727
3/25/2015,1930,1882,Oklahoma,3812
3/25/2015,2071,706,Oregon,2777
3/25/2015,14246,5064,Pennsylvania,19310
3/25/2015,1323,5994,Puerto Rico,7317
3/25/2015,1902,551,Rhode Island,2453
3/25/2015,3770,3010,South Carolina,6780
3/25/2015,907,334,South Dakota,1241
3/25/2015,5662,2683,Tennessee,8345
3/25/2015,12996,5338,Texas,18334
3/25/2015,418,323,Vermont,741
3/25/2015,87,210,Virgin Islands,297
3/25/2015,7101,1516,Virginia,8617
3/25/2015,3548,548,Washington,4096
3/25/2015,2774,512,West Virginia,3286
3/25/2015,5213,1090,Wisconsin,6303
3/25/2015,560,417,Wyoming,977
3/21/2015,10849,1561,Arizona,12410
3/21/2015,1742,1444,Arkansas,3186
3/21/2015,45137,0,California,45137
3/21/2015,3711,3556,Colorado,7267
3/21/2015,5222,2363,Connecticut,7585
3/21/2015,2063,366,Delaware,2429
3/21/2015,1185,278,Dist. of Columbia,1463
3/21/2015,40574,11881,Florida,52455
3/21/2015,13088,1716,Georgia,14804
3/21/2015,2949,753,Idaho,3702
3/21/2015,12825,2419,Illinois,15244
3/21/2015,8346,2103,Indiana,10449
3/21/2015,4047,1649,Iowa,5696
3/21/2015,3926,508,Kansas,4434
3/21/2015,7511,1164,Kentucky,8675
3/21/2015,8470,2504,Louisiana,10974
3/21/2015,1153,1012,Maine,2165
3/21/2015,9746,1626,Maryland,11372
3/21/2015,9485,1304,Massachusetts,10789
3/21/2015,10810,1517,Michigan,12327
3/21/2015,6644,634,Minnesota,7278
3/21/2015,9252,875,Missouri,10127
3/21/2015,1047,560,Montana,1607
3/21/2015,3848,706,Nebraska,4554
3/21/2015,3084,610,New Hampshire,3694
3/21/2015,15244,2024,New Jersey,17268
3/21/2015,2531,824,New Mexico,3355
3/21/2015,30043,2753,New York,32796
3/21/2015,12236,5067,North Carolina,17303
3/21/2015,568,622,North Dakota,1190
3/21/2015,8777,2976,Ohio,11753
3/21/2015,2618,2483,Oklahoma,5101
3/21/2015,2652,982,Oregon,3634
3/21/2015,18672,6433,Pennsylvania,25105
3/21/2015,1928,8723,Puerto Rico,10651
3/21/2015,2479,675,Rhode Island,3154
3/21/2015,5279,4261,South Carolina,9540
3/21/2015,1159,379,South Dakota,1538
3/21/2015,7571,3665,Tennessee,11236
3/21/2015,18113,7623,Texas,25736
3/21/2015,535,409,Vermont,944
3/21/2015,145,313,Virgin Islands,458
3/21/2015,9854,2249,Virginia,12103
3/21/2015,4406,722,Washington,5128
3/21/2015,3536,700,West Virginia,4236
3/21/2015,7003,1380,Wisconsin,8383
3/21/2015,737,491,Wyoming,1228
3/18/2015,9269,1179,Arizona,10448
3/18/2015,1356,1079,Arkansas,2435
3/18/2015,39895,0,California,39895
3/18/2015,3127,2664,Colorado,5791
3/18/2015,4257,1979,Connecticut,6236
3/18/2015,1737,294,Delaware,2031
3/18/2015,1022,204,Dist. of Columbia,1226
3/18/2015,31695,9133,Florida,40828
3/18/2015,10102,1206,Georgia,11308
3/18/2015,2618,600,Idaho,3218
3/18/2015,11135,2039,Illinois,13174
3/18/2015,6475,1642,Indiana,8117
3/18/2015,3474,1321,Iowa,4795
3/18/2015,3229,410,Kansas,3639
3/18/2015,6079,968,Kentucky,7047
3/18/2015,7190,2161,Louisiana,9351
3/18/2015,811,761,Maine,1572
3/18/2015,8159,1274,Maryland,9433
3/18/2015,7417,1003,Massachusetts,8420
3/18/2015,8810,1226,Michigan,10036
3/18/2015,5835,510,Minnesota,6345
3/18/2015,7716,667,Missouri,8383
3/18/2015,847,460,Montana,1307
3/18/2015,3226,582,Nebraska,3808
3/18/2015,2389,450,New Hampshire,2839
3/18/2015,13622,1654,New Jersey,15276
3/18/2015,2166,682,New Mexico,2848
3/18/2015,25023,2305,New York,27328
3/18/2015,9404,3913,North Carolina,13317
3/18/2015,485,580,North Dakota,1065
3/18/2015,7264,2396,Ohio,9660
3/18/2015,2159,1919,Oklahoma,4078
3/18/2015,2343,816,Oregon,3159
3/18/2015,15143,5389,Pennsylvania,20532
3/18/2015,1450,6193,Puerto Rico,7643
3/18/2015,2020,606,Rhode Island,2626
3/18/2015,4284,3249,South Carolina,7533
3/18/2015,960,326,South Dakota,1286
3/18/2015,6144,2808,Tennessee,8952
3/18/2015,14386,5900,Texas,20286
3/18/2015,443,317,Vermont,760
3/18/2015,114,247,Virgin Islands,361
3/18/2015,7838,1733,Virginia,9571
3/18/2015,3871,601,Washington,4472
3/18/2015,3047,574,West Virginia,3621
3/18/2015,6149,1200,Wisconsin,7349
3/18/2015,674,489,Wyoming,1163
3/14/2015,12853,1434,Arizona,14287
3/14/2015,2073,1727,Arkansas,3800
3/14/2015,60642,0,California,60642
3/14/2015,5453,4408,Colorado,9861
3/14/2015,6746,2737,Connecticut,9483
3/14/2015,2734,395,Delaware,3129
3/14/2015,1344,236,Dist. of Columbia,1580
3/14/2015,53289,13843,Florida,67132
3/14/2015,15564,1624,Georgia,17188
3/14/2015,3345,760,Idaho,4105
3/14/2015,17479,2701,Illinois,20180
3/14/2015,10473,2189,Indiana,12662
3/14/2015,5371,1905,Iowa,7276
3/14/2015,4809,598,Kansas,5407
3/14/2015,8909,1199,Kentucky,10108
3/14/2015,10068,2643,Louisiana,12711
3/14/2015,1341,1161,Maine,2502
3/14/2015,12428,1700,Maryland,14128
3/14/2015,11663,1267,Massachusetts,12930
3/14/2015,13994,1497,Michigan,15491
3/14/2015,8505,642,Minnesota,9147
3/14/2015,11415,880,Missouri,12295
3/14/2015,1046,521,Montana,1567
3/14/2015,4327,742,Nebraska,5069
3/14/2015,3760,571,New Hampshire,4331
3/14/2015,21887,2273,New Jersey,24160
3/14/2015,3155,873,New Mexico,4028
3/14/2015,39740,2990,New York,42730
3/14/2015,15368,5663,North Carolina,21031
3/14/2015,827,820,North Dakota,1647
3/14/2015,13449,3446,Ohio,16895
3/14/2015,3789,2979,Oklahoma,6768
3/14/2015,3799,1094,Oregon,4893
3/14/2015,28987,8511,Pennsylvania,37498
3/14/2015,2554,10701,Puerto Rico,13255
3/14/2015,2702,711,Rhode Island,3413
3/14/2015,6671,5042,South Carolina,11713
3/14/2015,1427,470,South Dakota,1897
3/14/2015,9916,4277,Tennessee,14193
3/14/2015,26196,9074,Texas,35270
3/14/2015,683,505,Vermont,1188
3/14/2015,124,259,Virgin Islands,383
3/14/2015,12835,2460,Virginia,15295
3/14/2015,6264,879,Washington,7143
3/14/2015,4397,717,West Virginia,5114
3/14/2015,8754,1444,Wisconsin,10198
3/14/2015,778,556,Wyoming,1334
3/11/2015,12038,1514,Arizona,13552
3/11/2015,1804,1371,Arkansas,3175
3/11/2015,57480,0,California,57480
3/11/2015,4750,3573,Colorado,8323
3/11/2015,5859,2556,Connecticut,8415
3/11/2015,2298,371,Delaware,2669
3/11/2015,1312,233,Dist. of Columbia,1545
3/11/2015,41005,10974,Florida,51979
3/11/2015,13063,1441,Georgia,14504
3/11/2015,3195,700,Idaho,3895
3/11/2015,16461,2590,Illinois,19051
3/11/2015,8829,1954,Indiana,10783
3/11/2015,4642,1633,Iowa,6275
3/11/2015,4332,541,Kansas,4873
3/11/2015,7980,1130,Kentucky,9110
3/11/2015,8881,2381,Louisiana,11262
3/11/2015,1148,912,Maine,2060
3/11/2015,10335,1421,Maryland,11756
3/11/2015,10261,1190,Massachusetts,11451
3/11/2015,12358,1423,Michigan,13781
3/11/2015,7896,577,Minnesota,8473
3/11/2015,10301,873,Missouri,11174
3/11/2015,972,518,Montana,1490
3/11/2015,4070,718,Nebraska,4788
3/11/2015,3110,510,New Hampshire,3620
3/11/2015,21062,2195,New Jersey,23257
3/11/2015,2707,777,New Mexico,3484
3/11/2015,37166,2917,New York,40083
3/11/2015,12263,4472,North Carolina,16735
3/11/2015,737,740,North Dakota,1477
3/11/2015,10954,2847,Ohio,13801
3/11/2015,3163,2400,Oklahoma,5563
3/11/2015,3516,975,Oregon,4491
3/11/2015,23633,7156,Pennsylvania,30789
3/11/2015,1762,7603,Puerto Rico,9365
3/11/2015,2461,609,Rhode Island,3070
3/11/2015,5054,3593,South Carolina,8647
3/11/2015,1265,404,South Dakota,1669
3/11/2015,8048,3375,Tennessee,11423
3/11/2015,20955,7626,Texas,28581
3/11/2015,549,403,Vermont,952
3/11/2015,127,249,Virgin Islands,376
3/11/2015,10583,2117,Virginia,12700
3/11/2015,6087,816,Washington,6903
3/11/2015,3864,654,West Virginia,4518
3/11/2015,7883,1382,Wisconsin,9265
3/11/2015,785,584,Wyoming,1369
3/7/2015,12308,1516,Arizona,13824
3/7/2015,1780,1375,Arkansas,3155
3/7/2015,52947,0,California,52947
3/7/2015,4752,3967,Colorado,8719
3/7/2015,5965,2558,Connecticut,8523
3/7/2015,2145,326,Delaware,2471
3/7/2015,1003,209,Dist. of Columbia,1212
3/7/2015,44467,11950,Florida,56417
3/7/2015,13808,1523,Georgia,15331
3/7/2015,3261,727,Idaho,3988
3/7/2015,15947,2502,Illinois,18449
3/7/2015,9801,2138,Indiana,11939
3/7/2015,4785,1721,Iowa,6506
3/7/2015,4642,524,Kansas,5166
3/7/2015,7401,1056,Kentucky,8457
3/7/2015,9548,2543,Louisiana,12091
3/7/2015,1204,1019,Maine,2223
3/7/2015,9480,1320,Maryland,10800
3/7/2015,10421,1206,Massachusetts,11627
3/7/2015,12422,1300,Michigan,13722
3/7/2015,7929,634,Minnesota,8563
3/7/2015,10944,871,Missouri,11815
3/7/2015,1080,561,Montana,1641
3/7/2015,4126,730,Nebraska,4856
3/7/2015,3354,523,New Hampshire,3877
3/7/2015,17824,2074,New Jersey,19898
3/7/2015,2752,819,New Mexico,3571
3/7/2015,35004,2747,New York,37751
3/7/2015,12784,4815,North Carolina,17599
3/7/2015,715,716,North Dakota,1431
3/7/2015,10979,2953,Ohio,13932
3/7/2015,3083,2593,Oklahoma,5676
3/7/2015,3605,1026,Oregon,4631
3/7/2015,21876,7154,Pennsylvania,29030
3/7/2015,2288,9674,Puerto Rico,11962
3/7/2015,2547,689,Rhode Island,3236
3/7/2015,5709,4125,South Carolina,9834
3/7/2015,1325,437,South Dakota,1762
3/7/2015,7578,3269,Tennessee,10847
3/7/2015,22176,8378,Texas,30554
3/7/2015,596,375,Vermont,971
3/7/2015,148,252,Virgin Islands,400
3/7/2015,10002,2055,Virginia,12057
3/7/2015,5700,803,Washington,6503
3/7/2015,3555,645,West Virginia,4200
3/7/2015,8130,1587,Wisconsin,9717
3/7/2015,776,601,Wyoming,1377
3/4/2015,10170,1242,Arizona,11412
3/4/2015,1449,1175,Arkansas,2624
3/4/2015,42924,0,California,42924
3/4/2015,3752,3091,Colorado,6843
3/4/2015,4612,2077,Connecticut,6689
3/4/2015,1882,295,Delaware,2177
3/4/2015,1050,215,Dist. of Columbia,1265
3/4/2015,32836,8910,Florida,41746
3/4/2015,10975,1159,Georgia,12134
3/4/2015,2757,644,Idaho,3401
3/4/2015,12604,1969,Illinois,14573
3/4/2015,7271,1671,Indiana,8942
3/4/2015,3799,1356,Iowa,5155
3/4/2015,3518,429,Kansas,3947
3/4/2015,6917,1001,Kentucky,7918
3/4/2015,7988,2158,Louisiana,10146
3/4/2015,907,736,Maine,1643
3/4/2015,9174,1184,Maryland,10358
3/4/2015,7850,904,Massachusetts,8754
3/4/2015,9681,1035,Michigan,10716
3/4/2015,6278,489,Minnesota,6767
3/4/2015,8300,695,Missouri,8995
3/4/2015,856,480,Montana,1336
3/4/2015,3437,629,Nebraska,4066
3/4/2015,2433,391,New Hampshire,2824
3/4/2015,15890,1785,New Jersey,17675
3/4/2015,2333,627,New Mexico,2960
3/4/2015,28523,2222,New York,30745
3/4/2015,10256,3915,North Carolina,14171
3/4/2015,594,617,North Dakota,1211
3/4/2015,8545,2370,Ohio,10915
3/4/2015,2251,1947,Oklahoma,4198
3/4/2015,2864,874,Oregon,3738
3/4/2015,17983,5683,Pennsylvania,23666
3/4/2015,1631,6686,Puerto Rico,8317
3/4/2015,2078,553,Rhode Island,2631
3/4/2015,4412,3391,South Carolina,7803
3/4/2015,1046,364,South Dakota,1410
3/4/2015,6598,2933,Tennessee,9531
3/4/2015,17642,6710,Texas,24352
3/4/2015,482,310,Vermont,792
3/4/2015,105,213,Virgin Islands,318
3/4/2015,8900,1731,Virginia,10631
3/4/2015,5154,714,Washington,5868
3/4/2015,3406,596,West Virginia,4002
3/4/2015,6354,1128,Wisconsin,7482
3/4/2015,684,513,Wyoming,1197
2/28/2015,11409,1489,Arizona,12898
2/28/2015,1791,1400,Arkansas,3191
2/28/2015,46555,0,California,46555
2/28/2015,3874,3465,Colorado,7339
2/28/2015,5415,2491,Connecticut,7906
2/28/2015,2231,346,Delaware,2577
2/28/2015,1184,245,Dist. of Columbia,1429
2/28/2015,42481,11970,Florida,54451
2/28/2015,13946,1631,Georgia,15577
2/28/2015,2996,756,Idaho,3752
2/28/2015,13869,2416,Illinois,16285
2/28/2015,9194,2206,Indiana,11400
2/28/2015,4249,1636,Iowa,5885
2/28/2015,3916,520,Kansas,4436
2/28/2015,7790,1159,Kentucky,8949
2/28/2015,9719,2839,Louisiana,12558
2/28/2015,1050,1008,Maine,2058
2/28/2015,10593,1632,Maryland,12225
2/28/2015,9123,1238,Massachusetts,10361
2/28/2015,11551,1418,Michigan,12969
2/28/2015,6882,591,Minnesota,7473
2/28/2015,9578,794,Missouri,10372
2/28/2015,945,574,Montana,1519
2/28/2015,3873,704,Nebraska,4577
2/28/2015,3095,499,New Hampshire,3594
2/28/2015,15874,1981,New Jersey,17855
2/28/2015,2181,734,New Mexico,2915
2/28/2015,30745,2671,New York,33416
2/28/2015,13122,5280,North Carolina,18402
2/28/2015,631,660,North Dakota,1291
2/28/2015,9462,2934,Ohio,12396
2/28/2015,2352,2131,Oklahoma,4483
2/28/2015,2824,957,Oregon,3781
2/28/2015,19389,6601,Pennsylvania,25990
2/28/2015,1916,7815,Puerto Rico,9731
2/28/2015,2583,729,Rhode Island,3312
2/28/2015,5866,4503,South Carolina,10369
2/28/2015,1148,421,South Dakota,1569
2/28/2015,8086,3708,Tennessee,11794
2/28/2015,18977,7383,Texas,26360
2/28/2015,540,373,Vermont,913
2/28/2015,136,265,Virgin Islands,401
2/28/2015,9877,2154,Virginia,12031
2/28/2015,4653,695,Washington,5348
2/28/2015,3862,703,West Virginia,4565
2/28/2015,6898,1358,Wisconsin,8256
2/28/2015,768,679,Wyoming,1447
2/25/2015,10393,1421,Arizona,11814
2/25/2015,1443,1175,Arkansas,2618
2/25/2015,43826,0,California,43826
2/25/2015,3365,3005,Colorado,6370
2/25/2015,4594,2162,Connecticut,6756
2/25/2015,1967,329,Delaware,2296
2/25/2015,1117,223,Dist. of Columbia,1340
2/25/2015,35494,10204,Florida,45698
2/25/2015,11801,1388,Georgia,13189
2/25/2015,2930,703,Idaho,3633
2/25/2015,12537,2314,Illinois,14851
2/25/2015,7203,1746,Indiana,8949
2/25/2015,3753,1360,Iowa,5113
2/25/2015,3667,458,Kansas,4125
2/25/2015,6657,1021,Kentucky,7678
2/25/2015,7762,2269,Louisiana,10031
2/25/2015,856,799,Maine,1655
2/25/2015,8834,1259,Maryland,10093
2/25/2015,7959,1082,Massachusetts,9041
2/25/2015,9919,1306,Michigan,11225
2/25/2015,6260,599,Minnesota,6859
2/25/2015,8937,786,Missouri,9723
2/25/2015,910,488,Montana,1398
2/25/2015,3626,677,Nebraska,4303
2/25/2015,2497,481,New Hampshire,2978
2/25/2015,14995,1879,New Jersey,16874
2/25/2015,2325,757,New Mexico,3082
2/25/2015,28170,2595,New York,30765
2/25/2015,11717,4598,North Carolina,16315
2/25/2015,542,600,North Dakota,1142
2/25/2015,7766,2544,Ohio,10310
2/25/2015,2372,2162,Oklahoma,4534
2/25/2015,2619,898,Oregon,3517
2/25/2015,16703,5796,Pennsylvania,22499
2/25/2015,1516,5805,Puerto Rico,7321
2/25/2015,2039,636,Rhode Island,2675
2/25/2015,4858,3648,South Carolina,8506
2/25/2015,1016,374,South Dakota,1390
2/25/2015,6707,3032,Tennessee,9739
2/25/2015,16417,6664,Texas,23081
2/25/2015,501,343,Vermont,844
2/25/2015,93,174,Virgin Islands,267
2/25/2015,9047,1960,Virginia,11007
2/25/2015,4390,694,Washington,5084
2/25/2015,3320,668,West Virginia,3988
2/25/2015,6375,1273,Wisconsin,7648
2/25/2015,766,588,Wyoming,1354
2/21/2015,10166,1350,Arizona,11516
2/21/2015,1439,1325,Arkansas,2764
2/21/2015,39816,0,California,39816
2/21/2015,3429,3236,Colorado,6665
2/21/2015,4625,2179,Connecticut,6804
2/21/2015,1686,312,Delaware,1998
2/21/2015,828,155,Dist. of Columbia,983
2/21/2015,36235,10001,Florida,46236
2/21/2015,11734,1310,Georgia,13044
2/21/2015,2853,662,Idaho,3515
2/21/2015,11058,1967,Illinois,13025
2/21/2015,7599,1837,Indiana,9436
2/21/2015,3840,1510,Iowa,5350
2/21/2015,3801,487,Kansas,4288
2/21/2015,5863,874,Kentucky,6737
2/21/2015,8166,2314,Louisiana,10480
2/21/2015,1002,885,Maine,1887
2/21/2015,7541,1098,Maryland,8639
2/21/2015,7604,943,Massachusetts,8547
2/21/2015,9272,1125,Michigan,10397
2/21/2015,6279,524,Minnesota,6803
2/21/2015,8285,741,Missouri,9026
2/21/2015,800,466,Montana,1266
2/21/2015,3639,659,Nebraska,4298
2/21/2015,2749,471,New Hampshire,3220
2/21/2015,13048,1687,New Jersey,14735
2/21/2015,2213,657,New Mexico,2870
2/21/2015,24503,2115,New York,26618
2/21/2015,10836,4311,North Carolina,15147
2/21/2015,507,581,North Dakota,1088
2/21/2015,6786,2158,Ohio,8944
2/21/2015,2528,2162,Oklahoma,4690
2/21/2015,2484,835,Oregon,3319
2/21/2015,15199,5413,Pennsylvania,20612
2/21/2015,1636,6675,Puerto Rico,8311
2/21/2015,2246,650,Rhode Island,2896
2/21/2015,4768,3769,South Carolina,8537
2/21/2015,1007,334,South Dakota,1341
2/21/2015,5867,2824,Tennessee,8691
2/21/2015,17610,6799,Texas,24409
2/21/2015,434,379,Vermont,813
2/21/2015,90,177,Virgin Islands,267
2/21/2015,7316,1596,Virginia,8912
2/21/2015,3946,594,Washington,4540
2/21/2015,2780,449,West Virginia,3229
2/21/2015,6293,1251,Wisconsin,7544
2/21/2015,758,598,Wyoming,1356
2/18/2015,9642,1248,Arizona,10890
2/18/2015,1251,1055,Arkansas,2306
2/18/2015,40116,0,California,40116
2/18/2015,2951,2699,Colorado,5650
2/18/2015,3963,1872,Connecticut,5835
2/18/2015,1454,256,Delaware,1710
2/18/2015,820,174,Dist. of Columbia,994
2/18/2015,30711,8841,Florida,39552
2/18/2015,10704,1290,Georgia,11994
2/18/2015,3066,709,Idaho,3775
2/18/2015,10356,1874,Illinois,12230
2/18/2015,6427,1580,Indiana,8007
2/18/2015,3352,1320,Iowa,4672
2/18/2015,3273,444,Kansas,3717
2/18/2015,4951,751,Kentucky,5702
2/18/2015,7295,2029,Louisiana,9324
2/18/2015,801,718,Maine,1519
2/18/2015,7116,1121,Maryland,8237
2/18/2015,6813,978,Massachusetts,7791
2/18/2015,8625,1054,Michigan,9679
2/18/2015,5747,511,Minnesota,6258
2/18/2015,7121,609,Missouri,7730
2/18/2015,885,461,Montana,1346
2/18/2015,3174,618,Nebraska,3792
2/18/2015,2277,387,New Hampshire,2664
2/18/2015,12968,1633,New Jersey,14601
2/18/2015,2158,612,New Mexico,2770
2/18/2015,24405,2102,New York,26507
2/18/2015,8626,3403,North Carolina,12029
2/18/2015,557,593,North Dakota,1150
2/18/2015,6752,2156,Ohio,8908
2/18/2015,2058,1823,Oklahoma,3881
2/18/2015,2535,806,Oregon,3341
2/18/2015,14070,4955,Pennsylvania,19025
2/18/2015,1228,5077,Puerto Rico,6305
2/18/2015,1819,531,Rhode Island,2350
2/18/2015,3921,3153,South Carolina,7074
2/18/2015,990,324,South Dakota,1314
2/18/2015,4874,2435,Tennessee,7309
2/18/2015,14647,6030,Texas,20677
2/18/2015,427,320,Vermont,747
2/18/2015,91,159,Virgin Islands,250
2/18/2015,6502,1375,Virginia,7877
2/18/2015,3946,594,Washington,4540
2/18/2015,2642,502,West Virginia,3144
2/18/2015,6034,1247,Wisconsin,7281
2/18/2015,896,598,Wyoming,1494
2/14/2015,10643,1261,Arizona,11904
2/14/2015,1490,1367,Arkansas,2857
2/14/2015,41581,0,California,41581
2/14/2015,3441,3058,Colorado,6499
2/14/2015,4451,2078,Connecticut,6529
2/14/2015,1885,303,Delaware,2188
2/14/2015,1047,187,Dist. of Columbia,1234
2/14/2015,34564,9508,Florida,44072
2/14/2015,11286,1301,Georgia,12587
2/14/2015,3330,659,Idaho,3989
2/14/2015,11442,2023,Illinois,13465
2/14/2015,7907,1777,Indiana,9684
2/14/2015,3912,1335,Iowa,5247
2/14/2015,3688,452,Kansas,4140
2/14/2015,6456,904,Kentucky,7360
2/14/2015,8670,2282,Louisiana,10952
2/14/2015,1116,1002,Maine,2118
2/14/2015,8703,1211,Maryland,9914
2/14/2015,7881,917,Massachusetts,8798
2/14/2015,9689,1081,Michigan,10770
2/14/2015,6419,510,Minnesota,6929
2/14/2015,8247,716,Missouri,8963
2/14/2015,892,500,Montana,1392
2/14/2015,3429,592,Nebraska,4021
2/14/2015,2850,437,New Hampshire,3287
2/14/2015,12932,1613,New Jersey,14545
2/14/2015,2145,675,New Mexico,2820
2/14/2015,24257,2030,New York,26287
2/14/2015,10553,3971,North Carolina,14524
2/14/2015,595,720,North Dakota,1315
2/14/2015,8119,2567,Ohio,10686
2/14/2015,2369,2091,Oklahoma,4460
2/14/2015,2910,919,Oregon,3829
2/14/2015,15336,5561,Pennsylvania,20897
2/14/2015,1340,5271,Puerto Rico,6611
2/14/2015,2150,625,Rhode Island,2775
2/14/2015,4624,3591,South Carolina,8215
2/14/2015,981,331,South Dakota,1312
2/14/2015,7407,3341,Tennessee,10748
2/14/2015,15498,5973,Texas,21471
2/14/2015,496,409,Vermont,905
2/14/2015,80,125,Virgin Islands,205
2/14/2015,7792,1693,Virginia,9485
2/14/2015,3956,586,Washington,4542
2/14/2015,3215,585,West Virginia,3800
2/14/2015,6220,1096,Wisconsin,7316
2/14/2015,1025,679,Wyoming,1704
2/11/2015,133556,7809,Arizona,141365
2/11/2015,21631,14802,Arkansas,36433
2/11/2015,677042,0,California,677042
2/11/2015,58754,37879,Colorado,96633
2/11/2015,62789,15929,Connecticut,78718
2/11/2015,26645,2038,Delaware,28683
2/11/2015,14294,1202,Dist. of Columbia,15496
2/11/2015,414046,71395,Florida,485441
2/11/2015,162669,8844,Georgia,171513
2/11/2015,22903,3974,Idaho,26877
2/11/2015,230368,18685,Illinois,249053
2/11/2015,108310,13230,Indiana,121540
2/11/2015,53557,13763,Iowa,67320
2/11/2015,41291,3112,Kansas,44403
2/11/2015,65531,5041,Kentucky,70572
2/11/2015,86377,13911,Louisiana,100288
2/11/2015,10227,6767,Maine,16994
2/11/2015,141321,8411,Maryland,149732
2/11/2015,133345,6934,Massachusetts,140279
2/11/2015,171790,7449,Michigan,179239
2/11/2015,96755,3394,Minnesota,100149
2/11/2015,111073,3951,Missouri,115024
2/11/2015,8432,3338,Montana,11770
2/11/2015,36633,3495,Nebraska,40128
2/11/2015,28677,2541,New Hampshire,31218
2/11/2015,302063,12923,New Jersey,314986
2/11/2015,32441,6754,New Mexico,39195
2/11/2015,454339,15099,New York,469438
2/11/2015,142388,32222,North Carolina,174610
2/11/2015,9441,6212,North Dakota,15653
2/11/2015,169746,24783,Ohio,194529
2/11/2015,35565,23071,Oklahoma,58636
2/11/2015,46910,6932,Oregon,53842
2/11/2015,307101,58640,Pennsylvania,365741
2/11/2015,3397,10565,Puerto Rico,13962
2/11/2015,20501,3400,Rhode Island,23901
2/11/2015,59574,31409,South Carolina,90983
2/11/2015,13546,3331,South Dakota,16877
2/11/2015,92719,29423,Tennessee,122142
2/11/2015,337790,74549,Texas,412339
2/11/2015,4956,2673,Vermont,7629
2/11/2015,631,832,Virgin Islands,1463
2/11/2015,143245,15496,Virginia,158741
2/11/2015,79568,6004,Washington,85572
2/11/2015,35272,4070,West Virginia,39342
2/11/2015,98997,8144,Wisconsin,107141
2/11/2015,5066,3382,Wyoming,8448
2/7/2015,44487,3603,Arizona,48090
2/7/2015,6825,4623,Arkansas,11448
2/7/2015,253886,0,California,253886
2/7/2015,20132,13047,Colorado,33179
2/7/2015,23018,7018,Connecticut,30036
2/7/2015,10440,972,Delaware,11412
2/7/2015,4304,504,Dist. of Columbia,4808
2/7/2015,150240,30247,Florida,180487
2/7/2015,55776,3943,Georgia,59719
2/7/2015,9706,1912,Idaho,11618
2/7/2015,83573,8150,Illinois,91723
2/7/2015,43719,6305,Indiana,50024
2/7/2015,23697,6486,Iowa,30183
2/7/2015,15678,1370,Kansas,17048
2/7/2015,27591,2685,Kentucky,30276
2/7/2015,35556,6506,Louisiana,42062
2/7/2015,3471,2474,Maine,5945
2/7/2015,48419,3933,Maryland,52352
2/7/2015,57647,3526,Massachusetts,61173
2/7/2015,62075,3708,Michigan,65783
2/7/2015,42746,1884,Minnesota,44630
2/7/2015,42749,1987,Missouri,44736
2/7/2015,3075,1251,Montana,4326
2/7/2015,15343,1831,Nebraska,17174
2/7/2015,14234,1446,New Hampshire,15680
2/7/2015,105507,6236,New Jersey,111743
2/7/2015,10480,2260,New Mexico,12740
2/7/2015,171201,7568,New York,178769
2/7/2015,58045,14957,North Carolina,73002
2/7/2015,3437,2316,North Dakota,5753
2/7/2015,54896,8898,Ohio,63794
2/7/2015,13513,8617,Oklahoma,22130
2/7/2015,18194,3139,Oregon,21333
2/7/2015,129954,26248,Pennsylvania,156202
2/7/2015,2588,9258,Puerto Rico,11846
2/7/2015,10188,1920,Rhode Island,12108
2/7/2015,19080,10906,South Carolina,29986
2/7/2015,5313,1392,South Dakota,6705
2/7/2015,32892,10997,Tennessee,43889
2/7/2015,101120,26851,Texas,127971
2/7/2015,1911,1066,Vermont,2977
2/7/2015,244,347,Virgin Islands,591
2/7/2015,43575,5775,Virginia,49350
2/7/2015,24659,2343,Washington,27002
2/7/2015,14231,1879,West Virginia,16110
2/7/2015,37578,4104,Wisconsin,41682
2/7/2015,1886,1220,Wyoming,3106
2/4/2015,31516,2754,Arizona,34270
2/4/2015,4858,3067,Arkansas,7925
2/4/2015,182197,0,California,182197
2/4/2015,14086,8914,Colorado,23000
2/4/2015,14263,4528,Connecticut,18791
2/4/2015,6636,706,Delaware,7342
2/4/2015,3347,453,Dist. of Columbia,3800
2/4/2015,91246,19712,Florida,110958
2/4/2015,37308,3000,Georgia,40308
2/4/2015,7494,1385,Idaho,8879
2/4/2015,47729,5354,Illinois,53083
2/4/2015,29259,4390,Indiana,33649
2/4/2015,15443,4319,Iowa,19762
2/4/2015,10624,1002,Kansas,11626
2/4/2015,20227,2084,Kentucky,22311
2/4/2015,26307,5064,Louisiana,31371
2/4/2015,1992,1413,Maine,3405
2/4/2015,31669,2702,Maryland,34371
2/4/2015,27978,2298,Massachusetts,30276
2/4/2015,39629,2647,Michigan,42276
2/4/2015,29543,1317,Minnesota,30860
2/4/2015,27688,1483,Missouri,29171
2/4/2015,2217,950,Montana,3167
2/4/2015,9395,1248,Nebraska,10643
2/4/2015,7589,817,New Hampshire,8406
2/4/2015,68912,4442,New Jersey,73354
2/4/2015,7055,1596,New Mexico,8651
2/4/2015,118263,5860,New York,124123
2/4/2015,39657,10666,North Carolina,50323
2/4/2015,2728,1892,North Dakota,4620
2/4/2015,32758,5450,Ohio,38208
2/4/2015,9779,6368,Oklahoma,16147
2/4/2015,15001,2732,Oregon,17733
2/4/2015,80478,16275,Pennsylvania,96753
2/4/2015,1906,6915,Puerto Rico,8821
2/4/2015,6332,1384,Rhode Island,7716
2/4/2015,12558,7518,South Carolina,20076
2/4/2015,3369,907,South Dakota,4276
2/4/2015,21274,7182,Tennessee,28456
2/4/2015,65351,18242,Texas,83593
2/4/2015,1360,750,Vermont,2110
2/4/2015,249,296,Virgin Islands,545
2/4/2015,28086,4097,Virginia,32183
2/4/2015,18215,1789,Washington,20004
2/4/2015,10358,1467,West Virginia,11825
2/4/2015,21930,2775,Wisconsin,24705
2/4/2015,1365,1081,Wyoming,2446
1/31/2015,20350,2046,Arizona,22396
1/31/2015,3501,2554,Arkansas,6055
1/31/2015,116130,0,California,116130
1/31/2015,10450,6790,Colorado,17240
1/31/2015,11502,3794,Connecticut,15296
1/31/2015,4702,590,Delaware,5292
1/31/2015,1857,294,Dist. of Columbia,2151
1/31/2015,67105,15532,Florida,82637
1/31/2015,27389,2437,Georgia,29826
1/31/2015,5777,1135,Idaho,6912
1/31/2015,34808,4236,Illinois,39044
1/31/2015,20649,3597,Indiana,24246
1/31/2015,13527,3962,Iowa,17489
1/31/2015,8252,819,Kansas,9071
1/31/2015,14450,1692,Kentucky,16142
1/31/2015,18524,3678,Louisiana,22202
1/31/2015,1744,1264,Maine,3008
1/31/2015,21969,2221,Maryland,24190
1/31/2015,23845,1963,Massachusetts,25808
1/31/2015,35647,2616,Michigan,38263
1/31/2015,23220,1165,Minnesota,24385
1/31/2015,22886,1244,Missouri,24130
1/31/2015,1425,587,Montana,2012
1/31/2015,8630,1151,Nebraska,9781
1/31/2015,6799,807,New Hampshire,7606
1/31/2015,48886,3420,New Jersey,52306
1/31/2015,4825,1098,New Mexico,5923
1/31/2015,83905,4548,New York,88453
1/31/2015,27418,8093,North Carolina,35511
1/31/2015,1734,1254,North Dakota,2988
1/31/2015,24458,4622,Ohio,29080
1/31/2015,6264,4150,Oklahoma,10414
1/31/2015,9539,1890,Oregon,11429
1/31/2015,56577,12141,Pennsylvania,68718
1/31/2015,2140,7737,Puerto Rico,9877
1/31/2015,5276,1143,Rhode Island,6419
1/31/2015,10277,6322,South Carolina,16599
1/31/2015,2403,701,South Dakota,3104
1/31/2015,14494,5110,Tennessee,19604
1/31/2015,44776,13948,Texas,58724
1/31/2015,1123,667,Vermont,1790
1/31/2015,136,241,Virgin Islands,377
1/31/2015,18874,3139,Virginia,22013
1/31/2015,13044,1406,Washington,14450
1/31/2015,7738,1212,West Virginia,8950
1/31/2015,17997,2238,Wisconsin,20235
1/31/2015,1047,741,Wyoming,1788
1/28/2015,17321,1784,Arizona,19105
1/28/2015,2717,1968,Arkansas,4685
1/28/2015,104018,0,California,104018
1/28/2015,8475,5470,Colorado,13945
1/28/2015,8451,2881,Connecticut,11332
1/28/2015,3948,417,Delaware,4365
1/28/2015,1797,286,Dist. of Columbia,2083
1/28/2015,55927,13251,Florida,69178
1/28/2015,22492,1987,Georgia,24479
1/28/2015,4799,996,Idaho,5795
1/28/2015,27608,3357,Illinois,30965
1/28/2015,14961,2688,Indiana,17649
1/28/2015,10308,2974,Iowa,13282
1/28/2015,6787,675,Kansas,7462
1/28/2015,11445,1368,Kentucky,12813
1/28/2015,16034,3375,Louisiana,19409
1/28/2015,1363,1013,Maine,2376
1/28/2015,17582,1959,Maryland,19541
1/28/2015,18859,1632,Massachusetts,20491
1/28/2015,30382,2281,Michigan,32663
1/28/2015,18648,969,Minnesota,19617
1/28/2015,17849,1041,Missouri,18890
1/28/2015,1213,564,Montana,1777
1/28/2015,7396,1041,Nebraska,8437
1/28/2015,5044,632,New Hampshire,5676
1/28/2015,36153,2869,New Jersey,39022
1/28/2015,4407,1005,New Mexico,5412
1/28/2015,62034,3851,New York,65885
1/28/2015,21163,6133,North Carolina,27296
1/28/2015,1494,1138,North Dakota,2632
1/28/2015,19863,3763,Ohio,23626
1/28/2015,5194,3356,Oklahoma,8550
1/28/2015,7671,1691,Oregon,9362
1/28/2015,45153,9611,Pennsylvania,54764
1/28/2015,1712,5977,Puerto Rico,7689
1/28/2015,3345,826,Rhode Island,4171
1/28/2015,8102,4833,South Carolina,12935
1/28/2015,2163,616,South Dakota,2779
1/28/2015,11842,4004,Tennessee,15846
1/28/2015,37576,11362,Texas,48938
1/28/2015,877,495,Vermont,1372
1/28/2015,153,217,Virgin Islands,370
1/28/2015,15839,2598,Virginia,18437
1/28/2015,10840,1245,Washington,12085
1/28/2015,6092,972,West Virginia,7064
1/28/2015,13025,1772,Wisconsin,14797
1/28/2015,930,704,Wyoming,1634
1/24/2015,16713,1819,Arizona,18532
1/24/2015,3022,2301,Arkansas,5323
1/24/2015,96702,0,California,96702
1/24/2015,8378,5832,Colorado,14210
1/24/2015,9576,3315,Connecticut,12891
1/24/2015,4300,565,Delaware,4865
1/24/2015,1770,317,Dist. of Columbia,2087
1/24/2015,62702,15204,Florida,77906
1/24/2015,22578,2209,Georgia,24787
1/24/2015,5011,1038,Idaho,6049
1/24/2015,27173,3618,Illinois,30791
1/24/2015,15546,3019,Indiana,18565
1/24/2015,10233,3155,Iowa,13388
1/24/2015,7104,761,Kansas,7865
1/24/2015,11686,1467,Kentucky,13153
1/24/2015,14550,3337,Louisiana,17887
1/24/2015,1549,1273,Maine,2822
1/24/2015,19132,2152,Maryland,21284
1/24/2015,21046,1835,Massachusetts,22881
1/24/2015,26002,2194,Michigan,28196
1/24/2015,17060,985,Minnesota,18045
1/24/2015,17967,1198,Missouri,19165
1/24/2015,1267,587,Montana,1854
1/24/2015,7208,1022,Nebraska,8230
1/24/2015,5444,726,New Hampshire,6170
1/24/2015,36855,2900,New Jersey,39755
1/24/2015,4254,1137,New Mexico,5391
1/24/2015,68786,4203,New York,72989
1/24/2015,23225,7343,North Carolina,30568
1/24/2015,1256,1022,North Dakota,2278
1/24/2015,19988,4093,Ohio,24081
1/24/2015,5248,3978,Oklahoma,9226
1/24/2015,7079,1610,Oregon,8689
1/24/2015,46839,10706,Pennsylvania,57545
1/24/2015,2190,8057,Puerto Rico,10247
1/24/2015,4472,1081,Rhode Island,5553
1/24/2015,8986,5988,South Carolina,14974
1/24/2015,2074,632,South Dakota,2706
1/24/2015,12428,4657,Tennessee,17085
1/24/2015,34521,11096,Texas,45617
1/24/2015,893,504,Vermont,1397
1/24/2015,142,238,Virgin Islands,380
1/24/2015,17038,2903,Virginia,19941
1/24/2015,9933,1226,Washington,11159
1/24/2015,6249,1000,West Virginia,7249
1/24/2015,13198,1883,Wisconsin,15081
1/24/2015,985,700,Wyoming,1685
1/21/2015,15355,1742,Arizona,17097
1/21/2015,2340,1789,Arkansas,4129
1/21/2015,82988,0,California,82988
1/21/2015,6723,4670,Colorado,11393
1/21/2015,8374,3184,Connecticut,11558
1/21/2015,3404,447,Delaware,3851
1/21/2015,1588,265,Dist. of Columbia,1853
1/21/2015,47770,12226,Florida,59996
1/21/2015,18012,1799,Georgia,19811
1/21/2015,4449,948,Idaho,5397
1/21/2015,21909,3022,Illinois,24931
1/21/2015,11833,2427,Indiana,14260
1/21/2015,8063,2425,Iowa,10488
1/21/2015,6035,684,Kansas,6719
1/21/2015,10038,1308,Kentucky,11346
1/21/2015,11923,2789,Louisiana,14712
1/21/2015,1272,1001,Maine,2273
1/21/2015,14453,1620,Maryland,16073
1/21/2015,19583,1608,Massachusetts,21191
1/21/2015,20284,1736,Michigan,22020
1/21/2015,13369,815,Minnesota,14184
1/21/2015,14728,1061,Missouri,15789
1/21/2015,1205,612,Montana,1817
1/21/2015,6483,927,Nebraska,7410
1/21/2015,4259,585,New Hampshire,4844
1/21/2015,33307,2876,New Jersey,36183
1/21/2015,3735,985,New Mexico,4720
1/21/2015,60410,3698,New York,64108
1/21/2015,16888,5608,North Carolina,22496
1/21/2015,1122,928,North Dakota,2050
1/21/2015,15264,3295,Ohio,18559
1/21/2015,4465,3210,Oklahoma,7675
1/21/2015,6216,1447,Oregon,7663
1/21/2015,41096,9869,Pennsylvania,50965
1/21/2015,1743,6151,Puerto Rico,7894
1/21/2015,3753,983,Rhode Island,4736
1/21/2015,6802,4709,South Carolina,11511
1/21/2015,1781,531,South Dakota,2312
1/21/2015,9994,3852,Tennessee,13846
1/21/2015,29119,9354,Texas,38473
1/21/2015,709,455,Vermont,1164
1/21/2015,102,155,Virgin Islands,257
1/21/2015,13362,2270,Virginia,15632
1/21/2015,14688,1142,Washington,15830
1/21/2015,5446,865,West Virginia,6311
1/21/2015,10973,1724,Wisconsin,12697
1/21/2015,905,615,Wyoming,1520
1/17/2015,14445,1745,Arizona,16190
1/17/2015,2456,2071,Arkansas,4527
1/17/2015,67413,0,California,67413
1/17/2015,6125,4638,Colorado,10763
1/17/2015,8093,3115,Connecticut,11208
1/17/2015,3325,478,Delaware,3803
1/17/2015,1396,332,Dist. of Columbia,1728
1/17/2015,52002,13597,Florida,65599
1/17/2015,18807,1920,Georgia,20727
1/17/2015,3937,916,Idaho,4853
1/17/2015,19198,2808,Illinois,22006
1/17/2015,12038,2532,Indiana,14570
1/17/2015,6533,2045,Iowa,8578
1/17/2015,5613,667,Kansas,6280
1/17/2015,10173,1320,Kentucky,11493
1/17/2015,11724,2975,Louisiana,14699
1/17/2015,1407,1105,Maine,2512
1/17/2015,14099,1796,Maryland,15895
1/17/2015,17814,1760,Massachusetts,19574
1/17/2015,19616,1874,Michigan,21490
1/17/2015,10900,793,Minnesota,11693
1/17/2015,14440,1022,Missouri,15462
1/17/2015,1108,589,Montana,1697
1/17/2015,5504,875,Nebraska,6379
1/17/2015,4450,627,New Hampshire,5077
1/17/2015,26504,2528,New Jersey,29032
1/17/2015,3828,1077,New Mexico,4905
1/17/2015,52102,3531,New York,55633
1/17/2015,14953,5497,North Carolina,20450
1/17/2015,948,800,North Dakota,1748
1/17/2015,14556,3443,Ohio,17999
1/17/2015,3998,3331,Oklahoma,7329
1/17/2015,5153,1444,Oregon,6597
1/17/2015,34942,9409,Pennsylvania,44351
1/17/2015,2022,7326,Puerto Rico,9348
1/17/2015,3943,1034,Rhode Island,4977
1/17/2015,7247,5202,South Carolina,12449
1/17/2015,1588,463,South Dakota,2051
1/17/2015,10661,4083,Tennessee,14744
1/17/2015,28297,9581,Texas,37878
1/17/2015,683,499,Vermont,1182
1/17/2015,116,233,Virgin Islands,349
1/17/2015,13599,2589,Virginia,16188
1/17/2015,7097,944,Washington,8041
1/17/2015,5303,870,West Virginia,6173
1/17/2015,10062,1673,Wisconsin,11735
1/17/2015,810,556,Wyoming,1366
1/14/2015,12133,1261,Arizona,13394
1/14/2015,1819,1495,Arkansas,3314
1/14/2015,55682,0,California,55682
1/14/2015,5004,3643,Colorado,8647
1/14/2015,6307,2544,Connecticut,8851
1/14/2015,2600,389,Delaware,2989
1/14/2015,1179,237,Dist. of Columbia,1416
1/14/2015,38875,10148,Florida,49023
1/14/2015,14847,1508,Georgia,16355
1/14/2015,3446,765,Idaho,4211
1/14/2015,15465,2293,Illinois,17758
1/14/2015,9139,1871,Indiana,11010
1/14/2015,4916,1562,Iowa,6478
1/14/2015,4672,537,Kansas,5209
1/14/2015,8357,1086,Kentucky,9443
1/14/2015,9273,2344,Louisiana,11617
1/14/2015,1050,876,Maine,1926
1/14/2015,10620,1341,Maryland,11961
1/14/2015,14938,1498,Massachusetts,16436
1/14/2015,15191,1494,Michigan,16685
1/14/2015,9236,630,Minnesota,9866
1/14/2015,11286,799,Missouri,12085
1/14/2015,972,458,Montana,1430
1/14/2015,4412,726,Nebraska,5138
1/14/2015,3404,488,New Hampshire,3892
1/14/2015,22363,2161,New Jersey,24524
1/14/2015,3160,771,New Mexico,3931
1/14/2015,42866,3017,New York,45883
1/14/2015,10350,3868,North Carolina,14218
1/14/2015,758,696,North Dakota,1454
1/14/2015,11040,2667,Ohio,13707
1/14/2015,3248,2503,Oklahoma,5751
1/14/2015,4387,1198,Oregon,5585
1/14/2015,27336,7106,Pennsylvania,34442
1/14/2015,1669,5848,Puerto Rico,7517
1/14/2015,3083,773,Rhode Island,3856
1/14/2015,5381,3867,South Carolina,9248
1/14/2015,1388,414,South Dakota,1802
1/14/2015,7946,3050,Tennessee,10996
1/14/2015,22464,7631,Texas,30095
1/14/2015,576,399,Vermont,975
1/14/2015,111,158,Virgin Islands,269
1/14/2015,9713,1813,Virginia,11526
1/14/2015,6173,833,Washington,7006
1/14/2015,4352,715,West Virginia,5067
1/14/2015,8226,1450,Wisconsin,9676
1/14/2015,688,475,Wyoming,1163
1/10/2015,12357,1524,Arizona,13881
1/10/2015,2186,1753,Arkansas,3939
1/10/2015,54514,0,California,54514
1/10/2015,5331,4187,Colorado,9518
1/10/2015,6840,2855,Connecticut,9695
1/10/2015,2804,419,Delaware,3223
1/10/2015,1228,258,Dist. of Columbia,1486
1/10/2015,48285,12721,Florida,61006
1/10/2015,16122,1629,Georgia,17751
1/10/2015,3381,831,Idaho,4212
1/10/2015,14559,2316,Illinois,16875
1/10/2015,10056,2274,Indiana,12330
1/10/2015,5226,1832,Iowa,7058
1/10/2015,4894,605,Kansas,5499
1/10/2015,8833,1184,Kentucky,10017
1/10/2015,11084,2894,Louisiana,13978
1/10/2015,1354,1110,Maine,2464
1/10/2015,11728,1592,Maryland,13320
1/10/2015,15199,1565,Massachusetts,16764
1/10/2015,15128,1681,Michigan,16809
1/10/2015,9019,674,Minnesota,9693
1/10/2015,11778,898,Missouri,12676
1/10/2015,991,524,Montana,1515
1/10/2015,4722,721,Nebraska,5443
1/10/2015,4024,618,New Hampshire,4642
1/10/2015,21301,2318,New Jersey,23619
1/10/2015,3356,883,New Mexico,4239
1/10/2015,40211,2981,New York,43192
1/10/2015,13630,5125,North Carolina,18755
1/10/2015,759,653,North Dakota,1412
1/10/2015,11065,2957,Ohio,14022
1/10/2015,3719,2970,Oklahoma,6689
1/10/2015,4495,1300,Oregon,5795
1/10/2015,28065,7731,Pennsylvania,35796
1/10/2015,2166,7435,Puerto Rico,9601
1/10/2015,3274,884,Rhode Island,4158
1/10/2015,6330,4754,South Carolina,11084
1/10/2015,1463,453,South Dakota,1916
1/10/2015,9043,3569,Tennessee,12612
1/10/2015,25399,8451,Texas,33850
1/10/2015,659,462,Vermont,1121
1/10/2015,106,192,Virgin Islands,298
1/10/2015,11390,2204,Virginia,13594
1/10/2015,5921,848,Washington,6769
1/10/2015,4595,741,West Virginia,5336
1/10/2015,8416,1516,Wisconsin,9932
1/10/2015,768,527,Wyoming,1295
1/7/2015,11134,1284,Arizona,12418
1/7/2015,1922,1526,Arkansas,3448
1/7/2015,53315,0,California,53315
1/7/2015,4750,3597,Colorado,8347
1/7/2015,5880,2425,Connecticut,8305
1/7/2015,2220,346,Delaware,2566
1/7/2015,1126,245,Dist. of Columbia,1371
1/7/2015,39922,10603,Florida,50525
1/7/2015,14329,1558,Georgia,15887
1/7/2015,2977,697,Idaho,3674
1/7/2015,13422,2130,Illinois,15552
1/7/2015,7878,1722,Indiana,9600
1/7/2015,4117,1440,Iowa,5557
1/7/2015,4244,527,Kansas,4771
1/7/2015,7478,1064,Kentucky,8542
1/7/2015,8418,2248,Louisiana,10666
1/7/2015,1061,835,Maine,1896
1/7/2015,9381,1394,Maryland,10775
1/7/2015,13142,1317,Massachusetts,14459
1/7/2015,12887,1474,Michigan,14361
1/7/2015,7836,616,Minnesota,8452
1/7/2015,9677,792,Missouri,10469
1/7/2015,826,458,Montana,1284
1/7/2015,3941,688,Nebraska,4629
1/7/2015,3059,469,New Hampshire,3528
1/7/2015,18603,1956,New Jersey,20559
1/7/2015,2883,734,New Mexico,3617
1/7/2015,36381,2688,New York,39069
1/7/2015,11238,4160,North Carolina,15398
1/7/2015,659,627,North Dakota,1286
1/7/2015,10000,2533,Ohio,12533
1/7/2015,3148,2512,Oklahoma,5660
1/7/2015,4013,1117,Oregon,5130
1/7/2015,22658,6274,Pennsylvania,28932
1/7/2015,1406,4607,Puerto Rico,6013
1/7/2015,2484,732,Rhode Island,3216
1/7/2015,5670,4083,South Carolina,9753
1/7/2015,1249,413,South Dakota,1662
1/7/2015,7400,3031,Tennessee,10431
1/7/2015,22395,7853,Texas,30248
1/7/2015,529,350,Vermont,879
1/7/2015,91,166,Virgin Islands,257
1/7/2015,9971,1860,Virginia,11831
1/7/2015,5565,812,Washington,6377
1/7/2015,3758,661,West Virginia,4419
1/7/2015,6778,1288,Wisconsin,8066
1/7/2015,703,501,Wyoming,1204
1/3/2015,10523,1229,Arizona,11752
1/3/2015,1842,1542,Arkansas,3384
1/3/2015,44675,0,California,44675
1/3/2015,4365,3527,Colorado,7892
1/3/2015,5760,2341,Connecticut,8101
1/3/2015,2294,406,Delaware,2700
1/3/2015,978,220,Dist. of Columbia,1198
1/3/2015,41937,10890,Florida,52827
1/3/2015,14285,1486,Georgia,15771
1/3/2015,2802,656,Idaho,3458
1/3/2015,12908,2083,Illinois,14991
1/3/2015,9001,1943,Indiana,10944
1/3/2015,4952,1730,Iowa,6682
1/3/2015,4418,553,Kansas,4971
1/3/2015,8033,1090,Kentucky,9123
1/3/2015,8274,2289,Louisiana,10563
1/3/2015,1318,1069,Maine,2387
1/3/2015,9738,1408,Maryland,11146
1/3/2015,10791,1253,Massachusetts,12044
1/3/2015,11912,1388,Michigan,13300
1/3/2015,8111,572,Minnesota,8683
1/3/2015,9841,834,Missouri,10675
1/3/2015,888,487,Montana,1375
1/3/2015,4123,718,Nebraska,4841
1/3/2015,3350,522,New Hampshire,3872
1/3/2015,16448,1837,New Jersey,18285
1/3/2015,2675,722,New Mexico,3397
1/3/2015,31889,2606,New York,34495
1/3/2015,11637,4287,North Carolina,15924
1/3/2015,626,546,North Dakota,1172
1/3/2015,9404,2659,Ohio,12063
1/3/2015,3173,2677,Oklahoma,5850
1/3/2015,3595,978,Oregon,4573
1/3/2015,22330,6616,Pennsylvania,28946
1/3/2015,1788,6590,Puerto Rico,8378
1/3/2015,2550,725,Rhode Island,3275
1/3/2015,5898,4464,South Carolina,10362
1/3/2015,1255,391,South Dakota,1646
1/3/2015,8011,3376,Tennessee,11387
1/3/2015,20989,7276,Texas,28265
1/3/2015,608,442,Vermont,1050
1/3/2015,62,154,Virgin Islands,216
1/3/2015,9965,1944,Virginia,11909
1/3/2015,5145,713,Washington,5858
1/3/2015,4100,640,West Virginia,4740
1/3/2015,7157,1300,Wisconsin,8457
1/3/2015,602,400,Wyoming,1002
12/31/2014,11962,1368,Arizona,13330
12/31/2014,1980,1405,Arkansas,3385
12/31/2014,49169,0,California,49169
12/31/2014,4977,3863,Colorado,8840
12/31/2014,7095,2891,Connecticut,9986
12/31/2014,2635,427,Delaware,3062
12/31/2014,1428,277,Dist. of Columbia,1705
12/31/2014,42845,10897,Florida,53742
12/31/2014,15106,1585,Georgia,16691
12/31/2014,3441,710,Idaho,4151
12/31/2014,15525,2251,Illinois,17776
12/31/2014,9218,2122,Indiana,11340
12/31/2014,4686,1670,Iowa,6356
12/31/2014,4466,545,Kansas,5011
12/31/2014,8443,1157,Kentucky,9600
12/31/2014,9042,2617,Louisiana,11659
12/31/2014,1270,1073,Maine,2343
12/31/2014,11107,1493,Maryland,12600
12/31/2014,13046,1383,Massachusetts,14429
12/31/2014,13504,1488,Michigan,14992
12/31/2014,9215,690,Minnesota,9905
12/31/2014,11022,877,Missouri,11899
12/31/2014,986,510,Montana,1496
12/31/2014,4386,821,Nebraska,5207
12/31/2014,3606,558,New Hampshire,4164
12/31/2014,21425,2338,New Jersey,23763
12/31/2014,3179,873,New Mexico,4052
12/31/2014,39804,3051,New York,42855
12/31/2014,11951,4250,North Carolina,16201
12/31/2014,712,648,North Dakota,1360
12/31/2014,10630,2895,Ohio,13525
12/31/2014,3333,2763,Oklahoma,6096
12/31/2014,4249,1247,Oregon,5496
12/31/2014,24276,6713,Pennsylvania,30989
12/31/2014,1884,6643,Puerto Rico,8527
12/31/2014,3070,749,Rhode Island,3819
12/31/2014,6018,4377,South Carolina,10395
12/31/2014,1389,454,South Dakota,1843
12/31/2014,8062,3213,Tennessee,11275
12/31/2014,22940,8300,Texas,31240
12/31/2014,676,445,Vermont,1121
12/31/2014,113,192,Virgin Islands,305
12/31/2014,11609,2152,Virginia,13761
12/31/2014,5992,822,Washington,6814
12/31/2014,4417,725,West Virginia,5142
12/31/2014,8371,1427,Wisconsin,9798
12/31/2014,652,495,Wyoming,1147
12/27/2014,9652,1234,Arizona,10886
12/27/2014,1684,1188,Arkansas,2872
12/27/2014,42812,0,California,42812
12/27/2014,3768,3050,Colorado,6818
12/27/2014,5086,2313,Connecticut,7399
12/27/2014,2101,336,Delaware,2437
12/27/2014,926,231,Dist. of Columbia,1157
12/27/2014,36831,9927,Florida,46758
12/27/2014,13362,1561,Georgia,14923
12/27/2014,2653,656,Idaho,3309
12/27/2014,12045,2023,Illinois,14068
12/27/2014,8180,1917,Indiana,10097
12/27/2014,4131,1633,Iowa,5764
12/27/2014,3742,474,Kansas,4216
12/27/2014,7430,1099,Kentucky,8529
12/27/2014,7779,2106,Louisiana,9885
12/27/2014,1189,1001,Maine,2190
12/27/2014,8560,1361,Maryland,9921
12/27/2014,9397,1251,Massachusetts,10648
12/27/2014,10912,1320,Michigan,12232
12/27/2014,6987,638,Minnesota,7625
12/27/2014,9064,783,Missouri,9847
12/27/2014,872,504,Montana,1376
12/27/2014,3844,654,Nebraska,4498
12/27/2014,3089,453,New Hampshire,3542
12/27/2014,15327,1847,New Jersey,17174
12/27/2014,2429,769,New Mexico,3198
12/27/2014,30744,2640,New York,33384
12/27/2014,10047,4039,North Carolina,14086
12/27/2014,544,539,North Dakota,1083
12/27/2014,8445,2446,Ohio,10891
12/27/2014,2612,2187,Oklahoma,4799
12/27/2014,3263,957,Oregon,4220
12/27/2014,20153,6166,Pennsylvania,26319
12/27/2014,1614,6044,Puerto Rico,7658
12/27/2014,2582,687,Rhode Island,3269
12/27/2014,5033,3824,South Carolina,8857
12/27/2014,1098,319,South Dakota,1417
12/27/2014,6974,2892,Tennessee,9866
12/27/2014,17361,6459,Texas,23820
12/27/2014,571,368,Vermont,939
12/27/2014,75,191,Virgin Islands,266
12/27/2014,8816,1821,Virginia,10637
12/27/2014,4559,666,Washington,5225
12/27/2014,3703,599,West Virginia,4302
12/27/2014,6738,1306,Wisconsin,8044
12/27/2014,561,465,Wyoming,1026
12/24/2014,11939,1347,Arizona,13286
12/24/2014,1777,1216,Arkansas,2993
12/24/2014,49553,0,California,49553
12/24/2014,5448,4013,Colorado,9461
12/24/2014,6142,2363,Connecticut,8505
12/24/2014,2593,351,Delaware,2944
12/24/2014,1163,207,Dist. of Columbia,1370
12/24/2014,39989,10109,Florida,50098
12/24/2014,13374,1358,Georgia,14732
12/24/2014,3786,695,Idaho,4481
12/24/2014,14621,2140,Illinois,16761
12/24/2014,9354,1961,Indiana,11315
12/24/2014,4898,1635,Iowa,6533
12/24/2014,4908,544,Kansas,5452
12/24/2014,8203,1012,Kentucky,9215
12/24/2014,8622,2168,Louisiana,10790
12/24/2014,1623,1245,Maine,2868
12/24/2014,9993,1204,Maryland,11197
12/24/2014,11338,1137,Massachusetts,12475
12/24/2014,12384,1396,Michigan,13780
12/24/2014,9229,631,Minnesota,9860
12/24/2014,10996,846,Missouri,11842
12/24/2014,1177,577,Montana,1754
12/24/2014,4873,845,Nebraska,5718
12/24/2014,3810,539,New Hampshire,4349
12/24/2014,18016,1811,New Jersey,19827
12/24/2014,3137,830,New Mexico,3967
12/24/2014,33796,2531,New York,36327
12/24/2014,10610,3784,North Carolina,14394
12/24/2014,714,597,North Dakota,1311
12/24/2014,9357,2462,Ohio,11819
12/24/2014,2902,2297,Oklahoma,5199
12/24/2014,4618,1245,Oregon,5863
12/24/2014,23325,6112,Pennsylvania,29437
12/24/2014,1463,5100,Puerto Rico,6563
12/24/2014,3119,714,Rhode Island,3833
12/24/2014,5110,3740,South Carolina,8850
12/24/2014,1498,412,South Dakota,1910
12/24/2014,7300,2867,Tennessee,10167
12/24/2014,18915,6755,Texas,25670
12/24/2014,714,457,Vermont,1171
12/24/2014,98,150,Virgin Islands,248
12/24/2014,9582,1789,Virginia,11371
12/24/2014,6590,830,Washington,7420
12/24/2014,4242,719,West Virginia,4961
12/24/2014,8127,1425,Wisconsin,9552
12/24/2014,739,526,Wyoming,1265
12/20/2014,9800,1279,Arizona,11079
12/20/2014,1497,1284,Arkansas,2781
12/20/2014,39809,0,California,39809
12/20/2014,4036,3513,Colorado,7549
12/20/2014,5476,2308,Connecticut,7784
12/20/2014,2152,358,Delaware,2510
12/20/2014,1117,239,Dist. of Columbia,1356
12/20/2014,35704,9901,Florida,45605
12/20/2014,12499,1355,Georgia,13854
12/20/2014,2749,693,Idaho,3442
12/20/2014,12007,2058,Illinois,14065
12/20/2014,8456,2044,Indiana,10500
12/20/2014,4278,1581,Iowa,5859
12/20/2014,3984,509,Kansas,4493
12/20/2014,7385,1045,Kentucky,8430
12/20/2014,7733,2199,Louisiana,9932
12/20/2014,1342,1155,Maine,2497
12/20/2014,9216,1400,Maryland,10616
12/20/2014,9419,1221,Massachusetts,10640
12/20/2014,10681,1446,Michigan,12127
12/20/2014,6901,633,Minnesota,7534
12/20/2014,9108,826,Missouri,9934
12/20/2014,990,530,Montana,1520
12/20/2014,3960,723,Nebraska,4683
12/20/2014,3296,587,New Hampshire,3883
12/20/2014,15191,1930,New Jersey,17121
12/20/2014,2530,748,New Mexico,3278
12/20/2014,29543,2512,New York,32055
12/20/2014,10291,4316,North Carolina,14607
12/20/2014,537,608,North Dakota,1145
12/20/2014,8013,2620,Ohio,10633
12/20/2014,2576,2195,Oklahoma,4771
12/20/2014,2981,957,Oregon,3938
12/20/2014,19157,6241,Pennsylvania,25398
12/20/2014,1754,6337,Puerto Rico,8091
12/20/2014,2693,788,Rhode Island,3481
12/20/2014,5134,4112,South Carolina,9246
12/20/2014,1237,377,South Dakota,1614
12/20/2014,7089,3154,Tennessee,10243
12/20/2014,16372,6525,Texas,22897
12/20/2014,554,442,Vermont,996
12/20/2014,90,229,Virgin Islands,319
12/20/2014,9030,1894,Virginia,10924
12/20/2014,4390,695,Washington,5085
12/20/2014,3427,650,West Virginia,4077
12/20/2014,6796,1258,Wisconsin,8054
12/20/2014,634,460,Wyoming,1094
12/17/2014,7737,1005,Arizona,8742
12/17/2014,1192,903,Arkansas,2095
12/17/2014,34473,0,California,34473
12/17/2014,3196,2526,Colorado,5722
12/17/2014,3953,1767,Connecticut,5720
12/17/2014,1595,267,Delaware,1862
12/17/2014,993,198,Dist. of Columbia,1191
12/17/2014,26487,7259,Florida,33746
12/17/2014,9567,1236,Georgia,10803
12/17/2014,2360,551,Idaho,2911
12/17/2014,9765,1693,Illinois,11458
12/17/2014,6222,1445,Indiana,7667
12/17/2014,3204,1179,Iowa,4383
12/17/2014,3208,384,Kansas,3592
12/17/2014,5625,821,Kentucky,6446
12/17/2014,6192,1784,Louisiana,7976
12/17/2014,860,751,Maine,1611
12/17/2014,7175,1089,Maryland,8264
12/17/2014,6897,891,Massachusetts,7788
12/17/2014,8502,1129,Michigan,9631
12/17/2014,5464,482,Minnesota,5946
12/17/2014,7576,651,Missouri,8227
12/17/2014,807,402,Montana,1209
12/17/2014,2969,586,Nebraska,3555
12/17/2014,2163,377,New Hampshire,2540
12/17/2014,13000,1584,New Jersey,14584
12/17/2014,2154,558,New Mexico,2712
12/17/2014,24901,2078,New York,26979
12/17/2014,7352,3176,North Carolina,10528
12/17/2014,478,471,North Dakota,949
12/17/2014,6374,1999,Ohio,8373
12/17/2014,1909,1609,Oklahoma,3518
12/17/2014,2377,806,Oregon,3183
12/17/2014,14233,4402,Pennsylvania,18635
12/17/2014,1394,4563,Puerto Rico,5957
12/17/2014,1883,546,Rhode Island,2429
12/17/2014,3817,3185,South Carolina,7002
12/17/2014,950,299,South Dakota,1249
12/17/2014,5097,2304,Tennessee,7401
12/17/2014,12761,5093,Texas,17854
12/17/2014,380,303,Vermont,683
12/17/2014,64,143,Virgin Islands,207
12/17/2014,6874,1501,Virginia,8375
12/17/2014,4012,577,Washington,4589
12/17/2014,2844,498,West Virginia,3342
12/17/2014,5354,1071,Wisconsin,6425
12/17/2014,577,445,Wyoming,1022
12/13/2014,8696,1132,Arizona,9828
12/13/2014,1277,1105,Arkansas,2382
12/13/2014,30647,0,California,30647
12/13/2014,3653,3170,Colorado,6823
12/13/2014,4665,2069,Connecticut,6734
12/13/2014,1836,318,Delaware,2154
12/13/2014,990,187,Dist. of Columbia,1177
12/13/2014,31162,8524,Florida,39686
12/13/2014,9973,1044,Georgia,11017
12/13/2014,2465,550,Idaho,3015
12/13/2014,10182,1664,Illinois,11846
12/13/2014,7323,1743,Indiana,9066
12/13/2014,3746,1439,Iowa,5185
12/13/2014,3522,461,Kansas,3983
12/13/2014,6608,932,Kentucky,7540
12/13/2014,7002,1921,Louisiana,8923
12/13/2014,1009,844,Maine,1853
12/13/2014,7625,1095,Maryland,8720
12/13/2014,7718,980,Massachusetts,8698
12/13/2014,8774,1069,Michigan,9843
12/13/2014,6065,548,Minnesota,6613
12/13/2014,8277,680,Missouri,8957
12/13/2014,856,449,Montana,1305
12/13/2014,3365,651,Nebraska,4016
12/13/2014,2755,454,New Hampshire,3209
12/13/2014,12990,1670,New Jersey,14660
12/13/2014,2302,662,New Mexico,2964
12/13/2014,24719,2123,New York,26842
12/13/2014,8298,3311,North Carolina,11609
12/13/2014,500,525,North Dakota,1025
12/13/2014,7114,2180,Ohio,9294
12/13/2014,2306,1926,Oklahoma,4232
12/13/2014,2714,854,Oregon,3568
12/13/2014,15933,5175,Pennsylvania,21108
12/13/2014,2056,6549,Puerto Rico,8605
12/13/2014,2283,619,Rhode Island,2902
12/13/2014,4145,3215,South Carolina,7360
12/13/2014,1098,379,South Dakota,1477
12/13/2014,5891,2626,Tennessee,8517
12/13/2014,14760,5940,Texas,20700
12/13/2014,488,340,Vermont,828
12/13/2014,97,147,Virgin Islands,244
12/13/2014,7653,1607,Virginia,9260
12/13/2014,3873,609,Washington,4482
12/13/2014,3111,520,West Virginia,3631
12/13/2014,6087,1233,Wisconsin,7320
12/13/2014,558,408,Wyoming,966
12/10/2014,7649,1074,Arizona,8723
12/10/2014,1222,1040,Arkansas,2262
12/10/2014,34061,0,California,34061
12/10/2014,3224,2734,Colorado,5958
12/10/2014,3850,1906,Connecticut,5756
12/10/2014,1621,296,Delaware,1917
12/10/2014,949,211,Dist. of Columbia,1160
12/10/2014,27899,8083,Florida,35982
12/10/2014,8990,1162,Georgia,10152
12/10/2014,2206,575,Idaho,2781
12/10/2014,9695,1670,Illinois,11365
12/10/2014,6172,1512,Indiana,7684
12/10/2014,3251,1247,Iowa,4498
12/10/2014,3056,430,Kansas,3486
12/10/2014,5732,850,Kentucky,6582
12/10/2014,6152,1821,Louisiana,7973
12/10/2014,814,726,Maine,1540
12/10/2014,7095,1027,Maryland,8122
12/10/2014,6824,929,Massachusetts,7753
12/10/2014,8234,1150,Michigan,9384
12/10/2014,5417,535,Minnesota,5952
12/10/2014,7254,704,Missouri,7958
12/10/2014,768,435,Montana,1203
12/10/2014,3016,596,Nebraska,3612
12/10/2014,2195,407,New Hampshire,2602
12/10/2014,12247,1619,New Jersey,13866
12/10/2014,2042,554,New Mexico,2596
12/10/2014,21535,2074,New York,23609
12/10/2014,7786,3311,North Carolina,11097
12/10/2014,508,504,North Dakota,1012
12/10/2014,6407,2098,Ohio,8505
12/10/2014,2018,1715,Oklahoma,3733
12/10/2014,2230,824,Oregon,3054
12/10/2014,14330,4650,Pennsylvania,18980
12/10/2014,1703,4807,Puerto Rico,6510
12/10/2014,1878,551,Rhode Island,2429
12/10/2014,3882,3126,South Carolina,7008
12/10/2014,975,326,South Dakota,1301
12/10/2014,5463,2337,Tennessee,7800
12/10/2014,12801,5384,Texas,18185
12/10/2014,377,258,Vermont,635
12/10/2014,70,159,Virgin Islands,229
12/10/2014,7035,1603,Virginia,8638
12/10/2014,3525,559,Washington,4084
12/10/2014,2897,537,West Virginia,3434
12/10/2014,5329,1100,Wisconsin,6429
12/10/2014,650,414,Wyoming,1064
12/6/2014,8357,1094,Arizona,9451
12/6/2014,1296,1050,Arkansas,2346
12/6/2014,34126,0,California,34126
12/6/2014,3150,2836,Colorado,5986
12/6/2014,4258,1948,Connecticut,6206
12/6/2014,1718,322,Delaware,2040
12/6/2014,1040,195,Dist. of Columbia,1235
12/6/2014,28843,8164,Florida,37007
12/6/2014,10511,1175,Georgia,11686
12/6/2014,2442,565,Idaho,3007
12/6/2014,9583,1684,Illinois,11267
12/6/2014,7270,1729,Indiana,8999
12/6/2014,3371,1280,Iowa,4651
12/6/2014,3259,434,Kansas,3693
12/6/2014,6503,933,Kentucky,7436
12/6/2014,6938,1943,Louisiana,8881
12/6/2014,910,794,Maine,1704
12/6/2014,7408,1170,Maryland,8578
12/6/2014,6854,862,Massachusetts,7716
12/6/2014,8636,1116,Michigan,9752
12/6/2014,5643,499,Minnesota,6142
12/6/2014,7893,658,Missouri,8551
12/6/2014,828,496,Montana,1324
12/6/2014,3149,640,Nebraska,3789
12/6/2014,2368,382,New Hampshire,2750
12/6/2014,12316,1488,New Jersey,13804
12/6/2014,2074,657,New Mexico,2731
12/6/2014,24410,2033,New York,26443
12/6/2014,8158,3462,North Carolina,11620
12/6/2014,473,496,North Dakota,969
12/6/2014,6690,2133,Ohio,8823
12/6/2014,2203,1953,Oklahoma,4156
12/6/2014,2218,765,Oregon,2983
12/6/2014,15120,4808,Pennsylvania,19928
12/6/2014,1890,5700,Puerto Rico,7590
12/6/2014,2297,569,Rhode Island,2866
12/6/2014,4225,3402,South Carolina,7627
12/6/2014,957,327,South Dakota,1284
12/6/2014,5680,2550,Tennessee,8230
12/6/2014,13407,5227,Texas,18634
12/6/2014,430,336,Vermont,766
12/6/2014,76,148,Virgin Islands,224
12/6/2014,7268,1508,Virginia,8776
12/6/2014,3597,541,Washington,4138
12/6/2014,2974,548,West Virginia,3522
12/6/2014,5705,1062,Wisconsin,6767
12/6/2014,593,435,Wyoming,1028
12/3/2014,7148,968,Arizona,8116
12/3/2014,1112,871,Arkansas,1983
12/3/2014,28262,0,California,28262
12/3/2014,2919,2457,Colorado,5376
12/3/2014,3675,1717,Connecticut,5392
12/3/2014,1476,272,Delaware,1748
12/3/2014,835,172,Dist. of Columbia,1007
12/3/2014,24128,6958,Florida,31086
12/3/2014,7873,910,Georgia,8783
12/3/2014,2045,525,Idaho,2570
12/3/2014,8354,1426,Illinois,9780
12/3/2014,5613,1364,Indiana,6977
12/3/2014,3037,1155,Iowa,4192
12/3/2014,2736,373,Kansas,3109
12/3/2014,5270,814,Kentucky,6084
12/3/2014,5581,1604,Louisiana,7185
12/3/2014,806,677,Maine,1483
12/3/2014,6214,864,Maryland,7078
12/3/2014,6086,835,Massachusetts,6921
12/3/2014,7331,980,Michigan,8311
12/3/2014,5081,410,Minnesota,5491
12/3/2014,6888,624,Missouri,7512
12/3/2014,713,420,Montana,1133
12/3/2014,2860,600,Nebraska,3460
12/3/2014,2128,363,New Hampshire,2491
12/3/2014,11202,1372,New Jersey,12574
12/3/2014,1732,521,New Mexico,2253
12/3/2014,19951,1813,New York,21764
12/3/2014,6970,2978,North Carolina,9948
12/3/2014,409,425,North Dakota,834
12/3/2014,5794,1887,Ohio,7681
12/3/2014,1792,1589,Oklahoma,3381
12/3/2014,1956,685,Oregon,2641
12/3/2014,12639,4035,Pennsylvania,16674
12/3/2014,1558,4624,Puerto Rico,6182
12/3/2014,1788,585,Rhode Island,2373
12/3/2014,3363,2865,South Carolina,6228
12/3/2014,877,279,South Dakota,1156
12/3/2014,4713,2138,Tennessee,6851
12/3/2014,11440,4664,Texas,16104
12/3/2014,348,291,Vermont,639
12/3/2014,67,134,Virgin Islands,201
12/3/2014,6135,1354,Virginia,7489
12/3/2014,2959,501,Washington,3460
12/3/2014,2742,452,West Virginia,3194
12/3/2014,5136,1010,Wisconsin,6146
12/3/2014,495,361,Wyoming,856
11/29/2014,8516,1179,Arizona,9695
11/29/2014,1334,1056,Arkansas,2390
11/29/2014,37053,0,California,37053
11/29/2014,3661,3150,Colorado,6811
11/29/2014,4766,2099,Connecticut,6865
11/29/2014,1917,306,Delaware,2223
11/29/2014,856,189,Dist. of Columbia,1045
11/29/2014,32832,8721,Florida,41553
11/29/2014,10443,1240,Georgia,11683
11/29/2014,2655,549,Idaho,3204
11/29/2014,10419,1727,Illinois,12146
11/29/2014,7922,1714,Indiana,9636
11/29/2014,3773,1447,Iowa,5220
11/29/2014,3454,503,Kansas,3957
11/29/2014,6634,968,Kentucky,7602
11/29/2014,6909,1973,Louisiana,8882
11/29/2014,995,932,Maine,1927
11/29/2014,7636,1133,Maryland,8769
11/29/2014,7370,986,Massachusetts,8356
11/29/2014,8866,1166,Michigan,10032
11/29/2014,6031,517,Minnesota,6548
11/29/2014,8191,716,Missouri,8907
11/29/2014,770,436,Montana,1206
11/29/2014,3396,610,Nebraska,4006
11/29/2014,2532,445,New Hampshire,2977
11/29/2014,13203,1641,New Jersey,14844
11/29/2014,2077,626,New Mexico,2703
11/29/2014,24939,2139,New York,27078
11/29/2014,8755,3551,North Carolina,12306
11/29/2014,529,492,North Dakota,1021
11/29/2014,6920,2110,Ohio,9030
11/29/2014,2392,1907,Oklahoma,4299
11/29/2014,2671,827,Oregon,3498
11/29/2014,17019,5340,Pennsylvania,22359
11/29/2014,1891,5897,Puerto Rico,7788
11/29/2014,2177,600,Rhode Island,2777
11/29/2014,4499,3372,South Carolina,7871
11/29/2014,1038,338,South Dakota,1376
11/29/2014,5988,2534,Tennessee,8522
11/29/2014,15183,5594,Texas,20777
11/29/2014,513,356,Vermont,869
11/29/2014,78,147,Virgin Islands,225
11/29/2014,7743,1627,Virginia,9370
11/29/2014,3954,561,Washington,4515
11/29/2014,3102,529,West Virginia,3631
11/29/2014,5972,1202,Wisconsin,7174
11/29/2014,567,440,Wyoming,1007
11/26/2014,9158,1097,Arizona,10255
11/26/2014,1393,997,Arkansas,2390
11/26/2014,36194,0,California,36194
11/26/2014,3827,3202,Colorado,7029
11/26/2014,4669,1991,Connecticut,6660
11/26/2014,1895,299,Delaware,2194
11/26/2014,1084,219,Dist. of Columbia,1303
11/26/2014,29774,7888,Florida,37662
11/26/2014,10498,1154,Georgia,11652
11/26/2014,2613,573,Idaho,3186
11/26/2014,11532,1809,Illinois,13341
11/26/2014,7332,1770,Indiana,9102
11/26/2014,3743,1379,Iowa,5122
11/26/2014,3570,482,Kansas,4052
11/26/2014,6757,918,Kentucky,7675
11/26/2014,7155,1996,Louisiana,9151
11/26/2014,957,860,Maine,1817
11/26/2014,7802,1093,Maryland,8895
11/26/2014,8437,1084,Massachusetts,9521
11/26/2014,9705,1161,Michigan,10866
11/26/2014,6724,550,Minnesota,7274
11/26/2014,8322,733,Missouri,9055
11/26/2014,822,482,Montana,1304
11/26/2014,3645,727,Nebraska,4372
11/26/2014,2629,460,New Hampshire,3089
11/26/2014,14937,1758,New Jersey,16695
11/26/2014,2223,633,New Mexico,2856
11/26/2014,26960,2253,New York,29213
11/26/2014,8472,3242,North Carolina,11714
11/26/2014,572,454,North Dakota,1026
11/26/2014,7979,2356,Ohio,10335
11/26/2014,2251,1772,Oklahoma,4023
11/26/2014,3081,965,Oregon,4046
11/26/2014,16088,4739,Pennsylvania,20827
11/26/2014,2102,5997,Puerto Rico,8099
11/26/2014,2363,620,Rhode Island,2983
11/26/2014,4222,3143,South Carolina,7365
11/26/2014,1110,365,South Dakota,1475
11/26/2014,5715,2456,Tennessee,8171
11/26/2014,15152,5698,Texas,20850
11/26/2014,518,326,Vermont,844
11/26/2014,85,132,Virgin Islands,217
11/26/2014,7893,1535,Virginia,9428
11/26/2014,4432,593,Washington,5025
11/26/2014,3152,540,West Virginia,3692
11/26/2014,6128,1149,Wisconsin,7277
11/26/2014,600,462,Wyoming,1062
11/22/2014,8871,1136,Arizona,10007
11/22/2014,1355,1041,Arkansas,2396
11/22/2014,34915,0,California,34915
11/22/2014,3809,3100,Colorado,6909
11/22/2014,5145,2274,Connecticut,7419
11/22/2014,1891,293,Delaware,2184
11/22/2014,1134,244,Dist. of Columbia,1378
11/22/2014,31011,8326,Florida,39337
11/22/2014,10664,1167,Georgia,11831
11/22/2014,2488,522,Idaho,3010
11/22/2014,11011,1758,Illinois,12769
11/22/2014,8228,1832,Indiana,10060
11/22/2014,3879,1406,Iowa,5285
11/22/2014,3621,447,Kansas,4068
11/22/2014,6951,962,Kentucky,7913
11/22/2014,7476,2199,Louisiana,9675
11/22/2014,1061,915,Maine,1976
11/22/2014,8199,1157,Maryland,9356
11/22/2014,8367,1083,Massachusetts,9450
11/22/2014,9467,1148,Michigan,10615
11/22/2014,6702,565,Minnesota,7267
11/22/2014,8859,756,Missouri,9615
11/22/2014,903,444,Montana,1347
11/22/2014,3581,682,Nebraska,4263
11/22/2014,2829,452,New Hampshire,3281
11/22/2014,14532,1758,New Jersey,16290
11/22/2014,2203,629,New Mexico,2832
11/22/2014,26779,2208,New York,28987
11/22/2014,8701,3353,North Carolina,12054
11/22/2014,549,498,North Dakota,1047
11/22/2014,8064,2410,Ohio,10474
11/22/2014,2301,1817,Oklahoma,4118
11/22/2014,2673,919,Oregon,3592
11/22/2014,17116,5161,Pennsylvania,22277
11/22/2014,2228,5697,Puerto Rico,7925
11/22/2014,2488,636,Rhode Island,3124
11/22/2014,4554,3459,South Carolina,8013
11/22/2014,1044,355,South Dakota,1399
11/22/2014,5957,2447,Tennessee,8404
11/22/2014,15550,5831,Texas,21381
11/22/2014,532,336,Vermont,868
11/22/2014,104,172,Virgin Islands,276
11/22/2014,8093,1638,Virginia,9731
11/22/2014,4057,587,Washington,4644
11/22/2014,3418,531,West Virginia,3949
11/22/2014,6203,1146,Wisconsin,7349
11/22/2014,641,490,Wyoming,1131
11/19/2014,8103,1026,Arizona,9129
11/19/2014,1243,1065,Arkansas,2308
11/19/2014,35897,0,California,35897
11/19/2014,3336,2857,Colorado,6193
11/19/2014,4385,1893,Connecticut,6278
11/19/2014,1732,312,Delaware,2044
11/19/2014,905,184,Dist. of Columbia,1089
11/19/2014,28873,8330,Florida,37203
11/19/2014,8916,1114,Georgia,10030
11/19/2014,2327,541,Idaho,2868
11/19/2014,9749,1682,Illinois,11431
11/19/2014,6013,1534,Indiana,7547
11/19/2014,3454,1299,Iowa,4753
11/19/2014,2964,402,Kansas,3366
11/19/2014,5649,846,Kentucky,6495
11/19/2014,6112,1719,Louisiana,7831
11/19/2014,875,838,Maine,1713
11/19/2014,7029,928,Maryland,7957
11/19/2014,7035,897,Massachusetts,7932
11/19/2014,8039,1006,Michigan,9045
11/19/2014,5417,544,Minnesota,5961
11/19/2014,7298,635,Missouri,7933
11/19/2014,813,466,Montana,1279
11/19/2014,3020,641,Nebraska,3661
11/19/2014,2346,413,New Hampshire,2759
11/19/2014,12989,1525,New Jersey,14514
11/19/2014,1961,627,New Mexico,2588
11/19/2014,22269,1974,New York,24243
11/19/2014,7636,3164,North Carolina,10800
11/19/2014,509,502,North Dakota,1011
11/19/2014,6568,1929,Ohio,8497
11/19/2014,2227,1829,Oklahoma,4056
11/19/2014,2407,829,Oregon,3236
11/19/2014,15610,4743,Pennsylvania,20353
11/19/2014,1780,4811,Puerto Rico,6591
11/19/2014,1885,545,Rhode Island,2430
11/19/2014,3942,2934,South Carolina,6876
11/19/2014,992,344,South Dakota,1336
11/19/2014,5454,2384,Tennessee,7838
11/19/2014,13368,5019,Texas,18387
11/19/2014,392,331,Vermont,723
11/19/2014,46,130,Virgin Islands,176
11/19/2014,7120,1425,Virginia,8545
11/19/2014,3880,538,Washington,4418
11/19/2014,2794,528,West Virginia,3322
11/19/2014,5386,1015,Wisconsin,6401
11/19/2014,647,450,Wyoming,1097
11/15/2014,8276,993,Arizona,9269
11/15/2014,1274,1006,Arkansas,2280
11/15/2014,33435,0,California,33435
11/15/2014,3160,2655,Colorado,5815
11/15/2014,4723,2017,Connecticut,6740
11/15/2014,1876,270,Delaware,2146
11/15/2014,912,198,Dist. of Columbia,1110
11/15/2014,28417,7729,Florida,36146
11/15/2014,9419,1013,Georgia,10432
11/15/2014,2098,436,Idaho,2534
11/15/2014,10024,1670,Illinois,11694
11/15/2014,7434,1750,Indiana,9184
11/15/2014,3443,1363,Iowa,4806
11/15/2014,3271,412,Kansas,3683
11/15/2014,6202,852,Kentucky,7054
11/15/2014,6662,1902,Louisiana,8564
11/15/2014,1004,869,Maine,1873
11/15/2014,7521,999,Maryland,8520
11/15/2014,7436,892,Massachusetts,8328
11/15/2014,8902,1014,Michigan,9916
11/15/2014,5364,489,Minnesota,5853
11/15/2014,7698,665,Missouri,8363
11/15/2014,798,417,Montana,1215
11/15/2014,3042,612,Nebraska,3654
11/15/2014,2617,448,New Hampshire,3065
11/15/2014,13006,1597,New Jersey,14603
11/15/2014,2026,582,New Mexico,2608
11/15/2014,23682,1986,New York,25668
11/15/2014,8218,3158,North Carolina,11376
11/15/2014,449,484,North Dakota,933
11/15/2014,7138,2126,Ohio,9264
11/15/2014,2201,1758,Oklahoma,3959
11/15/2014,2292,739,Oregon,3031
11/15/2014,16023,4807,Pennsylvania,20830
11/15/2014,1921,5570,Puerto Rico,7491
11/15/2014,2098,636,Rhode Island,2734
11/15/2014,4116,3200,South Carolina,7316
11/15/2014,889,315,South Dakota,1204
11/15/2014,5380,2359,Tennessee,7739
11/15/2014,13648,5294,Texas,18942
11/15/2014,481,376,Vermont,857
11/15/2014,88,150,Virgin Islands,238
11/15/2014,7143,1524,Virginia,8667
11/15/2014,3405,548,Washington,3953
11/15/2014,3043,532,West Virginia,3575
11/15/2014,5809,980,Wisconsin,6789
11/15/2014,563,419,Wyoming,982
11/12/2014,8233,1137,Arizona,9370
11/12/2014,1390,1143,Arkansas,2533
11/12/2014,39138,0,California,39138
11/12/2014,3077,2803,Colorado,5880
11/12/2014,4592,2146,Connecticut,6738
11/12/2014,1931,340,Delaware,2271
11/12/2014,964,220,Dist. of Columbia,1184
11/12/2014,30578,9178,Florida,39756
11/12/2014,9585,1218,Georgia,10803
11/12/2014,2463,612,Idaho,3075
11/12/2014,10452,1923,Illinois,12375
11/12/2014,6698,1636,Indiana,8334
11/12/2014,3568,1351,Iowa,4919
11/12/2014,3077,439,Kansas,3516
11/12/2014,6003,919,Kentucky,6922
11/12/2014,6449,1925,Louisiana,8374
11/12/2014,924,829,Maine,1753
11/12/2014,8190,1297,Maryland,9487
11/12/2014,7725,1063,Massachusetts,8788
11/12/2014,9323,1252,Michigan,10575
11/12/2014,5368,565,Minnesota,5933
11/12/2014,7330,694,Missouri,8024
11/12/2014,811,479,Montana,1290
11/12/2014,3081,643,Nebraska,3724
11/12/2014,2516,480,New Hampshire,2996
11/12/2014,14034,1675,New Jersey,15709
11/12/2014,2063,631,New Mexico,2694
11/12/2014,24555,2284,New York,26839
11/12/2014,8811,3717,North Carolina,12528
11/12/2014,529,504,North Dakota,1033
11/12/2014,7497,2347,Ohio,9844
11/12/2014,2337,1974,Oklahoma,4311
11/12/2014,2345,833,Oregon,3178
11/12/2014,16499,5217,Pennsylvania,21716
11/12/2014,1816,4650,Puerto Rico,6466
11/12/2014,2069,582,Rhode Island,2651
11/12/2014,4453,3540,South Carolina,7993
11/12/2014,911,314,South Dakota,1225
11/12/2014,5909,2634,Tennessee,8543
11/12/2014,13845,5526,Texas,19371
11/12/2014,420,310,Vermont,730
11/12/2014,90,158,Virgin Islands,248
11/12/2014,7626,1761,Virginia,9387
11/12/2014,3491,591,Washington,4082
11/12/2014,3083,527,West Virginia,3610
11/12/2014,5747,1169,Wisconsin,6916
11/12/2014,719,491,Wyoming,1210
11/8/2014,15588,1523,Arizona,17111
11/8/2014,2541,1851,Arkansas,4392
11/8/2014,83978,0,California,83978
11/8/2014,6595,4603,Colorado,11198
11/8/2014,9105,3306,Connecticut,12411
11/8/2014,3686,500,Delaware,4186
11/8/2014,1698,272,Dist. of Columbia,1970
11/8/2014,47040,11458,Florida,58498
11/8/2014,19942,1864,Georgia,21806
11/8/2014,4271,844,Idaho,5115
11/8/2014,21645,2887,Illinois,24532
11/8/2014,12921,2512,Indiana,15433
11/8/2014,6787,2158,Iowa,8945
11/8/2014,5979,623,Kansas,6602
11/8/2014,10690,1323,Kentucky,12013
11/8/2014,11509,2719,Louisiana,14228
11/8/2014,1623,1176,Maine,2799
11/8/2014,15021,1686,Maryland,16707
11/8/2014,17440,1635,Massachusetts,19075
11/8/2014,20708,1922,Michigan,22630
11/8/2014,12111,802,Minnesota,12913
11/8/2014,14998,978,Missouri,15976
11/8/2014,1205,667,Montana,1872
11/8/2014,5674,912,Nebraska,6586
11/8/2014,4303,584,New Hampshire,4887
11/8/2014,30376,2719,New Jersey,33095
11/8/2014,3769,940,New Mexico,4709
11/8/2014,58343,3587,New York,61930
11/8/2014,14870,5095,North Carolina,19965
11/8/2014,1054,889,North Dakota,1943
11/8/2014,15763,3408,Ohio,19171
11/8/2014,4436,3125,Oklahoma,7561
11/8/2014,6057,1365,Oregon,7422
11/8/2014,40026,9459,Pennsylvania,49485
11/8/2014,2954,7284,Puerto Rico,10238
11/8/2014,4119,930,Rhode Island,5049
11/8/2014,7541,5272,South Carolina,12813
11/8/2014,1807,455,South Dakota,2262
11/8/2014,9543,3541,Tennessee,13084
11/8/2014,28370,9198,Texas,37568
11/8/2014,861,546,Vermont,1407
11/8/2014,122,212,Virgin Islands,334
11/8/2014,14076,2326,Virginia,16402
11/8/2014,8258,972,Washington,9230
11/8/2014,5441,818,West Virginia,6259
11/8/2014,10490,1615,Wisconsin,12105
11/8/2014,859,602,Wyoming,1461
11/5/2014,13587,1409,Arizona,14996
11/5/2014,1975,1515,Arkansas,3490
11/5/2014,60891,0,California,60891
11/5/2014,5614,3726,Colorado,9340
11/5/2014,7005,2603,Connecticut,9608
11/5/2014,3025,398,Delaware,3423
11/5/2014,1397,235,Dist. of Columbia,1632
11/5/2014,35980,8937,Florida,44917
11/5/2014,15986,1585,Georgia,17571
11/5/2014,3542,765,Idaho,4307
11/5/2014,18759,2537,Illinois,21296
11/5/2014,9853,1908,Indiana,11761
11/5/2014,5281,1732,Iowa,7013
11/5/2014,4764,523,Kansas,5287
11/5/2014,8787,1152,Kentucky,9939
11/5/2014,9243,2302,Louisiana,11545
11/5/2014,1202,908,Maine,2110
11/5/2014,11784,1446,Maryland,13230
11/5/2014,16266,1419,Massachusetts,17685
11/5/2014,17557,1593,Michigan,19150
11/5/2014,10342,739,Minnesota,11081
11/5/2014,12019,807,Missouri,12826
11/5/2014,1167,535,Montana,1702
11/5/2014,4539,809,Nebraska,5348
11/5/2014,3743,512,New Hampshire,4255
11/5/2014,24429,2354,New Jersey,26783
11/5/2014,3137,723,New Mexico,3860
11/5/2014,44005,2998,New York,47003
11/5/2014,11452,3867,North Carolina,15319
11/5/2014,788,750,North Dakota,1538
11/5/2014,13264,3196,Ohio,16460
11/5/2014,3759,2564,Oklahoma,6323
11/5/2014,4876,1222,Oregon,6098
11/5/2014,32106,7874,Pennsylvania,39980
11/5/2014,2448,5819,Puerto Rico,8267
11/5/2014,2969,724,Rhode Island,3693
11/5/2014,5866,4011,South Carolina,9877
11/5/2014,1583,418,South Dakota,2001
11/5/2014,7607,3074,Tennessee,10681
11/5/2014,23283,7736,Texas,31019
11/5/2014,649,372,Vermont,1021
11/5/2014,90,168,Virgin Islands,258
11/5/2014,11215,1977,Virginia,13192
11/5/2014,6213,832,Washington,7045
11/5/2014,4668,649,West Virginia,5317
11/5/2014,8960,1468,Wisconsin,10428
11/5/2014,714,543,Wyoming,1257
11/1/2014,13263,1440,Arizona,14703
11/1/2014,2222,1770,Arkansas,3992
11/1/2014,60275,0,California,60275
11/1/2014,5550,4468,Colorado,10018
11/1/2014,7460,3058,Connecticut,10518
11/1/2014,3045,463,Delaware,3508
11/1/2014,1475,266,Dist. of Columbia,1741
11/1/2014,47398,12741,Florida,60139
11/1/2014,17892,1809,Georgia,19701
11/1/2014,3771,841,Idaho,4612
11/1/2014,17162,2567,Illinois,19729
11/1/2014,10861,2429,Indiana,13290
11/1/2014,5610,1883,Iowa,7493
11/1/2014,4855,590,Kansas,5445
11/1/2014,9446,1296,Kentucky,10742
11/1/2014,9781,2644,Louisiana,12425
11/1/2014,1461,1203,Maine,2664
11/1/2014,12469,1678,Maryland,14147
11/1/2014,15578,1559,Massachusetts,17137
11/1/2014,16862,1736,Michigan,18598
11/1/2014,10387,775,Minnesota,11162
11/1/2014,12116,923,Missouri,13039
11/1/2014,1143,595,Montana,1738
11/1/2014,4625,856,Nebraska,5481
11/1/2014,4343,610,New Hampshire,4953
11/1/2014,22022,2311,New Jersey,24333
11/1/2014,3294,933,New Mexico,4227
11/1/2014,42754,3020,New York,45774
11/1/2014,13365,5152,North Carolina,18517
11/1/2014,785,759,North Dakota,1544
11/1/2014,13071,3413,Ohio,16484
11/1/2014,3762,2859,Oklahoma,6621
11/1/2014,4412,1247,Oregon,5659
11/1/2014,31073,8597,Pennsylvania,39670
11/1/2014,3357,8200,Puerto Rico,11557
11/1/2014,3411,821,Rhode Island,4232
11/1/2014,6771,5146,South Carolina,11917
11/1/2014,1673,513,South Dakota,2186
11/1/2014,8937,3627,Tennessee,12564
11/1/2014,25414,8734,Texas,34148
11/1/2014,677,453,Vermont,1130
11/1/2014,114,194,Virgin Islands,308
11/1/2014,12414,2451,Virginia,14865
11/1/2014,5729,787,Washington,6516
11/1/2014,4900,811,West Virginia,5711
11/1/2014,8942,1536,Wisconsin,10478
11/1/2014,794,536,Wyoming,1330
10/29/2014,10619,1085,Arizona,11704
10/29/2014,1759,1281,Arkansas,3040
10/29/2014,52890,0,California,52890
10/29/2014,4717,3285,Colorado,8002
10/29/2014,5728,2190,Connecticut,7918
10/29/2014,2305,318,Delaware,2623
10/29/2014,1123,208,Dist. of Columbia,1331
10/29/2014,32598,8266,Florida,40864
10/29/2014,13611,1393,Georgia,15004
10/29/2014,3098,671,Idaho,3769
10/29/2014,14872,2077,Illinois,16949
10/29/2014,7945,1735,Indiana,9680
10/29/2014,4422,1557,Iowa,5979
10/29/2014,4088,457,Kansas,4545
10/29/2014,7368,957,Kentucky,8325
10/29/2014,8658,2190,Louisiana,10848
10/29/2014,1015,837,Maine,1852
10/29/2014,9626,1206,Maryland,10832
10/29/2014,13258,1231,Massachusetts,14489
10/29/2014,13111,1332,Michigan,14443
10/29/2014,8780,618,Minnesota,9398
10/29/2014,10020,736,Missouri,10756
10/29/2014,1008,481,Montana,1489
10/29/2014,3866,670,Nebraska,4536
10/29/2014,3116,483,New Hampshire,3599
10/29/2014,18668,1832,New Jersey,20500
10/29/2014,2834,679,New Mexico,3513
10/29/2014,36247,2533,New York,38780
10/29/2014,9616,3638,North Carolina,13254
10/29/2014,743,661,North Dakota,1404
10/29/2014,10361,2661,Ohio,13022
10/29/2014,3010,2170,Oklahoma,5180
10/29/2014,3718,930,Oregon,4648
10/29/2014,24308,6295,Pennsylvania,30603
10/29/2014,2441,5591,Puerto Rico,8032
10/29/2014,2566,690,Rhode Island,3256
10/29/2014,5149,3581,South Carolina,8730
10/29/2014,1347,430,South Dakota,1777
10/29/2014,6772,2594,Tennessee,9366
10/29/2014,19625,6579,Texas,26204
10/29/2014,496,355,Vermont,851
10/29/2014,74,140,Virgin Islands,214
10/29/2014,9655,1710,Virginia,11365
10/29/2014,4950,685,Washington,5635
10/29/2014,3876,656,West Virginia,4532
10/29/2014,7445,1250,Wisconsin,8695
10/29/2014,749,474,Wyoming,1223
10/25/2014,11549,1350,Arizona,12899
10/25/2014,2014,1493,Arkansas,3507
10/25/2014,56080,0,California,56080
10/25/2014,4789,3705,Colorado,8494
10/25/2014,6490,2493,Connecticut,8983
10/25/2014,2663,387,Delaware,3050
10/25/2014,1296,252,Dist. of Columbia,1548
10/25/2014,40491,10495,Florida,50986
10/25/2014,16026,1653,Georgia,17679
10/25/2014,3381,837,Idaho,4218
10/25/2014,15408,2468,Illinois,17876
10/25/2014,10052,2243,Indiana,12295
10/25/2014,4792,1702,Iowa,6494
10/25/2014,4519,510,Kansas,5029
10/25/2014,8436,1070,Kentucky,9506
10/25/2014,9240,2527,Louisiana,11767
10/25/2014,1190,997,Maine,2187
10/25/2014,11449,1521,Maryland,12970
10/25/2014,13408,1397,Massachusetts,14805
10/25/2014,14462,1565,Michigan,16027
10/25/2014,8881,693,Minnesota,9574
10/25/2014,10785,794,Missouri,11579
10/25/2014,1005,543,Montana,1548
10/25/2014,4248,777,Nebraska,5025
10/25/2014,3752,565,New Hampshire,4317
10/25/2014,19543,2136,New Jersey,21679
10/25/2014,2904,775,New Mexico,3679
10/25/2014,38928,2768,New York,41696
10/25/2014,12263,4555,North Carolina,16818
10/25/2014,760,657,North Dakota,1417
10/25/2014,10513,2832,Ohio,13345
10/25/2014,3392,2546,Oklahoma,5938
10/25/2014,3697,1056,Oregon,4753
10/25/2014,24795,6987,Pennsylvania,31782
10/25/2014,3158,7224,Puerto Rico,10382
10/25/2014,3186,801,Rhode Island,3987
10/25/2014,6203,4556,South Carolina,10759
10/25/2014,1311,451,South Dakota,1762
10/25/2014,8033,3369,Tennessee,11402
10/25/2014,21907,7618,Texas,29525
10/25/2014,596,425,Vermont,1021
10/25/2014,126,225,Virgin Islands,351
10/25/2014,11011,2205,Virginia,13216
10/25/2014,4950,751,Washington,5701
10/25/2014,4415,654,West Virginia,5069
10/25/2014,7951,1355,Wisconsin,9306
10/25/2014,755,564,Wyoming,1319
10/22/2014,9598,1014,Arizona,10612
10/22/2014,1541,1123,Arkansas,2664
10/22/2014,49130,0,California,49130
10/22/2014,4263,3127,Colorado,7390
10/22/2014,5083,1978,Connecticut,7061
10/22/2014,2110,306,Delaware,2416
10/22/2014,1043,194,Dist. of Columbia,1237
10/22/2014,30178,8000,Florida,38178
10/22/2014,12135,1289,Georgia,13424
10/22/2014,2812,625,Idaho,3437
10/22/2014,13382,2039,Illinois,15421
10/22/2014,7503,1736,Indiana,9239
10/22/2014,4074,1496,Iowa,5570
10/22/2014,3557,447,Kansas,4004
10/22/2014,7057,961,Kentucky,8018
10/22/2014,7234,1972,Louisiana,9206
10/22/2014,1015,828,Maine,1843
10/22/2014,8850,1178,Maryland,10028
10/22/2014,11118,1140,Massachusetts,12258
10/22/2014,11735,1233,Michigan,12968
10/22/2014,7507,565,Minnesota,8072
10/22/2014,8851,686,Missouri,9537
10/22/2014,911,489,Montana,1400
10/22/2014,3545,639,Nebraska,4184
10/22/2014,2860,436,New Hampshire,3296
10/22/2014,16615,1724,New Jersey,18339
10/22/2014,2634,637,New Mexico,3271
10/22/2014,31293,2365,New York,33658
10/22/2014,8993,3449,North Carolina,12442
10/22/2014,656,652,North Dakota,1308
10/22/2014,8877,2345,Ohio,11222
10/22/2014,2776,2064,Oklahoma,4840
10/22/2014,3183,900,Oregon,4083
10/22/2014,20758,5811,Pennsylvania,26569
10/22/2014,2632,5845,Puerto Rico,8477
10/22/2014,2302,577,Rhode Island,2879
10/22/2014,4619,3338,South Carolina,7957
10/22/2014,1205,344,South Dakota,1549
10/22/2014,6187,2469,Tennessee,8656
10/22/2014,17881,6178,Texas,24059
10/22/2014,497,340,Vermont,837
10/22/2014,76,173,Virgin Islands,249
10/22/2014,8644,1647,Virginia,10291
10/22/2014,4585,620,Washington,5205
10/22/2014,3562,569,West Virginia,4131
10/22/2014,6613,1221,Wisconsin,7834
10/22/2014,679,463,Wyoming,1142
10/18/2014,9862,1136,Arizona,10998
10/18/2014,1716,1325,Arkansas,3041
10/18/2014,46678,0,California,46678
10/18/2014,4404,3552,Colorado,7956
10/18/2014,5888,2473,Connecticut,8361
10/18/2014,2410,379,Delaware,2789
10/18/2014,1187,257,Dist. of Columbia,1444
10/18/2014,38170,10279,Florida,48449
10/18/2014,12814,1344,Georgia,14158
10/18/2014,2979,620,Idaho,3599
10/18/2014,13155,2031,Illinois,15186
10/18/2014,9228,2140,Indiana,11368
10/18/2014,4712,1719,Iowa,6431
10/18/2014,4143,527,Kansas,4670
10/18/2014,7457,1019,Kentucky,8476
10/18/2014,8496,2231,Louisiana,10727
10/18/2014,1332,1084,Maine,2416
10/18/2014,10057,1391,Maryland,11448
10/18/2014,11784,1230,Massachusetts,13014
10/18/2014,12722,1441,Michigan,14163
10/18/2014,8237,669,Minnesota,8906
10/18/2014,9830,846,Missouri,10676
10/18/2014,943,572,Montana,1515
10/18/2014,3861,704,Nebraska,4565
10/18/2014,3352,536,New Hampshire,3888
10/18/2014,17391,1950,New Jersey,19341
10/18/2014,2773,791,New Mexico,3564
10/18/2014,33005,2589,New York,35594
10/18/2014,11346,4361,North Carolina,15707
10/18/2014,695,634,North Dakota,1329
10/18/2014,9089,2599,Ohio,11688
10/18/2014,3039,2452,Oklahoma,5491
10/18/2014,3450,1060,Oregon,4510
10/18/2014,22629,6635,Pennsylvania,29264
10/18/2014,3434,7030,Puerto Rico,10464
10/18/2014,2739,743,Rhode Island,3482
10/18/2014,5529,4257,South Carolina,9786
10/18/2014,1234,439,South Dakota,1673
10/18/2014,7592,3141,Tennessee,10733
10/18/2014,20124,7149,Texas,27273
10/18/2014,585,421,Vermont,1006
10/18/2014,99,177,Virgin Islands,276
10/18/2014,9672,1938,Virginia,11610
10/18/2014,4536,607,Washington,5143
10/18/2014,3966,669,West Virginia,4635
10/18/2014,7457,1324,Wisconsin,8781
10/18/2014,714,464,Wyoming,1178
10/15/2014,8185,1061,Arizona,9246
10/15/2014,1381,1106,Arkansas,2487
10/15/2014,39681,0,California,39681
10/15/2014,3590,2961,Colorado,6551
10/15/2014,4629,2111,Connecticut,6740
10/15/2014,1869,323,Delaware,2192
10/15/2014,904,200,Dist. of Columbia,1104
10/15/2014,28803,8556,Florida,37359
10/15/2014,10059,1132,Georgia,11191
10/15/2014,2661,640,Idaho,3301
10/15/2014,10954,1997,Illinois,12951
10/15/2014,7428,1869,Indiana,9297
10/15/2014,3914,1613,Iowa,5527
10/15/2014,3454,460,Kansas,3914
10/15/2014,6348,1023,Kentucky,7371
10/15/2014,7223,2052,Louisiana,9275
10/15/2014,1072,875,Maine,1947
10/15/2014,7692,1157,Maryland,8849
10/15/2014,8762,1133,Massachusetts,9895
10/15/2014,10111,1313,Michigan,11424
10/15/2014,6843,672,Minnesota,7515
10/15/2014,7851,744,Missouri,8595
10/15/2014,907,492,Montana,1399
10/15/2014,3257,671,Nebraska,3928
10/15/2014,2696,497,New Hampshire,3193
10/15/2014,14892,1845,New Jersey,16737
10/15/2014,2218,641,New Mexico,2859
10/15/2014,25956,2237,New York,28193
10/15/2014,8547,3496,North Carolina,12043
10/15/2014,548,604,North Dakota,1152
10/15/2014,7306,2362,Ohio,9668
10/15/2014,2459,2071,Oklahoma,4530
10/15/2014,2617,932,Oregon,3549
10/15/2014,17050,5535,Pennsylvania,22585
10/15/2014,2751,5013,Puerto Rico,7764
10/15/2014,2098,629,Rhode Island,2727
10/15/2014,4388,3427,South Carolina,7815
10/15/2014,1117,391,South Dakota,1508
10/15/2014,5777,2521,Tennessee,8298
10/15/2014,14286,5573,Texas,19859
10/15/2014,499,323,Vermont,822
10/15/2014,74,167,Virgin Islands,241
10/15/2014,7597,1628,Virginia,9225
10/15/2014,3874,588,Washington,4462
10/15/2014,3208,562,West Virginia,3770
10/15/2014,6240,1221,Wisconsin,7461
10/15/2014,765,487,Wyoming,1252
10/11/2014,8173,950,Arizona,9123
10/11/2014,1361,1058,Arkansas,2419
10/11/2014,34259,0,California,34259
10/11/2014,3622,3021,Colorado,6643
10/11/2014,4799,2104,Connecticut,6903
10/11/2014,1904,335,Delaware,2239
10/11/2014,970,198,Dist. of Columbia,1168
10/11/2014,29993,8280,Florida,38273
10/11/2014,10157,1142,Georgia,11299
10/11/2014,2418,529,Idaho,2947
10/11/2014,10651,1789,Illinois,12440
10/11/2014,7743,1933,Indiana,9676
10/11/2014,3899,1462,Iowa,5361
10/11/2014,3595,436,Kansas,4031
10/11/2014,6552,858,Kentucky,7410
10/11/2014,7329,1949,Louisiana,9278
10/11/2014,1128,952,Maine,2080
10/11/2014,7999,1157,Maryland,9156
10/11/2014,7941,994,Massachusetts,8935
10/11/2014,9810,1187,Michigan,10997
10/11/2014,6632,601,Minnesota,7233
10/11/2014,8132,745,Missouri,8877
10/11/2014,865,518,Montana,1383
10/11/2014,3255,634,Nebraska,3889
10/11/2014,2941,477,New Hampshire,3418
10/11/2014,13821,1735,New Jersey,15556
10/11/2014,2176,632,New Mexico,2808
10/11/2014,25254,2194,New York,27448
10/11/2014,8557,3438,North Carolina,11995
10/11/2014,522,529,North Dakota,1051
10/11/2014,7533,2301,Ohio,9834
10/11/2014,2177,1903,Oklahoma,4080
10/11/2014,2432,840,Oregon,3272
10/11/2014,17118,5252,Pennsylvania,22370
10/11/2014,3265,5852,Puerto Rico,9117
10/11/2014,2330,617,Rhode Island,2947
10/11/2014,4419,3440,South Carolina,7859
10/11/2014,1053,399,South Dakota,1452
10/11/2014,5479,2540,Tennessee,8019
10/11/2014,14710,5611,Texas,20321
10/11/2014,543,379,Vermont,922
10/11/2014,82,185,Virgin Islands,267
10/11/2014,7983,1657,Virginia,9640
10/11/2014,3473,498,Washington,3971
10/11/2014,3340,542,West Virginia,3882
10/11/2014,6232,1116,Wisconsin,7348
10/11/2014,723,459,Wyoming,1182
10/8/2014,7290,950,Arizona,8240
10/8/2014,1245,1092,Arkansas,2337
10/8/2014,34754,0,California,34754
10/8/2014,3451,2870,Colorado,6321
10/8/2014,4544,1944,Connecticut,6488
10/8/2014,1794,291,Delaware,2085
10/8/2014,927,174,Dist. of Columbia,1101
10/8/2014,30164,8571,Florida,38735
10/8/2014,9125,1129,Georgia,10254
10/8/2014,2379,541,Idaho,2920
10/8/2014,9582,1700,Illinois,11282
10/8/2014,6120,1475,Indiana,7595
10/8/2014,3607,1377,Iowa,4984
10/8/2014,3136,451,Kansas,3587
10/8/2014,5755,795,Kentucky,6550
10/8/2014,6283,1786,Louisiana,8069
10/8/2014,978,855,Maine,1833
10/8/2014,7817,1161,Maryland,8978
10/8/2014,7116,895,Massachusetts,8011
10/8/2014,8597,1065,Michigan,9662
10/8/2014,5926,536,Minnesota,6462
10/8/2014,7393,650,Missouri,8043
10/8/2014,790,506,Montana,1296
10/8/2014,2863,592,Nebraska,3455
10/8/2014,2529,409,New Hampshire,2938
10/8/2014,13292,1536,New Jersey,14828
10/8/2014,2062,559,New Mexico,2621
10/8/2014,22958,1970,New York,24928
10/8/2014,8659,3663,North Carolina,12322
10/8/2014,535,593,North Dakota,1128
10/8/2014,6904,2143,Ohio,9047
10/8/2014,2314,1951,Oklahoma,4265
10/8/2014,2328,742,Oregon,3070
10/8/2014,16614,5373,Pennsylvania,21987
10/8/2014,3797,6176,Puerto Rico,9973
10/8/2014,1928,518,Rhode Island,2446
10/8/2014,4233,3343,South Carolina,7576
10/8/2014,1050,348,South Dakota,1398
10/8/2014,5755,2581,Tennessee,8336
10/8/2014,14055,5358,Texas,19413
10/8/2014,464,322,Vermont,786
10/8/2014,76,152,Virgin Islands,228
10/8/2014,7133,1502,Virginia,8635
10/8/2014,3568,551,Washington,4119
10/8/2014,3006,571,West Virginia,3577
10/8/2014,5681,1101,Wisconsin,6782
10/8/2014,672,493,Wyoming,1165
10/4/2014,8226,1032,Arizona,9258
10/4/2014,1372,1090,Arkansas,2462
10/4/2014,32994,0,California,32994
10/4/2014,3434,2936,Colorado,6370
10/4/2014,4775,2209,Connecticut,6984
10/4/2014,1945,318,Delaware,2263
10/4/2014,967,197,Dist. of Columbia,1164
10/4/2014,29722,8233,Florida,37955
10/4/2014,9906,1115,Georgia,11021
10/4/2014,2487,585,Idaho,3072
10/4/2014,10068,1665,Illinois,11733
10/4/2014,7556,1808,Indiana,9364
10/4/2014,3742,1502,Iowa,5244
10/4/2014,3468,432,Kansas,3900
10/4/2014,6555,942,Kentucky,7497
10/4/2014,7322,1995,Louisiana,9317
10/4/2014,1174,973,Maine,2147
10/4/2014,8076,1217,Maryland,9293
10/4/2014,8065,1049,Massachusetts,9114
10/4/2014,9376,1170,Michigan,10546
10/4/2014,6224,573,Minnesota,6797
10/4/2014,8047,709,Missouri,8756
10/4/2014,933,503,Montana,1436
10/4/2014,3164,652,Nebraska,3816
10/4/2014,2940,494,New Hampshire,3434
10/4/2014,13549,1741,New Jersey,15290
10/4/2014,2281,651,New Mexico,2932
10/4/2014,24284,2038,New York,26322
10/4/2014,8299,3451,North Carolina,11750
10/4/2014,475,575,North Dakota,1050
10/4/2014,7207,2318,Ohio,9525
10/4/2014,2319,1967,Oklahoma,4286
10/4/2014,2326,802,Oregon,3128
10/4/2014,16188,5313,Pennsylvania,21501
10/4/2014,3835,5602,Puerto Rico,9437
10/4/2014,2355,685,Rhode Island,3040
10/4/2014,4485,3479,South Carolina,7964
10/4/2014,963,366,South Dakota,1329
10/4/2014,5767,2626,Tennessee,8393
10/4/2014,13926,5573,Texas,19499
10/4/2014,525,378,Vermont,903
10/4/2014,90,153,Virgin Islands,243
10/4/2014,7486,1602,Virginia,9088
10/4/2014,3594,556,Washington,4150
10/4/2014,3484,547,West Virginia,4031
10/4/2014,6147,1173,Wisconsin,7320
10/4/2014,733,519,Wyoming,1252
10/1/2014,8464,1166,Arizona,9630
10/1/2014,1441,1236,Arkansas,2677
10/1/2014,41269,0,California,41269
10/1/2014,3469,3061,Colorado,6530
10/1/2014,4634,2139,Connecticut,6773
10/1/2014,1987,388,Delaware,2375
10/1/2014,1196,247,Dist. of Columbia,1443
10/1/2014,31267,9617,Florida,40884
10/1/2014,11231,1406,Georgia,12637
10/1/2014,2742,687,Idaho,3429
10/1/2014,11342,2078,Illinois,13420
10/1/2014,6920,1838,Indiana,8758
10/1/2014,3762,1466,Iowa,5228
10/1/2014,3588,525,Kansas,4113
10/1/2014,6558,1035,Kentucky,7593
10/1/2014,7210,2273,Louisiana,9483
10/1/2014,1054,908,Maine,1962
10/1/2014,8610,1354,Maryland,9964
10/1/2014,8697,1284,Massachusetts,9981
10/1/2014,10108,1395,Michigan,11503
10/1/2014,6603,661,Minnesota,7264
10/1/2014,8183,772,Missouri,8955
10/1/2014,1022,594,Montana,1616
10/1/2014,3395,704,Nebraska,4099
10/1/2014,2758,537,New Hampshire,3295
10/1/2014,15244,2063,New Jersey,17307
10/1/2014,2432,713,New Mexico,3145
10/1/2014,27213,2497,New York,29710
10/1/2014,9388,3998,North Carolina,13386
10/1/2014,561,623,North Dakota,1184
10/1/2014,7457,2506,Ohio,9963
10/1/2014,2458,2190,Oklahoma,4648
10/1/2014,2379,911,Oregon,3290
10/1/2014,17002,6254,Pennsylvania,23256
10/1/2014,5007,5901,Puerto Rico,10908
10/1/2014,2303,670,Rhode Island,2973
10/1/2014,4657,3772,South Carolina,8429
10/1/2014,1087,365,South Dakota,1452
10/1/2014,6184,2854,Tennessee,9038
10/1/2014,14653,6191,Texas,20844
10/1/2014,500,347,Vermont,847
10/1/2014,107,192,Virgin Islands,299
10/1/2014,8228,1887,Virginia,10115
10/1/2014,3923,651,Washington,4574
10/1/2014,3460,634,West Virginia,4094
10/1/2014,6230,1347,Wisconsin,7577
10/1/2014,912,624,Wyoming,1536
9/27/2014,9232,1212,Arizona,10444
9/27/2014,1648,1375,Arkansas,3023
9/27/2014,41134,0,California,41134
9/27/2014,3649,3158,Colorado,6807
9/27/2014,4913,2173,Connecticut,7086
9/27/2014,2200,400,Delaware,2600
9/27/2014,1070,186,Dist. of Columbia,1256
9/27/2014,34461,10378,Florida,44839
9/27/2014,11918,1439,Georgia,13357
9/27/2014,3086,721,Idaho,3807
9/27/2014,11733,2126,Illinois,13859
9/27/2014,8632,2176,Indiana,10808
9/27/2014,4079,1629,Iowa,5708
9/27/2014,3928,507,Kansas,4435
9/27/2014,7445,1158,Kentucky,8603
9/27/2014,8101,2288,Louisiana,10389
9/27/2014,1123,1070,Maine,2193
9/27/2014,8664,1412,Maryland,10076
9/27/2014,9025,1233,Massachusetts,10258
9/27/2014,10808,1414,Michigan,12222
9/27/2014,6983,640,Minnesota,7623
9/27/2014,9197,844,Missouri,10041
9/27/2014,1018,604,Montana,1622
9/27/2014,3630,739,Nebraska,4369
9/27/2014,3213,556,New Hampshire,3769
9/27/2014,15102,1956,New Jersey,17058
9/27/2014,2560,769,New Mexico,3329
9/27/2014,29141,2581,New York,31722
9/27/2014,9723,4063,North Carolina,13786
9/27/2014,554,618,North Dakota,1172
9/27/2014,8071,2585,Ohio,10656
9/27/2014,2516,2244,Oklahoma,4760
9/27/2014,2469,885,Oregon,3354
9/27/2014,18187,6529,Pennsylvania,24716
9/27/2014,2618,767,Rhode Island,3385
9/27/2014,5185,4043,South Carolina,9228
9/27/2014,1134,392,South Dakota,1526
9/27/2014,6661,3026,Tennessee,9687
9/27/2014,15950,6366,Texas,22316
9/27/2014,580,403,Vermont,983
9/27/2014,80,208,Virgin Islands,288
9/27/2014,8572,1868,Virginia,10440
9/27/2014,3757,633,Washington,4390
9/27/2014,3888,683,West Virginia,4571
9/27/2014,6959,1440,Wisconsin,8399
9/27/2014,1007,633,Wyoming,1640
9/24/2014,18945,1837,Arizona,20782
9/24/2014,3282,2170,Arkansas,5452
9/24/2014,113980,0,California,113980
9/24/2014,9250,5722,Colorado,14972
9/24/2014,11368,3851,Connecticut,15219
9/24/2014,4785,534,Delaware,5319
9/24/2014,2115,301,Dist. of Columbia,2416
9/24/2014,55208,13093,Florida,68301
9/24/2014,23312,2101,Georgia,25413
9/24/2014,5171,951,Idaho,6122
9/24/2014,28006,3407,Illinois,31413
9/24/2014,15745,2907,Indiana,18652
9/24/2014,9413,2720,Iowa,12133
9/24/2014,7404,793,Kansas,8197
9/24/2014,13114,1559,Kentucky,14673
9/24/2014,14029,2978,Louisiana,17007
9/24/2014,2042,1409,Maine,3451
9/24/2014,18438,1887,Maryland,20325
9/24/2014,30211,2090,Massachusetts,32301
9/24/2014,26370,2102,Michigan,28472
9/24/2014,15995,1002,Minnesota,16997
9/24/2014,17936,1160,Missouri,19096
9/24/2014,1545,664,Montana,2209
9/24/2014,6783,1121,Nebraska,7904
9/24/2014,6833,827,New Hampshire,7660
9/24/2014,43566,3517,New Jersey,47083
9/24/2014,4800,1113,New Mexico,5913
9/24/2014,74706,4096,New York,78802
9/24/2014,17783,5583,North Carolina,23366
9/24/2014,1513,1093,North Dakota,2606
9/24/2014,20759,3998,Ohio,24757
9/24/2014,6049,3982,Oklahoma,10031
9/24/2014,7790,1536,Oregon,9326
9/24/2014,52388,12181,Pennsylvania,64569
9/24/2014,5281,1192,Rhode Island,6473
9/24/2014,8642,5435,South Carolina,14077
9/24/2014,2347,590,South Dakota,2937
9/24/2014,12006,4014,Tennessee,16020
9/24/2014,38426,11395,Texas,49821
9/24/2014,1005,566,Vermont,1571
9/24/2014,140,217,Virgin Islands,357
9/24/2014,16977,2676,Virginia,19653
9/24/2014,10354,1130,Washington,11484
9/24/2014,7092,917,West Virginia,8009
9/24/2014,13741,2028,Wisconsin,15769
9/24/2014,1114,608,Wyoming,1722
9/20/2014,16148,1473,Arizona,17621
9/20/2014,2593,1876,Arkansas,4469
9/20/2014,86795,0,California,86795
9/20/2014,7139,4671,Colorado,11810
9/20/2014,8885,3005,Connecticut,11890
9/20/2014,3967,472,Delaware,4439
9/20/2014,1615,261,Dist. of Columbia,1876
9/20/2014,49223,11555,Florida,60778
9/20/2014,19548,1738,Georgia,21286
9/20/2014,4275,824,Idaho,5099
9/20/2014,21762,2787,Illinois,24549
9/20/2014,13381,2562,Indiana,15943
9/20/2014,7784,2366,Iowa,10150
9/20/2014,6352,721,Kansas,7073
9/20/2014,11298,1322,Kentucky,12620
9/20/2014,12260,2710,Louisiana,14970
9/20/2014,1820,1378,Maine,3198
9/20/2014,15095,1576,Maryland,16671
9/20/2014,22272,1688,Massachusetts,23960
9/20/2014,20864,1767,Michigan,22631
9/20/2014,12759,866,Minnesota,13625
9/20/2014,15026,998,Missouri,16024
9/20/2014,1344,603,Montana,1947
9/20/2014,5743,882,Nebraska,6625
9/20/2014,5729,709,New Hampshire,6438
9/20/2014,32533,2715,New Jersey,35248
9/20/2014,4222,1009,New Mexico,5231
9/20/2014,57855,3416,New York,61271
9/20/2014,15312,5007,North Carolina,20319
9/20/2014,1102,994,North Dakota,2096
9/20/2014,16698,3459,Ohio,20157
9/20/2014,4712,3196,Oklahoma,7908
9/20/2014,6055,1360,Oregon,7415
9/20/2014,42466,10208,Pennsylvania,52674
9/20/2014,4326,1008,Rhode Island,5334
9/20/2014,7758,5027,South Carolina,12785
9/20/2014,1749,526,South Dakota,2275
9/20/2014,10160,3620,Tennessee,13780
9/20/2014,31387,9534,Texas,40921
9/20/2014,876,484,Vermont,1360
9/20/2014,108,231,Virgin Islands,339
9/20/2014,14484,2404,Virginia,16888
9/20/2014,8200,957,Washington,9157
9/20/2014,5656,796,West Virginia,6452
9/20/2014,11155,1598,Wisconsin,12753
9/20/2014,919,610,Wyoming,1529
9/17/2014,13751,1463,Arizona,15214
9/17/2014,2314,1692,Arkansas,4006
9/17/2014,75914,0,California,75914
9/17/2014,6346,4171,Colorado,10517
9/17/2014,7821,2917,Connecticut,10738
9/17/2014,3455,427,Delaware,3882
9/17/2014,1577,298,Dist. of Columbia,1875
9/17/2014,40240,10223,Florida,50463
9/17/2014,16357,1674,Georgia,18031
9/17/2014,4124,859,Idaho,4983
9/17/2014,19719,2672,Illinois,22391
9/17/2014,10550,2231,Indiana,12781
9/17/2014,6423,2259,Iowa,8682
9/17/2014,5455,674,Kansas,6129
9/17/2014,9777,1297,Kentucky,11074
9/17/2014,10077,2511,Louisiana,12588
9/17/2014,1449,1142,Maine,2591
9/17/2014,12018,1522,Maryland,13540
9/17/2014,20014,1573,Massachusetts,21587
9/17/2014,17695,1609,Michigan,19304
9/17/2014,11209,830,Minnesota,12039
9/17/2014,12642,988,Missouri,13630
9/17/2014,1282,613,Montana,1895
9/17/2014,5146,908,Nebraska,6054
9/17/2014,4231,563,New Hampshire,4794
9/17/2014,29686,2816,New Jersey,32502
9/17/2014,3913,951,New Mexico,4864
9/17/2014,53045,3262,New York,56307
9/17/2014,13251,4802,North Carolina,18053
9/17/2014,1076,892,North Dakota,1968
9/17/2014,13773,3168,Ohio,16941
9/17/2014,4197,2895,Oklahoma,7092
9/17/2014,5320,1262,Oregon,6582
9/17/2014,36658,9905,Pennsylvania,46563
9/17/2014,3497,850,Rhode Island,4347
9/17/2014,6402,4410,South Carolina,10812
9/17/2014,1684,435,South Dakota,2119
9/17/2014,8731,3235,Tennessee,11966
9/17/2014,25996,8461,Texas,34457
9/17/2014,708,381,Vermont,1089
9/17/2014,91,186,Virgin Islands,277
9/17/2014,12373,2119,Virginia,14492
9/17/2014,7982,870,Washington,8852
9/17/2014,4887,768,West Virginia,5655
9/17/2014,9970,1466,Wisconsin,11436
9/17/2014,869,640,Wyoming,1509
9/13/2014,11734,1316,Arizona,13050
9/13/2014,2174,1595,Arkansas,3769
9/13/2014,62614,0,California,62614
9/13/2014,6022,4269,Colorado,10291
9/13/2014,7582,2848,Connecticut,10430
9/13/2014,3159,408,Delaware,3567
9/13/2014,1417,272,Dist. of Columbia,1689
9/13/2014,43216,11280,Florida,54496
9/13/2014,15673,1509,Georgia,17182
9/13/2014,3620,712,Idaho,4332
9/13/2014,17935,2513,Illinois,20448
9/13/2014,11354,2411,Indiana,13765
9/13/2014,5856,1912,Iowa,7768
9/13/2014,4925,631,Kansas,5556
9/13/2014,9305,1196,Kentucky,10501
9/13/2014,10318,2489,Louisiana,12807
9/13/2014,1787,1387,Maine,3174
9/13/2014,11943,1587,Maryland,13530
9/13/2014,16056,1491,Massachusetts,17547
9/13/2014,16258,1556,Michigan,17814
9/13/2014,10572,770,Minnesota,11342
9/13/2014,11764,958,Missouri,12722
9/13/2014,1180,577,Montana,1757
9/13/2014,4691,855,Nebraska,5546
9/13/2014,4313,620,New Hampshire,4933
9/13/2014,26040,2591,New Jersey,28631
9/13/2014,3363,866,New Mexico,4229
9/13/2014,45413,3069,New York,48482
9/13/2014,13059,4632,North Carolina,17691
9/13/2014,814,792,North Dakota,1606
9/13/2014,13248,3079,Ohio,16327
9/13/2014,3652,2727,Oklahoma,6379
9/13/2014,4566,1163,Oregon,5729
9/13/2014,32616,9145,Pennsylvania,41761
9/13/2014,3379,782,Rhode Island,4161
9/13/2014,6356,4321,South Carolina,10677
9/13/2014,1534,425,South Dakota,1959
9/13/2014,8337,3130,Tennessee,11467
9/13/2014,24439,7965,Texas,32404
9/13/2014,765,501,Vermont,1266
9/13/2014,102,181,Virgin Islands,283
9/13/2014,12469,2249,Virginia,14718
9/13/2014,6490,833,Washington,7323
9/13/2014,4553,685,West Virginia,5238
9/13/2014,9629,1458,Wisconsin,11087
9/13/2014,916,611,Wyoming,1527
9/10/2014,10978,1359,Arizona,12337
9/10/2014,2043,1589,Arkansas,3632
9/10/2014,65907,0,California,65907
9/10/2014,5744,3912,Colorado,9656
9/10/2014,7037,2560,Connecticut,9597
9/10/2014,2878,434,Delaware,3312
9/10/2014,1483,283,Dist. of Columbia,1766
9/10/2014,40158,11096,Florida,51254
9/10/2014,15008,1652,Georgia,16660
9/10/2014,3773,865,Idaho,4638
9/10/2014,17721,2815,Illinois,20536
9/10/2014,10111,2300,Indiana,12411
9/10/2014,5605,1868,Iowa,7473
9/10/2014,4831,587,Kansas,5418
9/10/2014,8757,1307,Kentucky,10064
9/10/2014,9295,2546,Louisiana,11841
9/10/2014,1515,1173,Maine,2688
9/10/2014,11358,1516,Maryland,12874
9/10/2014,15964,1599,Massachusetts,17563
9/10/2014,14293,1758,Michigan,16051
9/10/2014,9787,828,Minnesota,10615
9/10/2014,11502,940,Missouri,12442
9/10/2014,1311,601,Montana,1912
9/10/2014,4672,880,Nebraska,5552
9/10/2014,3881,579,New Hampshire,4460
9/10/2014,24941,2690,New Jersey,27631
9/10/2014,3401,942,New Mexico,4343
9/10/2014,45190,3319,New York,48509
9/10/2014,12375,4609,North Carolina,16984
9/10/2014,786,766,North Dakota,1552
9/10/2014,11667,3043,Ohio,14710
9/10/2014,3534,2685,Oklahoma,6219
9/10/2014,4526,1180,Oregon,5706
9/10/2014,30188,9052,Pennsylvania,39240
9/10/2014,3111,879,Rhode Island,3990
9/10/2014,5996,4275,South Carolina,10271
9/10/2014,1599,493,South Dakota,2092
9/10/2014,7801,3157,Tennessee,10958
9/10/2014,22341,7798,Texas,30139
9/10/2014,694,453,Vermont,1147
9/10/2014,98,191,Virgin Islands,289
9/10/2014,12097,2357,Virginia,14454
9/10/2014,6881,912,Washington,7793
9/10/2014,4623,774,West Virginia,5397
9/10/2014,8913,1593,Wisconsin,10506
9/10/2014,1141,725,Wyoming,1866
9/6/2014,10245,1208,Arizona,11453
9/6/2014,1962,1378,Arkansas,3340
9/6/2014,53270,0,California,53270
9/6/2014,5436,3990,Colorado,9426
9/6/2014,6747,2548,Connecticut,9295
9/6/2014,2839,379,Delaware,3218
9/6/2014,1273,246,Dist. of Columbia,1519
9/6/2014,44265,11215,Florida,55480
9/6/2014,13941,1413,Georgia,15354
9/6/2014,3327,654,Idaho,3981
9/6/2014,15249,2161,Illinois,17410
9/6/2014,10091,2165,Indiana,12256
9/6/2014,4365,562,Kansas,4927
9/6/2014,8206,1083,Kentucky,9289
9/6/2014,8860,2269,Louisiana,11129
9/6/2014,1598,1246,Maine,2844
9/6/2014,11464,1463,Maryland,12927
9/6/2014,13083,1231,Massachusetts,14314
9/6/2014,12774,1339,Michigan,14113
9/6/2014,8279,700,Minnesota,8979
9/6/2014,10482,854,Missouri,11336
9/6/2014,1062,539,Montana,1601
9/6/2014,4092,737,Nebraska,4829
9/6/2014,3753,525,New Hampshire,4278
9/6/2014,21300,2139,New Jersey,23439
9/6/2014,2949,787,New Mexico,3736
9/6/2014,38094,2668,New York,40762
9/6/2014,13113,4902,North Carolina,18015
9/6/2014,728,649,North Dakota,1377
9/6/2014,11294,2871,Ohio,14165
9/6/2014,3410,2552,Oklahoma,5962
9/6/2014,3903,1032,Oregon,4935
9/6/2014,28915,8709,Pennsylvania,37624
9/6/2014,2865,684,Rhode Island,3549
9/6/2014,6498,4583,South Carolina,11081
9/6/2014,1287,425,South Dakota,1712
9/6/2014,8068,3048,Tennessee,11116
9/6/2014,22430,7481,Texas,29911
9/6/2014,661,454,Vermont,1115
9/6/2014,91,196,Virgin Islands,287
9/6/2014,11634,2159,Virginia,13793
9/6/2014,5724,655,Washington,6379
9/6/2014,4138,652,West Virginia,4790
9/6/2014,8205,1367,Wisconsin,9572
9/6/2014,885,650,Wyoming,1535
9/3/2014,9371,1078,Arizona,10449
9/3/2014,1539,1103,Arkansas,2642
9/3/2014,48551,0,California,48551
9/3/2014,4874,3437,Colorado,8311
9/3/2014,6060,2384,Connecticut,8444
9/3/2014,2283,367,Delaware,2650
9/3/2014,1315,248,Dist. of Columbia,1563
9/3/2014,31648,8359,Florida,40007
9/3/2014,11975,1190,Georgia,13165
9/3/2014,3293,690,Idaho,3983
9/3/2014,14281,2161,Illinois,16442
9/3/2014,8557,1875,Indiana,10432
9/3/2014,4333,1502,Iowa,5835
9/3/2014,4057,495,Kansas,4552
9/3/2014,7496,984,Kentucky,8480
9/3/2014,8285,2218,Louisiana,10503
9/3/2014,1279,1010,Maine,2289
9/3/2014,9763,1357,Maryland,11120
9/3/2014,11966,1314,Massachusetts,13280
9/3/2014,12289,1414,Michigan,13703
9/3/2014,8126,624,Minnesota,8750
9/3/2014,9876,767,Missouri,10643
9/3/2014,1089,528,Montana,1617
9/3/2014,3766,705,Nebraska,4471
9/3/2014,3130,485,New Hampshire,3615
9/3/2014,19839,2181,New Jersey,22020
9/3/2014,2536,706,New Mexico,3242
9/3/2014,35090,2691,New York,37781
9/3/2014,10236,3789,North Carolina,14025
9/3/2014,707,661,North Dakota,1368
9/3/2014,9991,2560,Ohio,12551
9/3/2014,2704,2150,Oklahoma,4854
9/3/2014,3817,1085,Oregon,4902
9/3/2014,22262,7132,Pennsylvania,29394
9/3/2014,2602,673,Rhode Island,3275
9/3/2014,5082,3618,South Carolina,8700
9/3/2014,1246,407,South Dakota,1653
9/3/2014,6322,2446,Tennessee,8768
9/3/2014,18903,6622,Texas,25525
9/3/2014,596,378,Vermont,974
9/3/2014,71,133,Virgin Islands,204
9/3/2014,10046,1916,Virginia,11962
9/3/2014,5704,661,Washington,6365
9/3/2014,3785,628,West Virginia,4413
9/3/2014,7608,1313,Wisconsin,8921
9/3/2014,929,662,Wyoming,1591
8/30/2014,9182,1156,Arizona,10338
8/30/2014,1570,1200,Arkansas,2770
8/30/2014,42517,0,California,42517
8/30/2014,4525,3457,Colorado,7982
8/30/2014,5506,2288,Connecticut,7794
8/30/2014,2226,407,Delaware,2633
8/30/2014,1162,247,Dist. of Columbia,1409
8/30/2014,33801,9242,Florida,43043
8/30/2014,11703,1198,Georgia,12901
8/30/2014,2974,600,Idaho,3574
8/30/2014,12374,2016,Illinois,14390
8/30/2014,8762,1896,Indiana,10658
8/30/2014,4281,1545,Iowa,5826
8/30/2014,3957,552,Kansas,4509
8/30/2014,7453,1033,Kentucky,8486
8/30/2014,7718,2094,Louisiana,9812
8/30/2014,1414,1061,Maine,2475
8/30/2014,9479,1320,Maryland,10799
8/30/2014,8585,1082,Massachusetts,9667
8/30/2014,10820,1287,Michigan,12107
8/30/2014,7283,643,Minnesota,7926
8/30/2014,9068,807,Missouri,9875
8/30/2014,996,521,Montana,1517
8/30/2014,3456,608,Nebraska,4064
8/30/2014,3229,553,New Hampshire,3782
8/30/2014,16245,2078,New Jersey,18323
8/30/2014,2431,706,New Mexico,3137
8/30/2014,29565,2480,New York,32045
8/30/2014,9987,3915,North Carolina,13902
8/30/2014,532,726,North Dakota,1258
8/30/2014,8797,2610,Ohio,11407
8/30/2014,2535,2013,Oklahoma,4548
8/30/2014,3061,928,Oregon,3989
8/30/2014,20337,5851,Pennsylvania,26188
8/30/2014,2535,651,Rhode Island,3186
8/30/2014,5143,3843,South Carolina,8986
8/30/2014,1165,388,South Dakota,1553
8/30/2014,6261,2684,Tennessee,8945
8/30/2014,16632,6286,Texas,22918
8/30/2014,607,382,Vermont,989
8/30/2014,85,165,Virgin Islands,250
8/30/2014,9395,1888,Virginia,11283
8/30/2014,4637,617,Washington,5254
8/30/2014,3564,598,West Virginia,4162
8/30/2014,7374,1358,Wisconsin,8732
8/30/2014,1037,741,Wyoming,1778
8/27/2014,7727,943,Arizona,8670
8/27/2014,1425,1119,Arkansas,2544
8/27/2014,36708,0,California,36708
8/27/2014,3849,2922,Colorado,6771
8/27/2014,4719,1982,Connecticut,6701
8/27/2014,1921,317,Delaware,2238
8/27/2014,986,200,Dist. of Columbia,1186
8/27/2014,29618,8215,Florida,37833
8/27/2014,9338,1023,Georgia,10361
8/27/2014,2671,552,Idaho,3223
8/27/2014,10828,1758,Illinois,12586
8/27/2014,6704,1664,Indiana,8368
8/27/2014,3700,1403,Iowa,5103
8/27/2014,3298,459,Kansas,3757
8/27/2014,5867,914,Kentucky,6781
8/27/2014,6679,1853,Louisiana,8532
8/27/2014,1109,905,Maine,2014
8/27/2014,8018,1147,Maryland,9165
8/27/2014,7616,951,Massachusetts,8567
8/27/2014,9351,1177,Michigan,10528
8/27/2014,6506,573,Minnesota,7079
8/27/2014,7835,651,Missouri,8486
8/27/2014,978,508,Montana,1486
8/27/2014,3200,602,Nebraska,3802
8/27/2014,2552,462,New Hampshire,3014
8/27/2014,14648,1753,New Jersey,16401
8/27/2014,2077,572,New Mexico,2649
8/27/2014,24601,2109,New York,26710
8/27/2014,8784,3659,North Carolina,12443
8/27/2014,544,643,North Dakota,1187
8/27/2014,7368,2086,Ohio,9454
8/27/2014,2228,1854,Oklahoma,4082
8/27/2014,2675,833,Oregon,3508
8/27/2014,16743,5118,Pennsylvania,21861
8/27/2014,2060,549,Rhode Island,2609
8/27/2014,4233,3328,South Carolina,7561
8/27/2014,1141,313,South Dakota,1454
8/27/2014,5617,2351,Tennessee,7968
8/27/2014,14116,6009,Texas,20125
8/27/2014,451,339,Vermont,790
8/27/2014,73,145,Virgin Islands,218
8/27/2014,7995,1651,Virginia,9646
8/27/2014,4257,555,Washington,4812
8/27/2014,3067,533,West Virginia,3600
8/27/2014,6034,1070,Wisconsin,7104
8/27/2014,1672,1133,Wyoming,2805
8/23/2014,8436,1005,Arizona,9441
8/23/2014,1300,1049,Arkansas,2349
8/23/2014,31320,0,California,31320
8/23/2014,3629,3047,Colorado,6676
8/23/2014,4654,2083,Connecticut,6737
8/23/2014,1990,298,Delaware,2288
8/23/2014,976,209,Dist. of Columbia,1185
8/23/2014,29162,7629,Florida,36791
8/23/2014,10032,1099,Georgia,11131
8/23/2014,2615,537,Idaho,3152
8/23/2014,9970,1665,Illinois,11635
8/23/2014,7384,1753,Indiana,9137
8/23/2014,3601,1368,Iowa,4969
8/23/2014,3490,430,Kansas,3920
8/23/2014,6485,853,Kentucky,7338
8/23/2014,7354,1941,Louisiana,9295
8/23/2014,1175,973,Maine,2148
8/23/2014,7980,1122,Maryland,9102
8/23/2014,7654,941,Massachusetts,8595
8/23/2014,9470,1148,Michigan,10618
8/23/2014,6361,567,Minnesota,6928
8/23/2014,8093,676,Missouri,8769
8/23/2014,970,467,Montana,1437
8/23/2014,3095,579,Nebraska,3674
8/23/2014,2872,486,New Hampshire,3358
8/23/2014,13433,1660,New Jersey,15093
8/23/2014,2203,626,New Mexico,2829
8/23/2014,23861,1988,New York,25849
8/23/2014,8216,3406,North Carolina,11622
8/23/2014,511,685,North Dakota,1196
8/23/2014,7182,2176,Ohio,9358
8/23/2014,2138,1875,Oklahoma,4013
8/23/2014,2409,856,Oregon,3265
8/23/2014,16085,5043,Pennsylvania,21128
8/23/2014,2412,612,Rhode Island,3024
8/23/2014,4304,3370,South Carolina,7674
8/23/2014,1043,367,South Dakota,1410
8/23/2014,5585,2384,Tennessee,7969
8/23/2014,14036,5426,Texas,19462
8/23/2014,521,373,Vermont,894
8/23/2014,73,163,Virgin Islands,236
8/23/2014,7697,1631,Virginia,9328
8/23/2014,3599,498,Washington,4097
8/23/2014,3163,523,West Virginia,3686
8/23/2014,6211,1196,Wisconsin,7407
8/20/2014,7648,971,Arizona,8619
8/20/2014,1233,965,Arkansas,2198
8/20/2014,34561,0,California,34561
8/20/2014,3260,2784,Colorado,6044
8/20/2014,4126,1838,Connecticut,5964
8/20/2014,1774,334,Delaware,2108
8/20/2014,976,208,Dist. of Columbia,1184
8/20/2014,26653,7687,Florida,34340
8/20/2014,9666,1077,Georgia,10743
8/20/2014,2750,600,Idaho,3350
8/20/2014,10104,1819,Illinois,11923
8/20/2014,6578,1643,Indiana,8221
8/20/2014,3375,1285,Iowa,4660
8/20/2014,3174,424,Kansas,3598
8/20/2014,5647,888,Kentucky,6535
8/20/2014,6069,1806,Louisiana,7875
8/20/2014,1148,948,Maine,2096
8/20/2014,7429,1125,Maryland,8554
8/20/2014,7126,992,Massachusetts,8118
8/20/2014,9405,1355,Michigan,10760
8/20/2014,6065,581,Minnesota,6646
8/20/2014,7495,665,Missouri,8160
8/20/2014,971,534,Montana,1505
8/20/2014,3035,575,Nebraska,3610
8/20/2014,2615,480,New Hampshire,3095
8/20/2014,13840,1741,New Jersey,15581
8/20/2014,2210,584,New Mexico,2794
8/20/2014,23592,2190,New York,25782
8/20/2014,8290,3523,North Carolina,11813
8/20/2014,517,614,North Dakota,1131
8/20/2014,6618,2137,Ohio,8755
8/20/2014,1978,1702,Oklahoma,3680
8/20/2014,2360,798,Oregon,3158
8/20/2014,15050,4958,Pennsylvania,20008
8/20/2014,1960,561,Rhode Island,2521
8/20/2014,4227,3196,South Carolina,7423
8/20/2014,1085,342,South Dakota,1427
8/20/2014,5271,2283,Tennessee,7554
8/20/2014,12312,4910,Texas,17222
8/20/2014,517,334,Vermont,851
8/20/2014,60,145,Virgin Islands,205
8/20/2014,7375,1645,Virginia,9020
8/20/2014,3533,563,Washington,4096
8/20/2014,2998,519,West Virginia,3517
8/20/2014,5891,1143,Wisconsin,7034
8/16/2014,8580,1139,Arizona,9719
8/16/2014,1412,1177,Arkansas,2589
8/16/2014,37672,0,California,37672
8/16/2014,3496,2923,Colorado,6419
8/16/2014,4561,1977,Connecticut,6538
8/16/2014,2001,354,Delaware,2355
8/16/2014,1141,238,Dist. of Columbia,1379
8/16/2014,32492,9160,Florida,41652
8/16/2014,11399,1285,Georgia,12684
8/16/2014,2819,636,Idaho,3455
8/16/2014,10621,1896,Illinois,12517
8/16/2014,7818,1949,Indiana,9767
8/16/2014,3502,1258,Iowa,4760
8/16/2014,3520,489,Kansas,4009
8/16/2014,6741,1008,Kentucky,7749
8/16/2014,7261,2120,Louisiana,9381
8/16/2014,1131,1046,Maine,2177
8/16/2014,8716,1276,Maryland,9992
8/16/2014,7744,973,Massachusetts,8717
8/16/2014,9784,1250,Michigan,11034
8/16/2014,6221,641,Minnesota,6862
8/16/2014,8272,740,Missouri,9012
8/16/2014,996,510,Montana,1506
8/16/2014,3232,614,Nebraska,3846
8/16/2014,2799,474,New Hampshire,3273
8/16/2014,13685,1707,New Jersey,15392
8/16/2014,2282,708,New Mexico,2990
8/16/2014,24845,2169,New York,27014
8/16/2014,9570,4065,North Carolina,13635
8/16/2014,528,603,North Dakota,1131
8/16/2014,7202,2369,Ohio,9571
8/16/2014,2235,2022,Oklahoma,4257
8/16/2014,2383,886,Oregon,3269
8/16/2014,16504,5317,Pennsylvania,21821
8/16/2014,2359,699,Rhode Island,3058
8/16/2014,4834,3886,South Carolina,8720
8/16/2014,1035,341,South Dakota,1376
8/16/2014,6269,2709,Tennessee,8978
8/16/2014,14499,5779,Texas,20278
8/16/2014,519,360,Vermont,879
8/16/2014,90,166,Virgin Islands,256
8/16/2014,8473,1932,Virginia,10405
8/16/2014,3527,580,Washington,4107
8/16/2014,3211,579,West Virginia,3790
8/16/2014,6380,1250,Wisconsin,7630
8/13/2014,7166,965,Arizona,8131
8/13/2014,1224,931,Arkansas,2155
8/13/2014,31392,0,California,31392
8/13/2014,2896,2430,Colorado,5326
8/13/2014,3871,1763,Connecticut,5634
8/13/2014,1681,291,Delaware,1972
8/13/2014,971,181,Dist. of Columbia,1152
8/13/2014,24686,7035,Florida,31721
8/13/2014,8814,1073,Georgia,9887
8/13/2014,2678,588,Idaho,3266
8/13/2014,9200,1652,Illinois,10852
8/13/2014,6037,1534,Indiana,7571
8/13/2014,3042,1183,Iowa,4225
8/13/2014,2977,397,Kansas,3374
8/13/2014,5615,860,Kentucky,6475
8/13/2014,5894,1793,Louisiana,7687
8/13/2014,927,781,Maine,1708
8/13/2014,6803,1072,Maryland,7875
8/13/2014,6257,841,Massachusetts,7098
8/13/2014,7896,1092,Michigan,8988
8/13/2014,5484,513,Minnesota,5997
8/13/2014,7174,641,Missouri,7815
8/13/2014,956,485,Montana,1441
8/13/2014,2867,541,Nebraska,3408
8/13/2014,2331,381,New Hampshire,2712
8/13/2014,12473,1611,New Jersey,14084
8/13/2014,1993,580,New Mexico,2573
8/13/2014,21526,2005,New York,23531
8/13/2014,7449,3244,North Carolina,10693
8/13/2014,495,595,North Dakota,1090
8/13/2014,6231,1994,Ohio,8225
8/13/2014,1796,1552,Oklahoma,3348
8/13/2014,2076,845,Oregon,2921
8/13/2014,13688,4557,Pennsylvania,18245
8/13/2014,1922,572,Rhode Island,2494
8/13/2014,3746,3089,South Carolina,6835
8/13/2014,996,348,South Dakota,1344
8/13/2014,4914,2208,Tennessee,7122
8/13/2014,11175,4579,Texas,15754
8/13/2014,435,261,Vermont,696
8/13/2014,67,144,Virgin Islands,211
8/13/2014,6562,1438,Virginia,8000
8/13/2014,3240,509,Washington,3749
8/13/2014,2910,532,West Virginia,3442
8/13/2014,5772,1146,Wisconsin,6918
8/9/2014,9701,1149,Arizona,10850
8/9/2014,1630,1299,Arkansas,2929
8/9/2014,42699,0,California,42699
8/9/2014,4202,3346,Colorado,7548
8/9/2014,5227,2200,Connecticut,7427
8/9/2014,2302,377,Delaware,2679
8/9/2014,1214,239,Dist. of Columbia,1453
8/9/2014,34450,9271,Florida,43721
8/9/2014,12260,1412,Georgia,13672
8/9/2014,3256,705,Idaho,3961
8/9/2014,12188,2030,Illinois,14218
8/9/2014,8758,2043,Indiana,10801
8/9/2014,4088,1488,Iowa,5576
8/9/2014,3882,527,Kansas,4409
8/9/2014,7688,1083,Kentucky,8771
8/9/2014,7843,2168,Louisiana,10011
8/9/2014,1308,1067,Maine,2375
8/9/2014,9261,1375,Maryland,10636
8/9/2014,8392,1033,Massachusetts,9425
8/9/2014,10996,1328,Michigan,12324
8/9/2014,7471,638,Minnesota,8109
8/9/2014,9389,762,Missouri,10151
8/9/2014,1095,570,Montana,1665
8/9/2014,3631,662,Nebraska,4293
8/9/2014,3226,497,New Hampshire,3723
8/9/2014,15120,1979,New Jersey,17099
8/9/2014,2413,698,New Mexico,3111
8/9/2014,28737,2392,New York,31129
8/9/2014,10417,4225,North Carolina,14642
8/9/2014,609,641,North Dakota,1250
8/9/2014,8453,2634,Ohio,11087
8/9/2014,2555,2083,Oklahoma,4638
8/9/2014,3034,1095,Oregon,4129
8/9/2014,20182,6153,Pennsylvania,26335
8/9/2014,2541,661,Rhode Island,3202
8/9/2014,5241,4067,South Carolina,9308
8/9/2014,1275,399,South Dakota,1674
8/9/2014,6648,2924,Tennessee,9572
8/9/2014,16259,6080,Texas,22339
8/9/2014,540,389,Vermont,929
8/9/2014,84,194,Virgin Islands,278
8/9/2014,9297,1953,Virginia,11250
8/9/2014,4389,635,Washington,5024
8/9/2014,3763,647,West Virginia,4410
8/9/2014,7501,1357,Wisconsin,8858
8/6/2014,8577,1125,Arizona,9702
8/6/2014,1397,1013,Arkansas,2410
8/6/2014,39461,0,California,39461
8/6/2014,3943,3038,Colorado,6981
8/6/2014,4788,2000,Connecticut,6788
8/6/2014,2002,338,Delaware,2340
8/6/2014,1145,192,Dist. of Columbia,1337
8/6/2014,28867,7952,Florida,36819
8/6/2014,10702,1116,Georgia,11818
8/6/2014,3135,626,Idaho,3761
8/6/2014,11533,1885,Illinois,13418
8/6/2014,7268,1737,Indiana,9005
8/6/2014,3731,1311,Iowa,5042
8/6/2014,3475,534,Kansas,4009
8/6/2014,6572,951,Kentucky,7523
8/6/2014,6999,1928,Louisiana,8927
8/6/2014,1130,931,Maine,2061
8/6/2014,8137,1203,Maryland,9340
8/6/2014,7883,1008,Massachusetts,8891
8/6/2014,10056,1257,Michigan,11313
8/6/2014,7027,560,Minnesota,7587
8/6/2014,8457,746,Missouri,9203
8/6/2014,1106,512,Montana,1618
8/6/2014,3326,595,Nebraska,3921
8/6/2014,2661,458,New Hampshire,3119
8/6/2014,14904,1828,New Jersey,16732
8/6/2014,2281,654,New Mexico,2935
8/6/2014,27037,2254,New York,29291
8/6/2014,8836,3644,North Carolina,12480
8/6/2014,572,623,North Dakota,1195
8/6/2014,7549,2395,Ohio,9944
8/6/2014,2288,1860,Oklahoma,4148
8/6/2014,2880,1027,Oregon,3907
8/6/2014,17416,5475,Pennsylvania,22891
8/6/2014,2150,639,Rhode Island,2789
8/6/2014,4536,3487,South Carolina,8023
8/6/2014,1251,369,South Dakota,1620
8/6/2014,5915,2390,Tennessee,8305
8/6/2014,14354,5291,Texas,19645
8/6/2014,516,338,Vermont,854
8/6/2014,81,171,Virgin Islands,252
8/6/2014,8086,1754,Virginia,9840
8/6/2014,4097,619,Washington,4716
8/6/2014,3369,633,West Virginia,4002
8/6/2014,6644,1224,Wisconsin,7868
8/2/2014,9248,1258,Arizona,10506
8/2/2014,1627,1288,Arkansas,2915
8/2/2014,36114,0,California,36114
8/2/2014,3971,3263,Colorado,7234
8/2/2014,5214,2271,Connecticut,7485
8/2/2014,2219,369,Delaware,2588
8/2/2014,1158,234,Dist. of Columbia,1392
8/2/2014,33191,9576,Florida,42767
8/2/2014,11295,1323,Georgia,12618
8/2/2014,3231,712,Idaho,3943
8/2/2014,11567,2093,Illinois,13660
8/2/2014,8798,2332,Indiana,11130
8/2/2014,4069,1514,Iowa,5583
8/2/2014,3779,703,Kansas,4482
8/2/2014,7290,1069,Kentucky,8359
8/2/2014,8417,2296,Louisiana,10713
8/2/2014,1359,1188,Maine,2547
8/2/2014,8914,1407,Maryland,10321
8/2/2014,8040,1029,Massachusetts,9069
8/2/2014,10899,1376,Michigan,12275
8/2/2014,7093,641,Minnesota,7734
8/2/2014,9396,877,Missouri,10273
8/2/2014,1015,520,Montana,1535
8/2/2014,3513,715,Nebraska,4228
8/2/2014,3120,639,New Hampshire,3759
8/2/2014,15085,2071,New Jersey,17156
8/2/2014,2430,754,New Mexico,3184
8/2/2014,26453,2486,New York,28939
8/2/2014,9939,4257,North Carolina,14196
8/2/2014,586,629,North Dakota,1215
8/2/2014,8224,2611,Ohio,10835
8/2/2014,2441,2066,Oklahoma,4507
8/2/2014,2802,1016,Oregon,3818
8/2/2014,18562,6145,Pennsylvania,24707
8/2/2014,2425,730,Rhode Island,3155
8/2/2014,5049,4047,South Carolina,9096
8/2/2014,1176,398,South Dakota,1574
8/2/2014,6379,2802,Tennessee,9181
8/2/2014,16043,6490,Texas,22533
8/2/2014,606,413,Vermont,1019
8/2/2014,46,84,Virgin Islands,130
8/2/2014,8920,2009,Virginia,10929
8/2/2014,4127,652,Washington,4779
8/2/2014,3632,671,West Virginia,4303
8/2/2014,7111,1434,Wisconsin,8545
7/30/2014,7803,1132,Arizona,8935
7/30/2014,1265,1009,Arkansas,2274
7/30/2014,31460,0,California,31460
7/30/2014,3489,2725,Colorado,6214
7/30/2014,4354,2042,Connecticut,6396
7/30/2014,1802,316,Delaware,2118
7/30/2014,1034,209,Dist. of Columbia,1243
7/30/2014,25944,7682,Florida,33626
7/30/2014,8601,1045,Georgia,9646
7/30/2014,2864,637,Idaho,3501
7/30/2014,10076,1780,Illinois,11856
7/30/2014,6616,1753,Indiana,8369
7/30/2014,3564,1275,Iowa,4839
7/30/2014,3214,616,Kansas,3830
7/30/2014,5968,846,Kentucky,6814
7/30/2014,6498,1983,Louisiana,8481
7/30/2014,1148,890,Maine,2038
7/30/2014,7194,1141,Maryland,8335
7/30/2014,6974,886,Massachusetts,7860
7/30/2014,8574,1212,Michigan,9786
7/30/2014,6224,580,Minnesota,6804
7/30/2014,8371,719,Missouri,9090
7/30/2014,948,476,Montana,1424
7/30/2014,3057,632,Nebraska,3689
7/30/2014,2521,501,New Hampshire,3022
7/30/2014,13465,1837,New Jersey,15302
7/30/2014,2038,633,New Mexico,2671
7/30/2014,22360,2112,New York,24472
7/30/2014,7803,3438,North Carolina,11241
7/30/2014,523,525,North Dakota,1048
7/30/2014,6692,2254,Ohio,8946
7/30/2014,1874,1637,Oklahoma,3511
7/30/2014,2416,865,Oregon,3281
7/30/2014,15416,5107,Pennsylvania,20523
7/30/2014,2032,630,Rhode Island,2662
7/30/2014,3987,3128,South Carolina,7115
7/30/2014,1089,367,South Dakota,1456
7/30/2014,5245,2297,Tennessee,7542
7/30/2014,12940,5532,Texas,18472
7/30/2014,493,298,Vermont,791
7/30/2014,66,150,Virgin Islands,216
7/30/2014,7187,1628,Virginia,8815
7/30/2014,3843,631,Washington,4474
7/30/2014,2950,558,West Virginia,3508
7/30/2014,6242,1243,Wisconsin,7485
7/26/2014,7850,932,Arizona,8782
7/26/2014,1305,1014,Arkansas,2319
7/26/2014,34739,0,California,34739
7/26/2014,3345,2679,Colorado,6024
7/26/2014,4302,1919,Connecticut,6221
7/26/2014,1835,311,Delaware,2146
7/26/2014,968,181,Dist. of Columbia,1149
7/26/2014,30311,8292,Florida,38603
7/26/2014,9818,1114,Georgia,10932
7/26/2014,2797,593,Idaho,3390
7/26/2014,9726,1707,Illinois,11433
7/26/2014,7337,1748,Indiana,9085
7/26/2014,3486,1251,Iowa,4737
7/26/2014,3360,421,Kansas,3781
7/26/2014,6497,945,Kentucky,7442
7/26/2014,6862,1929,Louisiana,8791
7/26/2014,1079,948,Maine,2027
7/26/2014,7777,1054,Maryland,8831
7/26/2014,6777,893,Massachusetts,7670
7/26/2014,8654,1178,Michigan,9832
7/26/2014,6128,536,Minnesota,6664
7/26/2014,8580,639,Missouri,9219
7/26/2014,946,444,Montana,1390
7/26/2014,2973,574,Nebraska,3547
7/26/2014,2601,433,New Hampshire,3034
7/26/2014,12918,1632,New Jersey,14550
7/26/2014,2211,626,New Mexico,2837
7/26/2014,23469,2042,New York,25511
7/26/2014,8635,3596,North Carolina,12231
7/26/2014,536,516,North Dakota,1052
7/26/2014,7014,2084,Ohio,9098
7/26/2014,2098,1881,Oklahoma,3979
7/26/2014,2248,837,Oregon,3085
7/26/2014,16062,4928,Pennsylvania,20990
7/26/2014,2169,576,Rhode Island,2745
7/26/2014,4374,3446,South Carolina,7820
7/26/2014,1050,331,South Dakota,1381
7/26/2014,5714,2451,Tennessee,8165
7/26/2014,13320,5323,Texas,18643
7/26/2014,522,333,Vermont,855
7/26/2014,62,162,Virgin Islands,224
7/26/2014,7540,1643,Virginia,9183
7/26/2014,3307,502,Washington,3809
7/26/2014,3127,533,West Virginia,3660
7/26/2014,6085,1109,Wisconsin,7194
7/23/2014,7966,1063,Arizona,9029
7/23/2014,1229,1019,Arkansas,2248
7/23/2014,36042,0,California,36042
7/23/2014,3368,2778,Colorado,6146
7/23/2014,4351,1948,Connecticut,6299
7/23/2014,1838,336,Delaware,2174
7/23/2014,1097,214,Dist. of Columbia,1311
7/23/2014,28448,8125,Florida,36573
7/23/2014,9232,1077,Georgia,10309
7/23/2014,2832,670,Idaho,3502
7/23/2014,9970,1927,Illinois,11897
7/23/2014,6688,1741,Indiana,8429
7/23/2014,3562,1356,Iowa,4918
7/23/2014,3177,431,Kansas,3608
7/23/2014,6065,915,Kentucky,6980
7/23/2014,6608,1863,Louisiana,8471
7/23/2014,1138,982,Maine,2120
7/23/2014,7717,1149,Maryland,8866
7/23/2014,7563,1112,Massachusetts,8675
7/23/2014,9033,1333,Michigan,10366
7/23/2014,6070,566,Minnesota,6636
7/23/2014,8419,694,Missouri,9113
7/23/2014,1100,544,Montana,1644
7/23/2014,3107,619,Nebraska,3726
7/23/2014,2895,510,New Hampshire,3405
7/23/2014,13878,1873,New Jersey,15751
7/23/2014,2216,575,New Mexico,2791
7/23/2014,23620,2185,New York,25805
7/23/2014,8641,3703,North Carolina,12344
7/23/2014,551,471,North Dakota,1022
7/23/2014,6921,2184,Ohio,9105
7/23/2014,2003,1801,Oklahoma,3804
7/23/2014,2313,849,Oregon,3162
7/23/2014,15723,5115,Pennsylvania,20838
7/23/2014,2143,645,Rhode Island,2788
7/23/2014,4342,3448,South Carolina,7790
7/23/2014,1087,342,South Dakota,1429
7/23/2014,5696,2459,Tennessee,8155
7/23/2014,12699,5109,Texas,17808
7/23/2014,493,368,Vermont,861
7/23/2014,68,140,Virgin Islands,208
7/23/2014,7769,1679,Virginia,9448
7/23/2014,3482,595,Washington,4077
7/23/2014,3024,522,West Virginia,3546
7/23/2014,6310,1111,Wisconsin,7421
7/19/2014,9231,1174,Arizona,10405
7/19/2014,1632,1297,Arkansas,2929
7/19/2014,42926,0,California,42926
7/19/2014,3868,3100,Colorado,6968
7/19/2014,4819,2147,Connecticut,6966
7/19/2014,2101,370,Delaware,2471
7/19/2014,1206,250,Dist. of Columbia,1456
7/19/2014,35561,9821,Florida,45382
7/19/2014,11709,1314,Georgia,13023
7/19/2014,3295,712,Idaho,4007
7/19/2014,11503,2024,Illinois,13527
7/19/2014,8457,2009,Indiana,10466
7/19/2014,3961,1740,Iowa,5701
7/19/2014,3772,486,Kansas,4258
7/19/2014,7200,1055,Kentucky,8255
7/19/2014,7756,2204,Louisiana,9960
7/19/2014,1236,1005,Maine,2241
7/19/2014,9264,1344,Maryland,10608
7/19/2014,8201,1064,Massachusetts,9265
7/19/2014,10165,1378,Michigan,11543
7/19/2014,6942,636,Minnesota,7578
7/19/2014,9916,747,Missouri,10663
7/19/2014,1036,552,Montana,1588
7/19/2014,3558,652,Nebraska,4210
7/19/2014,3031,525,New Hampshire,3556
7/19/2014,14921,1829,New Jersey,16750
7/19/2014,2485,713,New Mexico,3198
7/19/2014,27015,2421,New York,29436
7/19/2014,10315,4227,North Carolina,14542
7/19/2014,599,593,North Dakota,1192
7/19/2014,8012,2304,Ohio,10316
7/19/2014,2645,2156,Oklahoma,4801
7/19/2014,2726,898,Oregon,3624
7/19/2014,18905,5601,Pennsylvania,24506
7/19/2014,2494,662,Rhode Island,3156
7/19/2014,5370,4173,South Carolina,9543
7/19/2014,1121,399,South Dakota,1520
7/19/2014,6815,2890,Tennessee,9705
7/19/2014,16040,5979,Texas,22019
7/19/2014,494,366,Vermont,860
7/19/2014,88,192,Virgin Islands,280
7/19/2014,9230,1973,Virginia,11203
7/19/2014,4296,584,Washington,4880
7/19/2014,3557,613,West Virginia,4170
7/19/2014,7033,1328,Wisconsin,8361
7/16/2014,8133,1035,Arizona,9168
7/16/2014,1327,1018,Arkansas,2345
7/16/2014,35144,0,California,35144
7/16/2014,3488,2844,Colorado,6332
7/16/2014,4764,2129,Connecticut,6893
7/16/2014,1855,305,Delaware,2160
7/16/2014,1181,239,Dist. of Columbia,1420
7/16/2014,27840,7821,Florida,35661
7/16/2014,9422,1016,Georgia,10438
7/16/2014,2850,600,Idaho,3450
7/16/2014,10653,1793,Illinois,12446
7/16/2014,7213,1781,Indiana,8994
7/16/2014,3665,1291,Iowa,4956
7/16/2014,3349,437,Kansas,3786
7/16/2014,6389,923,Kentucky,7312
7/16/2014,7125,1967,Louisiana,9092
7/16/2014,1081,897,Maine,1978
7/16/2014,7924,1109,Maryland,9033
7/16/2014,7695,1020,Massachusetts,8715
7/16/2014,9261,1225,Michigan,10486
7/16/2014,6572,608,Minnesota,7180
7/16/2014,9063,696,Missouri,9759
7/16/2014,1058,500,Montana,1558
7/16/2014,3363,600,Nebraska,3963
7/16/2014,2740,446,New Hampshire,3186
7/16/2014,14495,1755,New Jersey,16250
7/16/2014,2080,597,New Mexico,2677
7/16/2014,25331,2314,New York,27645
7/16/2014,8298,3325,North Carolina,11623
7/16/2014,580,550,North Dakota,1130
7/16/2014,7534,2323,Ohio,9857
7/16/2014,2070,1800,Oklahoma,3870
7/16/2014,2511,853,Oregon,3364
7/16/2014,16130,5003,Pennsylvania,21133
7/16/2014,2277,598,Rhode Island,2875
7/16/2014,4208,3190,South Carolina,7398
7/16/2014,1098,345,South Dakota,1443
7/16/2014,5617,2272,Tennessee,7889
7/16/2014,14147,5588,Texas,19735
7/16/2014,503,339,Vermont,842
7/16/2014,85,151,Virgin Islands,236
7/16/2014,7735,1688,Virginia,9423
7/16/2014,3942,522,Washington,4464
7/16/2014,3390,530,West Virginia,3920
7/16/2014,6415,1194,Wisconsin,7609
7/12/2014,8927,1099,Arizona,10026
7/12/2014,1435,1140,Arkansas,2575
7/12/2014,36784,0,California,36784
7/12/2014,3593,3006,Colorado,6599
7/12/2014,4818,2066,Connecticut,6884
7/12/2014,2104,338,Delaware,2442
7/12/2014,1113,219,Dist. of Columbia,1332
7/12/2014,32919,8839,Florida,41758
7/12/2014,10194,1121,Georgia,11315
7/12/2014,2783,645,Idaho,3428
7/12/2014,10661,1774,Illinois,12435
7/12/2014,8040,1829,Indiana,9869
7/12/2014,3831,1381,Iowa,5212
7/12/2014,3594,435,Kansas,4029
7/12/2014,6774,985,Kentucky,7759
7/12/2014,7332,1990,Louisiana,9322
7/12/2014,1188,969,Maine,2157
7/12/2014,8357,1170,Maryland,9527
7/12/2014,7727,987,Massachusetts,8714
7/12/2014,9533,1163,Michigan,10696
7/12/2014,6253,558,Minnesota,6811
7/12/2014,9271,797,Missouri,10068
7/12/2014,988,509,Montana,1497
7/12/2014,3278,599,Nebraska,3877
7/12/2014,3065,518,New Hampshire,3583
7/12/2014,13882,1837,New Jersey,15719
7/12/2014,2232,629,New Mexico,2861
7/12/2014,24785,2163,New York,26948
7/12/2014,9294,3850,North Carolina,13144
7/12/2014,523,533,North Dakota,1056
7/12/2014,7753,2222,Ohio,9975
7/12/2014,2321,1867,Oklahoma,4188
7/12/2014,2409,836,Oregon,3245
7/12/2014,16888,5196,Pennsylvania,22084
7/12/2014,2482,641,Rhode Island,3123
7/12/2014,4848,3607,South Carolina,8455
7/12/2014,1092,342,South Dakota,1434
7/12/2014,6268,2503,Tennessee,8771
7/12/2014,14665,5685,Texas,20350
7/12/2014,525,385,Vermont,910
7/12/2014,89,164,Virgin Islands,253
7/12/2014,8211,1725,Virginia,9936
7/12/2014,3557,516,Washington,4073
7/12/2014,3454,562,West Virginia,4016
7/12/2014,6954,1314,Wisconsin,8268
7/9/2014,10993,1265,Arizona,12258
7/9/2014,1954,1356,Arkansas,3310
7/9/2014,62022,0,California,62022
7/9/2014,5506,3712,Colorado,9218
7/9/2014,6190,2457,Connecticut,8647
7/9/2014,2657,391,Delaware,3048
7/9/2014,1543,254,Dist. of Columbia,1797
7/9/2014,37654,9642,Florida,47296
7/9/2014,14997,1527,Georgia,16524
7/9/2014,4052,859,Idaho,4911
7/9/2014,16904,2392,Illinois,19296
7/9/2014,9852,2078,Indiana,11930
7/9/2014,4876,1764,Iowa,6640
7/9/2014,4532,521,Kansas,5053
7/9/2014,8430,1135,Kentucky,9565
7/9/2014,9195,2288,Louisiana,11483
7/9/2014,1379,991,Maine,2370
7/9/2014,10502,1347,Maryland,11849
7/9/2014,13007,1205,Massachusetts,14212
7/9/2014,13656,1444,Michigan,15100
7/9/2014,9038,712,Minnesota,9750
7/9/2014,11811,841,Missouri,12652
7/9/2014,1267,623,Montana,1890
7/9/2014,4181,724,Nebraska,4905
7/9/2014,3385,480,New Hampshire,3865
7/9/2014,21474,2168,New Jersey,23642
7/9/2014,3101,891,New Mexico,3992
7/9/2014,41090,2851,New York,43941
7/9/2014,11780,4431,North Carolina,16211
7/9/2014,774,643,North Dakota,1417
7/9/2014,10959,2618,Ohio,13577
7/9/2014,3179,2441,Oklahoma,5620
7/9/2014,4426,1023,Oregon,5449
7/9/2014,26303,7016,Pennsylvania,33319
7/9/2014,2800,743,Rhode Island,3543
7/9/2014,5953,4189,South Carolina,10142
7/9/2014,1450,427,South Dakota,1877
7/9/2014,7590,2940,Tennessee,10530
7/9/2014,21302,7172,Texas,28474
7/9/2014,623,355,Vermont,978
7/9/2014,113,148,Virgin Islands,261
7/9/2014,11178,2031,Virginia,13209
7/9/2014,6739,737,Washington,7476
7/9/2014,3941,585,West Virginia,4526
7/9/2014,8313,1356,Wisconsin,9669
7/5/2014,11055,1370,Arizona,12425
7/5/2014,2080,1616,Arkansas,3696
7/5/2014,55860,0,California,55860
7/5/2014,5802,4081,Colorado,9883
7/5/2014,6308,2664,Connecticut,8972
7/5/2014,2713,464,Delaware,3177
7/5/2014,1292,264,Dist. of Columbia,1556
7/5/2014,48526,12548,Florida,61074
7/5/2014,14457,1547,Georgia,16004
7/5/2014,3969,819,Idaho,4788
7/5/2014,15478,2506,Illinois,17984
7/5/2014,10853,2447,Indiana,13300
7/5/2014,5127,1698,Iowa,6825
7/5/2014,4579,591,Kansas,5170
7/5/2014,8478,1231,Kentucky,9709
7/5/2014,9985,2456,Louisiana,12441
7/5/2014,1638,1233,Maine,2871
7/5/2014,11080,1627,Maryland,12707
7/5/2014,11456,1281,Massachusetts,12737
7/5/2014,13481,1669,Michigan,15150
7/5/2014,8875,785,Minnesota,9660
7/5/2014,11736,908,Missouri,12644
7/5/2014,1254,566,Montana,1820
7/5/2014,4278,767,Nebraska,5045
7/5/2014,3929,621,New Hampshire,4550
7/5/2014,18831,2265,New Jersey,21096
7/5/2014,3134,884,New Mexico,4018
7/5/2014,35630,2872,New York,38502
7/5/2014,13524,5277,North Carolina,18801
7/5/2014,713,680,North Dakota,1393
7/5/2014,10352,2847,Ohio,13199
7/5/2014,3458,2598,Oklahoma,6056
7/5/2014,4139,1140,Oregon,5279
7/5/2014,25634,7388,Pennsylvania,33022
7/5/2014,2951,740,Rhode Island,3691
7/5/2014,6665,4650,South Carolina,11315
7/5/2014,1481,444,South Dakota,1925
7/5/2014,8368,3375,Tennessee,11743
7/5/2014,21956,7861,Texas,29817
7/5/2014,709,433,Vermont,1142
7/5/2014,107,190,Virgin Islands,297
7/5/2014,12121,2392,Virginia,14513
7/5/2014,6238,724,Washington,6962
7/5/2014,4344,768,West Virginia,5112
7/5/2014,8740,1563,Wisconsin,10303
7/2/2014,9316,1048,Arizona,10364
7/2/2014,1543,1104,Arkansas,2647
7/2/2014,42582,0,California,42582
7/2/2014,4330,3126,Colorado,7456
7/2/2014,5369,2173,Connecticut,7542
7/2/2014,2148,347,Delaware,2495
7/2/2014,1303,229,Dist. of Columbia,1532
7/2/2014,31720,8325,Florida,40045
7/2/2014,11141,1124,Georgia,12265
7/2/2014,3089,650,Idaho,3739
7/2/2014,13115,2073,Illinois,15188
7/2/2014,8176,1899,Indiana,10075
7/2/2014,4150,1379,Iowa,5529
7/2/2014,3817,490,Kansas,4307
7/2/2014,7197,949,Kentucky,8146
7/2/2014,7813,2211,Louisiana,10024
7/2/2014,1132,969,Maine,2101
7/2/2014,9186,1278,Maryland,10464
7/2/2014,8975,1075,Massachusetts,10050
7/2/2014,11166,1319,Michigan,12485
7/2/2014,7807,627,Minnesota,8434
7/2/2014,9903,750,Missouri,10653
7/2/2014,1102,528,Montana,1630
7/2/2014,3635,674,Nebraska,4309
7/2/2014,2967,446,New Hampshire,3413
7/2/2014,17463,2011,New Jersey,19474
7/2/2014,2502,630,New Mexico,3132
7/2/2014,30700,2421,New York,33121
7/2/2014,9237,3458,North Carolina,12695
7/2/2014,674,583,North Dakota,1257
7/2/2014,8954,2445,Ohio,11399
7/2/2014,2614,1975,Oklahoma,4589
7/2/2014,3409,977,Oregon,4386
7/2/2014,20252,5487,Pennsylvania,25739
7/2/2014,2400,600,Rhode Island,3000
7/2/2014,4791,3509,South Carolina,8300
7/2/2014,1208,373,South Dakota,1581
7/2/2014,6019,2358,Tennessee,8377
7/2/2014,17015,6245,Texas,23260
7/2/2014,556,374,Vermont,930
7/2/2014,86,143,Virgin Islands,229
7/2/2014,9248,1839,Virginia,11087
7/2/2014,5267,565,Washington,5832
7/2/2014,3685,608,West Virginia,4293
7/2/2014,7305,1275,Wisconsin,8580
6/28/2014,9755,1220,Arizona,10975
6/28/2014,1672,1267,Arkansas,2939
6/28/2014,46270,0,California,46270
6/28/2014,4238,3294,Colorado,7532
6/28/2014,5207,2231,Connecticut,7438
6/28/2014,2295,378,Delaware,2673
6/28/2014,1164,264,Dist. of Columbia,1428
6/28/2014,36522,9948,Florida,46470
6/28/2014,12701,1381,Georgia,14082
6/28/2014,3392,704,Idaho,4096
6/28/2014,12814,2054,Illinois,14868
6/28/2014,9038,2087,Indiana,11125
6/28/2014,4262,1568,Iowa,5830
6/28/2014,3886,485,Kansas,4371
6/28/2014,7284,1105,Kentucky,8389
6/28/2014,8331,2207,Louisiana,10538
6/28/2014,1240,1005,Maine,2245
6/28/2014,9905,1330,Maryland,11235
6/28/2014,8570,1059,Massachusetts,9629
6/28/2014,10979,1401,Michigan,12380
6/28/2014,7515,644,Minnesota,8159
6/28/2014,9608,773,Missouri,10381
6/28/2014,1080,526,Montana,1606
6/28/2014,3651,684,Nebraska,4335
6/28/2014,3079,474,New Hampshire,3553
6/28/2014,16396,1959,New Jersey,18355
6/28/2014,2539,701,New Mexico,3240
6/28/2014,30846,2510,New York,33356
6/28/2014,10801,4368,North Carolina,15169
6/28/2014,636,609,North Dakota,1245
6/28/2014,8555,2405,Ohio,10960
6/28/2014,2725,2271,Oklahoma,4996
6/28/2014,3079,941,Oregon,4020
6/28/2014,20543,5683,Pennsylvania,26226
6/28/2014,2462,616,Rhode Island,3078
6/28/2014,5262,4037,South Carolina,9299
6/28/2014,1144,352,South Dakota,1496
6/28/2014,6970,2911,Tennessee,9881
6/28/2014,17082,6474,Texas,23556
6/28/2014,575,370,Vermont,945
6/28/2014,88,200,Virgin Islands,288
6/28/2014,9724,1949,Virginia,11673
6/28/2014,5071,568,Washington,5639
6/28/2014,3607,615,West Virginia,4222
6/28/2014,7402,1368,Wisconsin,8770
6/25/2014,8672,1074,Arizona,9746
6/25/2014,1425,1017,Arkansas,2442
6/25/2014,38705,0,California,38705
6/25/2014,3955,2803,Colorado,6758
6/25/2014,5314,2281,Connecticut,7595
6/25/2014,1976,338,Delaware,2314
6/25/2014,1230,235,Dist. of Columbia,1465
6/25/2014,29343,8401,Florida,37744
6/25/2014,10264,1073,Georgia,11337
6/25/2014,3035,642,Idaho,3677
6/25/2014,11557,1887,Illinois,13444
6/25/2014,7633,1772,Indiana,9405
6/25/2014,3838,1338,Iowa,5176
6/25/2014,3520,494,Kansas,4014
6/25/2014,6584,918,Kentucky,7502
6/25/2014,7346,2104,Louisiana,9450
6/25/2014,1111,839,Maine,1950
6/25/2014,8668,1188,Maryland,9856
6/25/2014,7980,1061,Massachusetts,9041
6/25/2014,10102,1245,Michigan,11347
6/25/2014,6941,647,Minnesota,7588
6/25/2014,8994,790,Missouri,9784
6/25/2014,1039,469,Montana,1508
6/25/2014,3371,673,Nebraska,4044
6/25/2014,2821,481,New Hampshire,3302
6/25/2014,16121,1948,New Jersey,18069
6/25/2014,2292,611,New Mexico,2903
6/25/2014,28438,2538,New York,30976
6/25/2014,8698,3651,North Carolina,12349
6/25/2014,585,534,North Dakota,1119
6/25/2014,7911,2343,Ohio,10254
6/25/2014,2296,1864,Oklahoma,4160
6/25/2014,2796,964,Oregon,3760
6/25/2014,18281,5067,Pennsylvania,23348
6/25/2014,2285,568,Rhode Island,2853
6/25/2014,4373,3259,South Carolina,7632
6/25/2014,1148,353,South Dakota,1501
6/25/2014,5785,2395,Tennessee,8180
6/25/2014,15044,5762,Texas,20806
6/25/2014,497,307,Vermont,804
6/25/2014,87,157,Virgin Islands,244
6/25/2014,8383,1695,Virginia,10078
6/25/2014,4549,517,Washington,5066
6/25/2014,3417,544,West Virginia,3961
6/25/2014,6720,1259,Wisconsin,7979
6/21/2014,8900,1066,Arizona,9966
6/21/2014,1438,1086,Arkansas,2524
6/21/2014,38456,0,California,38456
6/21/2014,3634,2952,Colorado,6586
6/21/2014,4884,2071,Connecticut,6955
6/21/2014,1949,319,Delaware,2268
6/21/2014,1077,181,Dist. of Columbia,1258
6/21/2014,32961,8828,Florida,41789
6/21/2014,10511,1051,Georgia,11562
6/21/2014,2754,601,Idaho,3355
6/21/2014,10462,1649,Illinois,12111
6/21/2014,8037,1847,Indiana,9884
6/21/2014,3980,1366,Iowa,5346
6/21/2014,3564,455,Kansas,4019
6/21/2014,6753,956,Kentucky,7709
6/21/2014,7538,1970,Louisiana,9508
6/21/2014,1160,977,Maine,2137
6/21/2014,8743,1053,Maryland,9796
6/21/2014,7119,847,Massachusetts,7966
6/21/2014,9527,1085,Michigan,10612
6/21/2014,6384,571,Minnesota,6955
6/21/2014,8812,741,Missouri,9553
6/21/2014,951,463,Montana,1414
6/21/2014,3222,585,Nebraska,3807
6/21/2014,2977,474,New Hampshire,3451
6/21/2014,14590,1831,New Jersey,16421
6/21/2014,2205,567,New Mexico,2772
6/21/2014,26507,2099,New York,28606
6/21/2014,9185,3609,North Carolina,12794
6/21/2014,516,573,North Dakota,1089
6/21/2014,7638,2176,Ohio,9814
6/21/2014,2330,1978,Oklahoma,4308
6/21/2014,2623,823,Oregon,3446
6/21/2014,18030,5027,Pennsylvania,23057
6/21/2014,2402,570,Rhode Island,2972
6/21/2014,4508,3339,South Carolina,7847
6/21/2014,1035,343,South Dakota,1378
6/21/2014,6116,2402,Tennessee,8518
6/21/2014,15065,5679,Texas,20744
6/21/2014,548,394,Vermont,942
6/21/2014,84,181,Virgin Islands,265
6/21/2014,8533,1692,Virginia,10225
6/21/2014,4131,460,Washington,4591
6/21/2014,3419,548,West Virginia,3967
6/21/2014,6820,1163,Wisconsin,7983
6/18/2014,9150,1171,Arizona,10321
6/18/2014,1457,1211,Arkansas,2668
6/18/2014,44612,0,California,44612
6/18/2014,3787,3118,Colorado,6905
6/18/2014,4908,2148,Connecticut,7056
6/18/2014,2041,349,Delaware,2390
6/18/2014,1226,276,Dist. of Columbia,1502
6/18/2014,34063,9898,Florida,43961
6/18/2014,11231,1319,Georgia,12550
6/18/2014,3218,761,Idaho,3979
6/18/2014,11914,2052,Illinois,13966
6/18/2014,7341,1957,Indiana,9298
6/18/2014,3895,1369,Iowa,5264
6/18/2014,3734,458,Kansas,4192
6/18/2014,6650,920,Kentucky,7570
6/18/2014,7359,2217,Louisiana,9576
6/18/2014,1037,894,Maine,1931
6/18/2014,9072,1292,Maryland,10364
6/18/2014,8308,1227,Massachusetts,9535
6/18/2014,10120,1440,Michigan,11560
6/18/2014,6700,638,Minnesota,7338
6/18/2014,8865,837,Missouri,9702
6/18/2014,1163,554,Montana,1717
6/18/2014,3507,676,Nebraska,4183
6/18/2014,2751,513,New Hampshire,3264
6/18/2014,15934,1951,New Jersey,17885
6/18/2014,2383,694,New Mexico,3077
6/18/2014,28682,2600,New York,31282
6/18/2014,9870,4180,North Carolina,14050
6/18/2014,621,571,North Dakota,1192
6/18/2014,7708,2265,Ohio,9973
6/18/2014,2410,2109,Oklahoma,4519
6/18/2014,2706,874,Oregon,3580
6/18/2014,18117,5394,Pennsylvania,23511
6/18/2014,2342,621,Rhode Island,2963
6/18/2014,4699,3685,South Carolina,8384
6/18/2014,1154,346,South Dakota,1500
6/18/2014,6214,2786,Tennessee,9000
6/18/2014,15033,6028,Texas,21061
6/18/2014,536,368,Vermont,904
6/18/2014,112,208,Virgin Islands,320
6/18/2014,8865,1950,Virginia,10815
6/18/2014,4526,512,Washington,5038
6/18/2014,3502,594,West Virginia,4096
6/18/2014,6690,1264,Wisconsin,7954
6/14/2014,9175,1028,Arizona,10203
6/14/2014,1463,1091,Arkansas,2554
6/14/2014,35457,0,California,35457
6/14/2014,3474,2797,Colorado,6271
6/14/2014,5212,2144,Connecticut,7356
6/14/2014,1998,328,Delaware,2326
6/14/2014,1014,168,Dist. of Columbia,1182
6/14/2014,32630,8467,Florida,41097
6/14/2014,9867,1072,Georgia,10939
6/14/2014,2928,622,Idaho,3550
6/14/2014,11009,1731,Illinois,12740
6/14/2014,8431,1929,Indiana,10360
6/14/2014,3974,1395,Iowa,5369
6/14/2014,3808,444,Kansas,4252
6/14/2014,6891,919,Kentucky,7810
6/14/2014,7909,2239,Louisiana,10148
6/14/2014,1235,924,Maine,2159
6/14/2014,8611,1041,Maryland,9652
6/14/2014,7827,940,Massachusetts,8767
6/14/2014,10200,1146,Michigan,11346
6/14/2014,6455,544,Minnesota,6999
6/14/2014,9234,736,Missouri,9970
6/14/2014,967,510,Montana,1477
6/14/2014,3358,607,Nebraska,3965
6/14/2014,3223,503,New Hampshire,3726
6/14/2014,15053,1848,New Jersey,16901
6/14/2014,2202,609,New Mexico,2811
6/14/2014,27061,2140,New York,29201
6/14/2014,8729,3550,North Carolina,12279
6/14/2014,541,510,North Dakota,1051
6/14/2014,7816,2315,Ohio,10131
6/14/2014,2283,1981,Oklahoma,4264
6/14/2014,2618,741,Oregon,3359
6/14/2014,17982,5103,Pennsylvania,23085
6/14/2014,2544,619,Rhode Island,3163
6/14/2014,4651,3392,South Carolina,8043
6/14/2014,1079,336,South Dakota,1415
6/14/2014,5442,2231,Tennessee,7673
6/14/2014,14077,5428,Texas,19505
6/14/2014,617,431,Vermont,1048
6/14/2014,96,169,Virgin Islands,265
6/14/2014,7933,1640,Virginia,9573
6/14/2014,3863,442,Washington,4305
6/14/2014,3547,593,West Virginia,4140
6/14/2014,6921,1145,Wisconsin,8066
6/11/2014,20662,1995,Arizona,22657
6/11/2014,3340,2086,Arkansas,5426
6/11/2014,116418,0,California,116418
6/11/2014,9648,5529,Colorado,15177
6/11/2014,14427,4669,Connecticut,19096
6/11/2014,5277,574,Delaware,5851
6/11/2014,2446,374,Dist. of Columbia,2820
6/11/2014,64069,14988,Florida,79057
6/11/2014,24720,2236,Georgia,26956
6/11/2014,6099,1128,Idaho,7227
6/11/2014,33896,3958,Illinois,37854
6/11/2014,19252,3393,Indiana,22645
6/11/2014,10245,2890,Iowa,13135
6/11/2014,7801,914,Kansas,8715
6/11/2014,14064,1561,Kentucky,15625
6/11/2014,15214,3285,Louisiana,18499
6/11/2014,1946,1379,Maine,3325
6/11/2014,21735,2099,Maryland,23834
6/11/2014,21361,1643,Massachusetts,23004
6/11/2014,28960,2325,Michigan,31285
6/11/2014,19122,1056,Minnesota,20178
6/11/2014,22091,1418,Missouri,23509
6/11/2014,1754,717,Montana,2471
6/11/2014,7726,1038,Nebraska,8764
6/11/2014,6584,756,New Hampshire,7340
6/11/2014,51146,4076,New Jersey,55222
6/11/2014,6166,1364,New Mexico,7530
6/11/2014,97880,5276,New York,103156
6/11/2014,19491,6373,North Carolina,25864
6/11/2014,1587,1145,North Dakota,2732
6/11/2014,20697,3993,Ohio,24690
6/11/2014,5823,3797,Oklahoma,9620
6/11/2014,9126,1855,Oregon,10981
6/11/2014,64127,13277,Pennsylvania,77404
6/11/2014,5459,1102,Rhode Island,6561
6/11/2014,9323,5809,South Carolina,15132
6/11/2014,2493,646,South Dakota,3139
6/11/2014,12958,4303,Tennessee,17261
6/11/2014,37847,10947,Texas,48794
6/11/2014,1059,605,Vermont,1664
6/11/2014,129,210,Virgin Islands,339
6/11/2014,19556,2981,Virginia,22537
6/11/2014,14190,1127,Washington,15317
6/11/2014,7525,1086,West Virginia,8611
6/11/2014,15993,2166,Wisconsin,18159
6/7/2014,16409,1459,Arizona,17868
6/7/2014,2803,1924,Arkansas,4727
6/7/2014,103174,0,California,103174
6/7/2014,8421,5197,Colorado,13618
6/7/2014,10275,3455,Connecticut,13730
6/7/2014,4561,556,Delaware,5117
6/7/2014,1986,323,Dist. of Columbia,2309
6/7/2014,59316,13785,Florida,73101
6/7/2014,22190,1971,Georgia,24161
6/7/2014,5260,944,Idaho,6204
6/7/2014,25293,3235,Illinois,28528
6/7/2014,15845,2926,Indiana,18771
6/7/2014,7865,2191,Iowa,10056
6/7/2014,6849,754,Kansas,7603
6/7/2014,12418,1437,Kentucky,13855
6/7/2014,13687,2989,Louisiana,16676
6/7/2014,1819,1205,Maine,3024
6/7/2014,18550,1850,Maryland,20400
6/7/2014,17543,1462,Massachusetts,19005
6/7/2014,23680,2079,Michigan,25759
6/7/2014,15553,938,Minnesota,16491
6/7/2014,17986,1109,Missouri,19095
6/7/2014,1495,644,Montana,2139
6/7/2014,6392,953,Nebraska,7345
6/7/2014,5631,701,New Hampshire,6332
6/7/2014,39926,3462,New Jersey,43388
6/7/2014,5107,1216,New Mexico,6323
6/7/2014,78425,4451,New York,82876
6/7/2014,17913,5883,North Carolina,23796
6/7/2014,1233,921,North Dakota,2154
6/7/2014,17510,3534,Ohio,21044
6/7/2014,5057,3468,Oklahoma,8525
6/7/2014,7701,1492,Oregon,9193
6/7/2014,50763,10390,Pennsylvania,61153
6/7/2014,4660,1010,Rhode Island,5670
6/7/2014,8519,5403,South Carolina,13922
6/7/2014,1966,551,South Dakota,2517
6/7/2014,10990,3592,Tennessee,14582
6/7/2014,33265,10223,Texas,43488
6/7/2014,913,530,Vermont,1443
6/7/2014,121,251,Virgin Islands,372
6/7/2014,16772,2695,Virginia,19467
6/7/2014,11374,905,Washington,12279
6/7/2014,6632,1011,West Virginia,7643
6/7/2014,13492,1875,Wisconsin,15367
6/4/2014,14348,1498,Arizona,15846
6/4/2014,2359,1538,Arkansas,3897
6/4/2014,85393,0,California,85393
6/4/2014,7213,4559,Colorado,11772
6/4/2014,9185,3315,Connecticut,12500
6/4/2014,3870,504,Delaware,4374
6/4/2014,1887,277,Dist. of Columbia,2164
6/4/2014,49541,12148,Florida,61689
6/4/2014,17376,1663,Georgia,19039
6/4/2014,4650,891,Idaho,5541
6/4/2014,21785,2980,Illinois,24765
6/4/2014,12686,2503,Indiana,15189
6/4/2014,6613,1989,Iowa,8602
6/4/2014,5954,665,Kansas,6619
6/4/2014,10593,1296,Kentucky,11889
6/4/2014,11276,2697,Louisiana,13973
6/4/2014,1545,1160,Maine,2705
6/4/2014,15179,1794,Maryland,16973
6/4/2014,15220,1472,Massachusetts,16692
6/4/2014,19569,1776,Michigan,21345
6/4/2014,11751,781,Minnesota,12532
6/4/2014,15107,1043,Missouri,16150
6/4/2014,1459,626,Montana,2085
6/4/2014,5384,820,Nebraska,6204
6/4/2014,4744,639,New Hampshire,5383
6/4/2014,33977,3191,New Jersey,37168
6/4/2014,4316,970,New Mexico,5286
6/4/2014,63906,4116,New York,68022
6/4/2014,14933,5208,North Carolina,20141
6/4/2014,1002,778,North Dakota,1780
6/4/2014,14819,3236,Ohio,18055
6/4/2014,4250,2843,Oklahoma,7093
6/4/2014,6387,1386,Oregon,7773
6/4/2014,43216,9391,Pennsylvania,52607
6/4/2014,3946,969,Rhode Island,4915
6/4/2014,7129,4643,South Carolina,11772
6/4/2014,1795,454,South Dakota,2249
6/4/2014,9680,3361,Tennessee,13041
6/4/2014,27730,8622,Texas,36352
6/4/2014,763,462,Vermont,1225
6/4/2014,105,217,Virgin Islands,322
6/4/2014,14700,2494,Virginia,17194
6/4/2014,9852,876,Washington,10728
6/4/2014,5912,929,West Virginia,6841
6/4/2014,11648,1762,Wisconsin,13410
5/31/2014,12662,1261,Arizona,13923
5/31/2014,2035,1482,Arkansas,3517
5/31/2014,72868,0,California,72868
5/31/2014,6336,4114,Colorado,10450
5/31/2014,7437,2646,Connecticut,10083
5/31/2014,3349,422,Delaware,3771
5/31/2014,1512,264,Dist. of Columbia,1776
5/31/2014,46378,11226,Florida,57604
5/31/2014,16352,1509,Georgia,17861
5/31/2014,4057,737,Idaho,4794
5/31/2014,18465,2488,Illinois,20953
5/31/2014,11929,2337,Indiana,14266
5/31/2014,5828,1852,Iowa,7680
5/31/2014,5285,567,Kansas,5852
5/31/2014,9368,1080,Kentucky,10448
5/31/2014,11217,2678,Louisiana,13895
5/31/2014,1544,1122,Maine,2666
5/31/2014,13656,1607,Maryland,15263
5/31/2014,12993,1333,Massachusetts,14326
5/31/2014,17200,1749,Michigan,18949
5/31/2014,10160,690,Minnesota,10850
5/31/2014,13220,932,Missouri,14152
5/31/2014,1239,545,Montana,1784
5/31/2014,4610,782,Nebraska,5392
5/31/2014,3866,549,New Hampshire,4415
5/31/2014,27369,2699,New Jersey,30068
5/31/2014,3701,900,New Mexico,4601
5/31/2014,52579,3534,New York,56113
5/31/2014,13359,4554,North Carolina,17913
5/31/2014,843,638,North Dakota,1481
5/31/2014,12580,2875,Ohio,15455
5/31/2014,3797,2602,Oklahoma,6399
5/31/2014,5441,1188,Oregon,6629
5/31/2014,34543,8038,Pennsylvania,42581
5/31/2014,3343,763,Rhode Island,4106
5/31/2014,6670,4408,South Carolina,11078
5/31/2014,1508,430,South Dakota,1938
5/31/2014,8459,3083,Tennessee,11542
5/31/2014,24401,7953,Texas,32354
5/31/2014,732,388,Vermont,1120
5/31/2014,124,200,Virgin Islands,324
5/31/2014,12982,2336,Virginia,15318
5/31/2014,7505,671,Washington,8176
5/31/2014,4780,722,West Virginia,5502
5/31/2014,9704,1379,Wisconsin,11083
5/28/2014,11406,1260,Arizona,12666
5/28/2014,1923,1300,Arkansas,3223
5/28/2014,60855,0,California,60855
5/28/2014,5557,3588,Colorado,9145
5/28/2014,6586,2383,Connecticut,8969
5/28/2014,2851,406,Delaware,3257
5/28/2014,1312,249,Dist. of Columbia,1561
5/28/2014,41709,10321,Florida,52030
5/28/2014,13519,1358,Georgia,14877
5/28/2014,3793,737,Idaho,4530
5/28/2014,16039,2399,Illinois,18438
5/28/2014,9306,1888,Indiana,11194
5/28/2014,5221,1564,Iowa,6785
5/28/2014,4419,497,Kansas,4916
5/28/2014,7585,1015,Kentucky,8600
5/28/2014,8277,2167,Louisiana,10444
5/28/2014,1278,973,Maine,2251
5/28/2014,11009,1389,Maryland,12398
5/28/2014,10723,1166,Massachusetts,11889
5/28/2014,13366,1406,Michigan,14772
5/28/2014,8770,624,Minnesota,9394
5/28/2014,10937,870,Missouri,11807
5/28/2014,1075,501,Montana,1576
5/28/2014,4108,660,Nebraska,4768
5/28/2014,3381,490,New Hampshire,3871
5/28/2014,23924,2471,New Jersey,26395
5/28/2014,3114,732,New Mexico,3846
5/28/2014,45127,3186,New York,48313
5/28/2014,12150,4508,North Carolina,16658
5/28/2014,762,624,North Dakota,1386
5/28/2014,10684,2469,Ohio,13153
5/28/2014,3394,2402,Oklahoma,5796
5/28/2014,4635,1017,Oregon,5652
5/28/2014,29335,7374,Pennsylvania,36709
5/28/2014,2763,671,Rhode Island,3434
5/28/2014,5829,3930,South Carolina,9759
5/28/2014,1411,410,South Dakota,1821
5/28/2014,7331,2671,Tennessee,10002
5/28/2014,20606,6837,Texas,27443
5/28/2014,626,339,Vermont,965
5/28/2014,90,177,Virgin Islands,267
5/28/2014,11432,2140,Virginia,13572
5/28/2014,6727,656,Washington,7383
5/28/2014,4149,662,West Virginia,4811
5/28/2014,8298,1338,Wisconsin,9636
5/24/2014,11558,1261,Arizona,12819
5/24/2014,1986,1433,Arkansas,3419
5/24/2014,51748,0,California,51748
5/24/2014,5352,3828,Colorado,9180
5/24/2014,6936,2566,Connecticut,9502
5/24/2014,3105,437,Delaware,3542
5/24/2014,1375,242,Dist. of Columbia,1617
5/24/2014,48286,12182,Florida,60468
5/24/2014,13581,1328,Georgia,14909
5/24/2014,3745,798,Idaho,4543
5/24/2014,14883,2215,Illinois,17098
5/24/2014,10107,2145,Indiana,12252
5/24/2014,5568,1782,Iowa,7350
5/24/2014,4760,552,Kansas,5312
5/24/2014,8209,1032,Kentucky,9241
5/24/2014,9245,2482,Louisiana,11727
5/24/2014,1504,1072,Maine,2576
5/24/2014,12318,1534,Maryland,13852
5/24/2014,10480,1057,Massachusetts,11537
5/24/2014,12873,1373,Michigan,14246
5/24/2014,8829,697,Minnesota,9526
5/24/2014,11274,887,Missouri,12161
5/24/2014,1123,545,Montana,1668
5/24/2014,4114,640,Nebraska,4754
5/24/2014,3687,560,New Hampshire,4247
5/24/2014,22774,2433,New Jersey,25207
5/24/2014,3089,800,New Mexico,3889
5/24/2014,43489,3053,New York,46542
5/24/2014,13413,4961,North Carolina,18374
5/24/2014,713,624,North Dakota,1337
5/24/2014,10694,2778,Ohio,13472
5/24/2014,3555,2631,Oklahoma,6186
5/24/2014,4207,1042,Oregon,5249
5/24/2014,30041,7818,Pennsylvania,37859
5/24/2014,2770,658,Rhode Island,3428
5/24/2014,6364,4488,South Carolina,10852
5/24/2014,1495,434,South Dakota,1929
5/24/2014,8190,3181,Tennessee,11371
5/24/2014,22125,7522,Texas,29647
5/24/2014,656,444,Vermont,1100
5/24/2014,108,193,Virgin Islands,301
5/24/2014,11886,2254,Virginia,14140
5/24/2014,6067,551,Washington,6618
5/24/2014,4222,735,West Virginia,4957
5/24/2014,8644,1411,Wisconsin,10055
5/21/2014,9997,1126,Arizona,11123
5/21/2014,1527,1116,Arkansas,2643
5/21/2014,41869,0,California,41869
5/21/2014,4320,3117,Colorado,7437
5/21/2014,5645,2239,Connecticut,7884
5/21/2014,2254,331,Delaware,2585
5/21/2014,1360,252,Dist. of Columbia,1612
5/21/2014,32119,8195,Florida,40314
5/21/2014,10921,1130,Georgia,12051
5/21/2014,3171,639,Idaho,3810
5/21/2014,12978,2037,Illinois,15015
5/21/2014,7774,1672,Indiana,9446
5/21/2014,4436,1395,Iowa,5831
5/21/2014,3977,439,Kansas,4416
5/21/2014,6621,889,Kentucky,7510
5/21/2014,7824,2022,Louisiana,9846
5/21/2014,1082,875,Maine,1957
5/21/2014,9373,1194,Maryland,10567
5/21/2014,8419,962,Massachusetts,9381
5/21/2014,10523,1187,Michigan,11710
5/21/2014,7520,630,Minnesota,8150
5/21/2014,9518,805,Missouri,10323
5/21/2014,1094,464,Montana,1558
5/21/2014,3672,633,Nebraska,4305
5/21/2014,2933,448,New Hampshire,3381
5/21/2014,19605,2110,New Jersey,21715
5/21/2014,2536,658,New Mexico,3194
5/21/2014,35714,2640,New York,38354
5/21/2014,9233,3547,North Carolina,12780
5/21/2014,619,587,North Dakota,1206
5/21/2014,8542,2230,Ohio,10772
5/21/2014,2712,2172,Oklahoma,4884
5/21/2014,3406,907,Oregon,4313
5/21/2014,21910,5901,Pennsylvania,27811
5/21/2014,2320,603,Rhode Island,2923
5/21/2014,4745,3400,South Carolina,8145
5/21/2014,1332,427,South Dakota,1759
5/21/2014,6230,2524,Tennessee,8754
5/21/2014,16806,6134,Texas,22940
5/21/2014,551,334,Vermont,885
5/21/2014,68,162,Virgin Islands,230
5/21/2014,9023,1809,Virginia,10832
5/21/2014,5099,503,Washington,5602
5/21/2014,3589,588,West Virginia,4177
5/21/2014,7292,1324,Wisconsin,8616
5/17/2014,10498,1188,Arizona,11686
5/17/2014,1705,1265,Arkansas,2970
5/17/2014,45438,0,California,45438
5/17/2014,4330,3329,Colorado,7659
5/17/2014,5421,2036,Connecticut,7457
5/17/2014,2275,342,Delaware,2617
5/17/2014,1260,256,Dist. of Columbia,1516
5/17/2014,36405,9540,Florida,45945
5/17/2014,12638,1280,Georgia,13918
5/17/2014,3472,712,Idaho,4184
5/17/2014,13306,1967,Illinois,15273
5/17/2014,9320,2080,Indiana,11400
5/17/2014,4350,1512,Iowa,5862
5/17/2014,4243,507,Kansas,4750
5/17/2014,7563,1000,Kentucky,8563
5/17/2014,9393,2384,Louisiana,11777
5/17/2014,1130,899,Maine,2029
5/17/2014,9280,1308,Maryland,10588
5/17/2014,8529,1000,Massachusetts,9529
5/17/2014,11178,1393,Michigan,12571
5/17/2014,8196,615,Minnesota,8811
5/17/2014,10432,778,Missouri,11210
5/17/2014,1130,529,Montana,1659
5/17/2014,3830,678,Nebraska,4508
5/17/2014,3102,453,New Hampshire,3555
5/17/2014,18758,2287,New Jersey,21045
5/17/2014,2901,773,New Mexico,3674
5/17/2014,37655,2798,New York,40453
5/17/2014,10453,3890,North Carolina,14343
5/17/2014,682,605,North Dakota,1287
5/17/2014,8416,2424,Ohio,10840
5/17/2014,2874,2241,Oklahoma,5115
5/17/2014,3498,956,Oregon,4454
5/17/2014,21414,6039,Pennsylvania,27453
5/17/2014,2538,618,Rhode Island,3156
5/17/2014,5228,3858,South Carolina,9086
5/17/2014,1277,376,South Dakota,1653
5/17/2014,6870,2633,Tennessee,9503
5/17/2014,17620,6268,Texas,23888
5/17/2014,576,391,Vermont,967
5/17/2014,132,182,Virgin Islands,314
5/17/2014,9364,1902,Virginia,11266
5/17/2014,4936,549,Washington,5485
5/17/2014,3865,628,West Virginia,4493
5/17/2014,7927,1358,Wisconsin,9285
5/14/2014,8876,1082,Arizona,9958
5/14/2014,1362,1121,Arkansas,2483
5/14/2014,35702,0,California,35702
5/14/2014,3593,2834,Colorado,6427
5/14/2014,4815,1908,Connecticut,6723
5/14/2014,1879,297,Delaware,2176
5/14/2014,1120,210,Dist. of Columbia,1330
5/14/2014,29928,8241,Florida,38169
5/14/2014,9261,1035,Georgia,10296
5/14/2014,2970,643,Idaho,3613
5/14/2014,11165,1845,Illinois,13010
5/14/2014,6835,1574,Indiana,8409
5/14/2014,3649,1308,Iowa,4957
5/14/2014,3468,417,Kansas,3885
5/14/2014,5966,806,Kentucky,6772
5/14/2014,6849,1878,Louisiana,8727
5/14/2014,1009,815,Maine,1824
5/14/2014,7889,1147,Maryland,9036
5/14/2014,7255,943,Massachusetts,8198
5/14/2014,8724,1061,Michigan,9785
5/14/2014,6726,565,Minnesota,7291
5/14/2014,8305,658,Missouri,8963
5/14/2014,1050,497,Montana,1547
5/14/2014,3245,621,Nebraska,3866
5/14/2014,2641,413,New Hampshire,3054
5/14/2014,15922,1986,New Jersey,17908
5/14/2014,2285,637,New Mexico,2922
5/14/2014,28969,2426,New York,31395
5/14/2014,8324,3444,North Carolina,11768
5/14/2014,560,597,North Dakota,1157
5/14/2014,6817,2058,Ohio,8875
5/14/2014,2308,1884,Oklahoma,4192
5/14/2014,2837,795,Oregon,3632
5/14/2014,16920,5130,Pennsylvania,22050
5/14/2014,2078,548,Rhode Island,2626
5/14/2014,4188,3094,South Carolina,7282
5/14/2014,1209,375,South Dakota,1584
5/14/2014,5585,2408,Tennessee,7993
5/14/2014,14428,5812,Texas,20240
5/14/2014,503,280,Vermont,783
5/14/2014,78,163,Virgin Islands,241
5/14/2014,7805,1619,Virginia,9424
5/14/2014,4252,522,Washington,4774
5/14/2014,2994,487,West Virginia,3481
5/14/2014,6301,1223,Wisconsin,7524
5/10/2014,8989,1061,Arizona,10050
5/10/2014,1357,1118,Arkansas,2475
5/10/2014,38564,0,California,38564
5/10/2014,3758,3003,Colorado,6761
5/10/2014,4695,1871,Connecticut,6566
5/10/2014,1862,326,Delaware,2188
5/10/2014,1188,231,Dist. of Columbia,1419
5/10/2014,31614,8327,Florida,39941
5/10/2014,10848,1100,Georgia,11948
5/10/2014,2870,664,Idaho,3534
5/10/2014,11003,1745,Illinois,12748
5/10/2014,7518,1669,Indiana,9187
5/10/2014,3716,1332,Iowa,5048
5/10/2014,3623,424,Kansas,4047
5/10/2014,6490,837,Kentucky,7327
5/10/2014,7401,1902,Louisiana,9303
5/10/2014,1114,950,Maine,2064
5/10/2014,8764,1225,Maryland,9989
5/10/2014,7318,901,Massachusetts,8219
5/10/2014,9760,1206,Michigan,10966
5/10/2014,6600,609,Minnesota,7209
5/10/2014,8702,687,Missouri,9389
5/10/2014,990,464,Montana,1454
5/10/2014,3152,570,Nebraska,3722
5/10/2014,2680,460,New Hampshire,3140
5/10/2014,15069,1835,New Jersey,16904
5/10/2014,2311,615,New Mexico,2926
5/10/2014,29053,2396,New York,31449
5/10/2014,8805,3364,North Carolina,12169
5/10/2014,545,513,North Dakota,1058
5/10/2014,7186,2150,Ohio,9336
5/10/2014,2253,1936,Oklahoma,4189
5/10/2014,2814,847,Oregon,3661
5/10/2014,16979,4905,Pennsylvania,21884
5/10/2014,2172,558,Rhode Island,2730
5/10/2014,4535,3367,South Carolina,7902
5/10/2014,1085,356,South Dakota,1441
5/10/2014,5935,2420,Tennessee,8355
5/10/2014,14761,5562,Texas,20323
5/10/2014,507,381,Vermont,888
5/10/2014,69,129,Virgin Islands,198
5/10/2014,8408,1758,Virginia,10166
5/10/2014,4152,460,Washington,4612
5/10/2014,3233,501,West Virginia,3734
5/10/2014,6288,1126,Wisconsin,7414
5/7/2014,7733,927,Arizona,8660
5/7/2014,1198,897,Arkansas,2095
5/7/2014,32189,0,California,32189
5/7/2014,3142,2555,Colorado,5697
5/7/2014,4221,1698,Connecticut,5919
5/7/2014,1706,309,Delaware,2015
5/7/2014,1019,200,Dist. of Columbia,1219
5/7/2014,25837,7044,Florida,32881
5/7/2014,8927,911,Georgia,9838
5/7/2014,2597,553,Idaho,3150
5/7/2014,10132,1645,Illinois,11777
5/7/2014,5891,1440,Indiana,7331
5/7/2014,3288,1159,Iowa,4447
5/7/2014,3142,298,Kansas,3440
5/7/2014,5564,765,Kentucky,6329
5/7/2014,6339,1687,Louisiana,8026
5/7/2014,823,704,Maine,1527
5/7/2014,7366,1056,Maryland,8422
5/7/2014,6136,775,Massachusetts,6911
5/7/2014,8060,1023,Michigan,9083
5/7/2014,6083,493,Minnesota,6576
5/7/2014,7723,625,Missouri,8348
5/7/2014,891,457,Montana,1348
5/7/2014,2903,501,Nebraska,3404
5/7/2014,2209,340,New Hampshire,2549
5/7/2014,14256,1838,New Jersey,16094
5/7/2014,1993,553,New Mexico,2546
5/7/2014,25024,2119,New York,27143
5/7/2014,7323,2978,North Carolina,10301
5/7/2014,527,526,North Dakota,1053
5/7/2014,6287,1917,Ohio,8204
5/7/2014,2095,1633,Oklahoma,3728
5/7/2014,2584,794,Oregon,3378
5/7/2014,14484,4346,Pennsylvania,18830
5/7/2014,1780,443,Rhode Island,2223
5/7/2014,3749,2825,South Carolina,6574
5/7/2014,986,315,South Dakota,1301
5/7/2014,5030,2054,Tennessee,7084
5/7/2014,12897,4958,Texas,17855
5/7/2014,435,232,Vermont,667
5/7/2014,84,123,Virgin Islands,207
5/7/2014,7049,1452,Virginia,8501
5/7/2014,3780,392,Washington,4172
5/7/2014,2773,457,West Virginia,3230
5/7/2014,5783,1081,Wisconsin,6864
5/3/2014,9174,1175,Arizona,10349
5/3/2014,1502,1125,Arkansas,2627
5/3/2014,36269,0,California,36269
5/3/2014,3441,2969,Colorado,6410
5/3/2014,4956,2138,Connecticut,7094
5/3/2014,1932,338,Delaware,2270
5/3/2014,1164,237,Dist. of Columbia,1401
5/3/2014,33246,9129,Florida,42375
5/3/2014,10443,1112,Georgia,11555
5/3/2014,2701,623,Idaho,3324
5/3/2014,11091,1740,Illinois,12831
5/3/2014,7815,1902,Indiana,9717
5/3/2014,3896,1429,Iowa,5325
5/3/2014,3611,460,Kansas,4071
5/3/2014,6722,959,Kentucky,7681
5/3/2014,7235,2012,Louisiana,9247
5/3/2014,1139,970,Maine,2109
5/3/2014,8806,1226,Maryland,10032
5/3/2014,7221,924,Massachusetts,8145
5/3/2014,9464,1159,Michigan,10623
5/3/2014,6565,601,Minnesota,7166
5/3/2014,8991,751,Missouri,9742
5/3/2014,1037,490,Montana,1527
5/3/2014,3290,612,Nebraska,3902
5/3/2014,2940,454,New Hampshire,3394
5/3/2014,15106,1975,New Jersey,17081
5/3/2014,2333,592,New Mexico,2925
5/3/2014,27973,2397,New York,30370
5/3/2014,9310,3999,North Carolina,13309
5/3/2014,564,604,North Dakota,1168
5/3/2014,7345,2374,Ohio,9719
5/3/2014,2317,2077,Oklahoma,4394
5/3/2014,2795,847,Oregon,3642
5/3/2014,17066,5203,Pennsylvania,22269
5/3/2014,2296,613,Rhode Island,2909
5/3/2014,4600,3636,South Carolina,8236
5/3/2014,1097,370,South Dakota,1467
5/3/2014,5958,2583,Tennessee,8541
5/3/2014,14414,5553,Texas,19967
5/3/2014,501,400,Vermont,901
5/3/2014,84,133,Virgin Islands,217
5/3/2014,8446,1790,Virginia,10236
5/3/2014,3797,466,Washington,4263
5/3/2014,3359,530,West Virginia,3889
5/3/2014,6595,1221,Wisconsin,7816
4/30/2014,8105,1041,Arizona,9146
4/30/2014,1281,989,Arkansas,2270
4/30/2014,32124,0,California,32124
4/30/2014,3127,2654,Colorado,5781
4/30/2014,4224,1817,Connecticut,6041
4/30/2014,1627,265,Delaware,1892
4/30/2014,1115,216,Dist. of Columbia,1331
4/30/2014,26681,7647,Florida,34328
4/30/2014,8550,976,Georgia,9526
4/30/2014,2503,558,Idaho,3061
4/30/2014,9947,1689,Illinois,11636
4/30/2014,6204,1567,Indiana,7771
4/30/2014,3405,1252,Iowa,4657
4/30/2014,3160,363,Kansas,3523
4/30/2014,5712,839,Kentucky,6551
4/30/2014,6305,1653,Louisiana,7958
4/30/2014,821,784,Maine,1605
4/30/2014,6989,1014,Maryland,8003
4/30/2014,6482,818,Massachusetts,7300
4/30/2014,8035,1026,Michigan,9061
4/30/2014,5686,465,Minnesota,6151
4/30/2014,7882,643,Missouri,8525
4/30/2014,902,436,Montana,1338
4/30/2014,3000,542,Nebraska,3542
4/30/2014,2371,350,New Hampshire,2721
4/30/2014,13413,1676,New Jersey,15089
4/30/2014,1993,582,New Mexico,2575
4/30/2014,23649,2187,New York,25836
4/30/2014,7638,3322,North Carolina,10960
4/30/2014,512,492,North Dakota,1004
4/30/2014,6469,2024,Ohio,8493
4/30/2014,2056,1706,Oklahoma,3762
4/30/2014,2447,745,Oregon,3192
4/30/2014,14230,5661,Pennsylvania,19891
4/30/2014,1888,526,Rhode Island,2414
4/30/2014,3888,3072,South Carolina,6960
4/30/2014,1039,358,South Dakota,1397
4/30/2014,5191,2096,Tennessee,7287
4/30/2014,12110,4844,Texas,16954
4/30/2014,461,275,Vermont,736
4/30/2014,61,127,Virgin Islands,188
4/30/2014,7126,1497,Virginia,8623
4/30/2014,3650,464,Washington,4114
4/30/2014,2937,468,West Virginia,3405
4/30/2014,5805,1009,Wisconsin,6814
4/26/2014,9305,1246,Arizona,10551
4/26/2014,1561,1293,Arkansas,2854
4/26/2014,37751,0,California,37751
4/26/2014,3578,3097,Colorado,6675
4/26/2014,4902,2067,Connecticut,6969
4/26/2014,2038,328,Delaware,2366
4/26/2014,1076,210,Dist. of Columbia,1286
4/26/2014,33580,9257,Florida,42837
4/26/2014,9919,1092,Georgia,11011
4/26/2014,2963,663,Idaho,3626
4/26/2014,11070,1878,Illinois,12948
4/26/2014,8447,2130,Indiana,10577
4/26/2014,3928,1539,Iowa,5467
4/26/2014,3685,436,Kansas,4121
4/26/2014,6801,915,Kentucky,7716
4/26/2014,7853,2115,Louisiana,9968
4/26/2014,1145,953,Maine,2098
4/26/2014,8865,1224,Maryland,10089
4/26/2014,8054,1018,Massachusetts,9072
4/26/2014,9753,1289,Michigan,11042
4/26/2014,6345,541,Minnesota,6886
4/26/2014,8982,781,Missouri,9763
4/26/2014,1097,539,Montana,1636
4/26/2014,3380,627,Nebraska,4007
4/26/2014,2953,492,New Hampshire,3445
4/26/2014,15358,1895,New Jersey,17253
4/26/2014,2287,637,New Mexico,2924
4/26/2014,28121,2342,New York,30463
4/26/2014,9304,4015,North Carolina,13319
4/26/2014,555,538,North Dakota,1093
4/26/2014,7709,2325,Ohio,10034
4/26/2014,2665,2444,Oklahoma,5109
4/26/2014,2626,890,Oregon,3516
4/26/2014,17818,6109,Pennsylvania,23927
4/26/2014,2353,637,Rhode Island,2990
4/26/2014,4770,3767,South Carolina,8537
4/26/2014,1147,375,South Dakota,1522
4/26/2014,6258,2747,Tennessee,9005
4/26/2014,14581,5706,Texas,20287
4/26/2014,528,355,Vermont,883
4/26/2014,98,199,Virgin Islands,297
4/26/2014,8304,1824,Virginia,10128
4/26/2014,3904,486,Washington,4390
4/26/2014,3512,577,West Virginia,4089
4/26/2014,6891,1334,Wisconsin,8225
4/23/2014,13597,1413,Arizona,15010
4/23/2014,2180,1554,Arkansas,3734
4/23/2014,65564,0,California,65564
4/23/2014,5464,3800,Colorado,9264
4/23/2014,6879,2524,Connecticut,9403
4/23/2014,2841,431,Delaware,3272
4/23/2014,1578,264,Dist. of Columbia,1842
4/23/2014,43437,11116,Florida,54553
4/23/2014,14791,1475,Georgia,16266
4/23/2014,3782,763,Idaho,4545
4/23/2014,17993,2718,Illinois,20711
4/23/2014,10059,2133,Indiana,12192
4/23/2014,5726,1774,Iowa,7500
4/23/2014,4735,558,Kansas,5293
4/23/2014,8902,1153,Kentucky,10055
4/23/2014,10041,2574,Louisiana,12615
4/23/2014,1225,915,Maine,2140
4/23/2014,12090,1554,Maryland,13644
4/23/2014,10775,1146,Massachusetts,11921
4/23/2014,15453,1578,Michigan,17031
4/23/2014,9448,666,Minnesota,10114
4/23/2014,11806,856,Missouri,12662
4/23/2014,1239,568,Montana,1807
4/23/2014,4580,752,Nebraska,5332
4/23/2014,3238,486,New Hampshire,3724
4/23/2014,26426,2603,New Jersey,29029
4/23/2014,3201,827,New Mexico,4028
4/23/2014,50038,3454,New York,53492
4/23/2014,12877,4825,North Carolina,17702
4/23/2014,843,662,North Dakota,1505
4/23/2014,11824,2803,Ohio,14627
4/23/2014,3743,2749,Oklahoma,6492
4/23/2014,4985,1220,Oregon,6205
4/23/2014,29525,7970,Pennsylvania,37495
4/23/2014,2895,716,Rhode Island,3611
4/23/2014,6268,4330,South Carolina,10598
4/23/2014,1528,444,South Dakota,1972
4/23/2014,8250,3440,Tennessee,11690
4/23/2014,22155,7501,Texas,29656
4/23/2014,653,401,Vermont,1054
4/23/2014,117,197,Virgin Islands,314
4/23/2014,12586,2380,Virginia,14966
4/23/2014,7129,671,Washington,7800
4/23/2014,4350,611,West Virginia,4961
4/23/2014,8958,1430,Wisconsin,10388
4/19/2014,12537,1437,Arizona,13974
4/19/2014,2175,1573,Arkansas,3748
4/19/2014,55819,0,California,55819
4/19/2014,5559,3877,Colorado,9436
4/19/2014,6774,2490,Connecticut,9264
4/19/2014,2860,460,Delaware,3320
4/19/2014,1479,243,Dist. of Columbia,1722
4/19/2014,44985,11336,Florida,56321
4/19/2014,14985,1433,Georgia,16418
4/19/2014,3692,770,Idaho,4462
4/19/2014,17158,2395,Illinois,19553
4/19/2014,10868,2330,Indiana,13198
4/19/2014,5480,1738,Iowa,7218
4/19/2014,4993,509,Kansas,5502
4/19/2014,8690,1096,Kentucky,9786
4/19/2014,9816,2480,Louisiana,12296
4/19/2014,1362,1050,Maine,2412
4/19/2014,11777,1447,Maryland,13224
4/19/2014,11350,1192,Massachusetts,12542
4/19/2014,14037,1428,Michigan,15465
4/19/2014,9731,741,Minnesota,10472
4/19/2014,12241,887,Missouri,13128
4/19/2014,1238,633,Montana,1871
4/19/2014,4491,695,Nebraska,5186
4/19/2014,3752,529,New Hampshire,4281
4/19/2014,24176,2483,New Jersey,26659
4/19/2014,3293,810,New Mexico,4103
4/19/2014,45260,3079,New York,48339
4/19/2014,12512,4585,North Carolina,17097
4/19/2014,816,714,North Dakota,1530
4/19/2014,11208,2846,Ohio,14054
4/19/2014,3756,2679,Oklahoma,6435
4/19/2014,4731,1167,Oregon,5898
4/19/2014,28166,7991,Pennsylvania,36157
4/19/2014,3062,713,Rhode Island,3775
4/19/2014,6300,4381,South Carolina,10681
4/19/2014,1563,494,South Dakota,2057
4/19/2014,8280,3295,Tennessee,11575
4/19/2014,21278,7183,Texas,28461
4/19/2014,722,433,Vermont,1155
4/19/2014,95,183,Virgin Islands,278
4/19/2014,12039,2176,Virginia,14215
4/19/2014,6520,611,Washington,7131
4/19/2014,4230,605,West Virginia,4835
4/19/2014,9314,1528,Wisconsin,10842
4/16/2014,11615,1293,Arizona,12908
4/16/2014,2012,1651,Arkansas,3663
4/16/2014,58370,0,California,58370
4/16/2014,5099,3589,Colorado,8688
4/16/2014,5863,2178,Connecticut,8041
4/16/2014,2446,339,Delaware,2785
4/16/2014,1466,281,Dist. of Columbia,1747
4/16/2014,39840,10403,Florida,50243
4/16/2014,14113,1458,Georgia,15571
4/16/2014,3472,801,Idaho,4273
4/16/2014,16542,2449,Illinois,18991
4/16/2014,8802,1919,Indiana,10721
4/16/2014,4916,1625,Iowa,6541
4/16/2014,4216,502,Kansas,4718
4/16/2014,7679,1092,Kentucky,8771
4/16/2014,8631,2239,Louisiana,10870
4/16/2014,1032,857,Maine,1889
4/16/2014,10841,1466,Maryland,12307
4/16/2014,10019,1096,Massachusetts,11115
4/16/2014,12905,1563,Michigan,14468
4/16/2014,8382,672,Minnesota,9054
4/16/2014,11125,884,Missouri,12009
4/16/2014,1189,541,Montana,1730
4/16/2014,4113,684,Nebraska,4797
4/16/2014,3101,517,New Hampshire,3618
4/16/2014,22554,2541,New Jersey,25095
4/16/2014,2970,780,New Mexico,3750
4/16/2014,42009,3294,New York,45303
4/16/2014,11296,4325,North Carolina,15621
4/16/2014,746,647,North Dakota,1393
4/16/2014,10315,2605,Ohio,12920
4/16/2014,3199,2526,Oklahoma,5725
4/16/2014,4318,1020,Oregon,5338
4/16/2014,24582,7385,Pennsylvania,31967
4/16/2014,2533,655,Rhode Island,3188
4/16/2014,5661,3708,South Carolina,9369
4/16/2014,1417,398,South Dakota,1815
4/16/2014,7923,2986,Tennessee,10909
4/16/2014,19714,6733,Texas,26447
4/16/2014,578,332,Vermont,910
4/16/2014,117,219,Virgin Islands,336
4/16/2014,11050,2098,Virginia,13148
4/16/2014,6433,639,Washington,7072
4/16/2014,3712,619,West Virginia,4331
4/16/2014,8034,1413,Wisconsin,9447
4/12/2014,10465,1218,Arizona,11683
4/12/2014,1951,1476,Arkansas,3427
4/12/2014,48093,0,California,48093
4/12/2014,4741,3682,Colorado,8423
4/12/2014,5621,2224,Connecticut,7845
4/12/2014,2348,342,Delaware,2690
4/12/2014,1273,229,Dist. of Columbia,1502
4/12/2014,38686,10098,Florida,48784
4/12/2014,12289,1228,Georgia,13517
4/12/2014,3179,687,Idaho,3866
4/12/2014,14018,2212,Illinois,16230
4/12/2014,9485,2229,Indiana,11714
4/12/2014,4573,1675,Iowa,6248
4/12/2014,4204,496,Kansas,4700
4/12/2014,7544,1026,Kentucky,8570
4/12/2014,8648,2194,Louisiana,10842
4/12/2014,1117,966,Maine,2083
4/12/2014,10234,1277,Maryland,11511
4/12/2014,9187,1076,Massachusetts,10263
4/12/2014,11596,1418,Michigan,13014
4/12/2014,7537,619,Minnesota,8156
4/12/2014,10393,813,Missouri,11206
4/12/2014,1068,516,Montana,1584
4/12/2014,3735,692,Nebraska,4427
4/12/2014,3033,500,New Hampshire,3533
4/12/2014,19039,2186,New Jersey,21225
4/12/2014,2638,711,New Mexico,3349
4/12/2014,35493,2693,New York,38186
4/12/2014,11220,4199,North Carolina,15419
4/12/2014,661,663,North Dakota,1324
4/12/2014,8947,2443,Ohio,11390
4/12/2014,3236,2613,Oklahoma,5849
4/12/2014,3777,1020,Oregon,4797
4/12/2014,21428,6899,Pennsylvania,28327
4/12/2014,2441,631,Rhode Island,3072
4/12/2014,5514,3838,South Carolina,9352
4/12/2014,1309,419,South Dakota,1728
4/12/2014,6876,2854,Tennessee,9730
4/12/2014,17985,6633,Texas,24618
4/12/2014,630,393,Vermont,1023
4/12/2014,121,201,Virgin Islands,322
4/12/2014,9953,2016,Virginia,11969
4/12/2014,5235,551,Washington,5786
4/12/2014,3730,629,West Virginia,4359
4/12/2014,7487,1344,Wisconsin,8831
4/9/2014,10044,1282,Arizona,11326
4/9/2014,1668,1405,Arkansas,3073
4/9/2014,41024,0,California,41024
4/9/2014,4042,3173,Colorado,7215
4/9/2014,5202,2227,Connecticut,7429
4/9/2014,2127,364,Delaware,2491
4/9/2014,1273,258,Dist. of Columbia,1531
4/9/2014,32446,9371,Florida,41817
4/9/2014,10664,1167,Georgia,11831
4/9/2014,3078,659,Idaho,3737
4/9/2014,12711,2181,Illinois,14892
4/9/2014,7566,1994,Indiana,9560
4/9/2014,4112,1432,Iowa,5544
4/9/2014,3886,480,Kansas,4366
4/9/2014,6755,922,Kentucky,7677
4/9/2014,7271,2027,Louisiana,9298
4/9/2014,1090,966,Maine,2056
4/9/2014,9069,1288,Maryland,10357
4/9/2014,7917,986,Massachusetts,8903
4/9/2014,10158,1354,Michigan,11512
4/9/2014,6833,639,Minnesota,7472
4/9/2014,9816,846,Missouri,10662
4/9/2014,1095,523,Montana,1618
4/9/2014,3553,671,Nebraska,4224
4/9/2014,2778,531,New Hampshire,3309
4/9/2014,18199,2390,New Jersey,20589
4/9/2014,2536,655,New Mexico,3191
4/9/2014,31974,2637,New York,34611
4/9/2014,9130,3917,North Carolina,13047
4/9/2014,601,640,North Dakota,1241
4/9/2014,8383,2587,Ohio,10970
4/9/2014,2526,2128,Oklahoma,4654
4/9/2014,3060,930,Oregon,3990
4/9/2014,18488,6622,Pennsylvania,25110
4/9/2014,2178,650,Rhode Island,2828
4/9/2014,4716,3604,South Carolina,8320
4/9/2014,1244,378,South Dakota,1622
4/9/2014,5980,2550,Tennessee,8530
4/9/2014,15899,6378,Texas,22277
4/9/2014,572,363,Vermont,935
4/9/2014,102,185,Virgin Islands,287
4/9/2014,9133,1954,Virginia,11087
4/9/2014,5186,627,Washington,5813
4/9/2014,3429,585,West Virginia,4014
4/9/2014,6749,1374,Wisconsin,8123
4/5/2014,10857,1497,Arizona,12354
4/5/2014,1772,1461,Arkansas,3233
4/5/2014,41345,0,California,41345
4/5/2014,4110,3347,Colorado,7457
4/5/2014,5677,2404,Connecticut,8081
4/5/2014,2295,377,Delaware,2672
4/5/2014,1333,251,Dist. of Columbia,1584
4/5/2014,37379,10564,Florida,47943
4/5/2014,12019,1322,Georgia,13341
4/5/2014,3253,728,Idaho,3981
4/5/2014,12789,2007,Illinois,14796
4/5/2014,9039,2289,Indiana,11328
4/5/2014,4567,1575,Iowa,6142
4/5/2014,4227,526,Kansas,4753
4/5/2014,7818,1030,Kentucky,8848
4/5/2014,8623,2263,Louisiana,10886
4/5/2014,1296,1104,Maine,2400
4/5/2014,10118,1429,Maryland,11547
4/5/2014,8479,1016,Massachusetts,9495
4/5/2014,11146,1408,Michigan,12554
4/5/2014,7204,640,Minnesota,7844
4/5/2014,10416,894,Missouri,11310
4/5/2014,1125,574,Montana,1699
4/5/2014,3719,684,Nebraska,4403
4/5/2014,3219,570,New Hampshire,3789
4/5/2014,17929,2312,New Jersey,20241
4/5/2014,2531,708,New Mexico,3239
4/5/2014,32090,2669,New York,34759
4/5/2014,10317,4131,North Carolina,14448
4/5/2014,613,621,North Dakota,1234
4/5/2014,8931,2758,Ohio,11689
4/5/2014,2861,2345,Oklahoma,5206
4/5/2014,3098,959,Oregon,4057
4/5/2014,19993,7243,Pennsylvania,27236
4/5/2014,2607,712,Rhode Island,3319
4/5/2014,5311,3917,South Carolina,9228
4/5/2014,1204,397,South Dakota,1601
4/5/2014,6697,2936,Tennessee,9633
4/5/2014,17441,6774,Texas,24215
4/5/2014,660,413,Vermont,1073
4/5/2014,93,219,Virgin Islands,312
4/5/2014,9757,2049,Virginia,11806
4/5/2014,5035,628,Washington,5663
4/5/2014,3885,659,West Virginia,4544
4/5/2014,7472,1440,Wisconsin,8912
4/2/2014,9303,1148,Arizona,10451
4/2/2014,1583,1284,Arkansas,2867
4/2/2014,41371,0,California,41371
4/2/2014,3724,2923,Colorado,6647
4/2/2014,4869,2065,Connecticut,6934
4/2/2014,1993,335,Delaware,2328
4/2/2014,1224,261,Dist. of Columbia,1485
4/2/2014,32147,8956,Florida,41103
4/2/2014,10459,1196,Georgia,11655
4/2/2014,2911,635,Idaho,3546
4/2/2014,11602,1862,Illinois,13464
4/2/2014,7134,1704,Indiana,8838
4/2/2014,3909,1364,Iowa,5273
4/2/2014,3661,428,Kansas,4089
4/2/2014,6602,928,Kentucky,7530
4/2/2014,7113,1966,Louisiana,9079
4/2/2014,990,879,Maine,1869
4/2/2014,8791,1227,Maryland,10018
4/2/2014,7494,889,Massachusetts,8383
4/2/2014,9355,1196,Michigan,10551
4/2/2014,6459,554,Minnesota,7013
4/2/2014,9172,736,Missouri,9908
4/2/2014,1060,505,Montana,1565
4/2/2014,3504,594,Nebraska,4098
4/2/2014,2614,409,New Hampshire,3023
4/2/2014,16956,2053,New Jersey,19009
4/2/2014,2278,591,New Mexico,2869
4/2/2014,29586,2465,New York,32051
4/2/2014,9197,3777,North Carolina,12974
4/2/2014,540,486,North Dakota,1026
4/2/2014,7563,2461,Ohio,10024
4/2/2014,2520,2133,Oklahoma,4653
4/2/2014,2764,838,Oregon,3602
4/2/2014,17252,6068,Pennsylvania,23320
4/2/2014,2146,624,Rhode Island,2770
4/2/2014,4507,3391,South Carolina,7898
4/2/2014,1152,350,South Dakota,1502
4/2/2014,6050,2694,Tennessee,8744
4/2/2014,14739,5507,Texas,20246
4/2/2014,513,333,Vermont,846
4/2/2014,111,156,Virgin Islands,267
4/2/2014,8681,1774,Virginia,10455
4/2/2014,4648,449,Washington,5097
4/2/2014,3429,585,West Virginia,4014
4/2/2014,6590,1252,Wisconsin,7842
3/29/2014,10498,1350,Arizona,11848
3/29/2014,1835,1559,Arkansas,3394
3/29/2014,42716,0,California,42716
3/29/2014,4043,3352,Colorado,7395
3/29/2014,5501,2373,Connecticut,7874
3/29/2014,2195,390,Delaware,2585
3/29/2014,1226,272,Dist. of Columbia,1498
3/29/2014,42321,12075,Florida,54396
3/29/2014,11899,1350,Georgia,13249
3/29/2014,3269,740,Idaho,4009
3/29/2014,11839,2088,Illinois,13927
3/29/2014,8515,2085,Indiana,10600
3/29/2014,4378,1680,Iowa,6058
3/29/2014,3922,541,Kansas,4463
3/29/2014,7440,1029,Kentucky,8469
3/29/2014,7786,2106,Louisiana,9892
3/29/2014,1193,1109,Maine,2302
3/29/2014,10078,1388,Maryland,11466
3/29/2014,8256,1081,Massachusetts,9337
3/29/2014,10471,1289,Michigan,11760
3/29/2014,6477,668,Minnesota,7145
3/29/2014,10023,833,Missouri,10856
3/29/2014,1224,572,Montana,1796
3/29/2014,3931,740,Nebraska,4671
3/29/2014,3272,547,New Hampshire,3819
3/29/2014,16865,2193,New Jersey,19058
3/29/2014,2450,692,New Mexico,3142
3/29/2014,30120,2545,New York,32665
3/29/2014,11191,4608,North Carolina,15799
3/29/2014,533,568,North Dakota,1101
3/29/2014,8189,2613,Ohio,10802
3/29/2014,2977,2526,Oklahoma,5503
3/29/2014,2826,881,Oregon,3707
3/29/2014,20167,6119,Pennsylvania,26286
3/29/2014,2542,630,Rhode Island,3172
3/29/2014,5653,4209,South Carolina,9862
3/29/2014,1273,433,South Dakota,1706
3/29/2014,7459,3299,Tennessee,10758
3/29/2014,16575,6289,Texas,22864
3/29/2014,592,454,Vermont,1046
3/29/2014,113,186,Virgin Islands,299
3/29/2014,9719,2041,Virginia,11760
3/29/2014,4513,527,Washington,5040
3/29/2014,3912,611,West Virginia,4523
3/29/2014,7107,1307,Wisconsin,8414
3/26/2014,8906,1115,Arizona,10021
3/26/2014,1417,1091,Arkansas,2508
3/26/2014,36588,0,California,36588
3/26/2014,3266,2631,Colorado,5897
3/26/2014,4103,1743,Connecticut,5846
3/26/2014,1686,294,Delaware,1980
3/26/2014,1110,199,Dist. of Columbia,1309
3/26/2014,30452,8569,Florida,39021
3/26/2014,9079,1030,Georgia,10109
3/26/2014,2677,611,Idaho,3288
3/26/2014,10266,1696,Illinois,11962
3/26/2014,6866,1659,Indiana,8525
3/26/2014,3537,1236,Iowa,4773
3/26/2014,3324,383,Kansas,3707
3/26/2014,6042,830,Kentucky,6872
3/26/2014,6856,1880,Louisiana,8736
3/26/2014,852,745,Maine,1597
3/26/2014,7871,1053,Maryland,8924
3/26/2014,7010,854,Massachusetts,7864
3/26/2014,8853,1086,Michigan,9939
3/26/2014,5653,516,Minnesota,6169
3/26/2014,8174,715,Missouri,8889
3/26/2014,974,482,Montana,1456
3/26/2014,3346,588,Nebraska,3934
3/26/2014,2373,375,New Hampshire,2748
3/26/2014,14922,1792,New Jersey,16714
3/26/2014,2062,551,New Mexico,2613
3/26/2014,24380,1989,New York,26369
3/26/2014,8313,3543,North Carolina,11856
3/26/2014,511,520,North Dakota,1031
3/26/2014,6796,2001,Ohio,8797
3/26/2014,2296,1811,Oklahoma,4107
3/26/2014,2436,770,Oregon,3206
3/26/2014,15996,4776,Pennsylvania,20772
3/26/2014,1888,485,Rhode Island,2373
3/26/2014,4064,3171,South Carolina,7235
3/26/2014,1067,338,South Dakota,1405
3/26/2014,5499,2351,Tennessee,7850
3/26/2014,13477,5181,Texas,18658
3/26/2014,441,321,Vermont,762
3/26/2014,85,186,Virgin Islands,271
3/26/2014,7288,1565,Virginia,8853
3/26/2014,3853,438,Washington,4291
3/26/2014,3117,522,West Virginia,3639
3/26/2014,6177,1115,Wisconsin,7292
3/22/2014,10785,1249,Arizona,12034
3/22/2014,1817,1468,Arkansas,3285
3/22/2014,49698,0,California,49698
3/22/2014,4351,3279,Colorado,7630
3/22/2014,5487,2240,Connecticut,7727
3/22/2014,2417,358,Delaware,2775
3/22/2014,1370,252,Dist. of Columbia,1622
3/22/2014,39046,10468,Florida,49514
3/22/2014,13673,1373,Georgia,15046
3/22/2014,3198,703,Idaho,3901
3/22/2014,13292,2103,Illinois,15395
3/22/2014,9163,1986,Indiana,11149
3/22/2014,4495,1581,Iowa,6076
3/22/2014,3900,472,Kansas,4372
3/22/2014,7962,1012,Kentucky,8974
3/22/2014,8602,2108,Louisiana,10710
3/22/2014,1103,1023,Maine,2126
3/22/2014,10454,1351,Maryland,11805
3/22/2014,8575,1008,Massachusetts,9583
3/22/2014,11439,1320,Michigan,12759
3/22/2014,7436,624,Minnesota,8060
3/22/2014,10066,774,Missouri,10840
3/22/2014,1054,531,Montana,1585
3/22/2014,4000,669,Nebraska,4669
3/22/2014,2926,447,New Hampshire,3373
3/22/2014,19979,2307,New Jersey,22286
3/22/2014,2658,723,New Mexico,3381
3/22/2014,37196,2754,New York,39950
3/22/2014,10780,4303,North Carolina,15083
3/22/2014,596,575,North Dakota,1171
3/22/2014,8939,2466,Ohio,11405
3/22/2014,2836,2280,Oklahoma,5116
3/22/2014,3350,916,Oregon,4266
3/22/2014,21540,6078,Pennsylvania,27618
3/22/2014,2555,634,Rhode Island,3189
3/22/2014,5316,4076,South Carolina,9392
3/22/2014,1197,409,South Dakota,1606
3/22/2014,6892,2854,Tennessee,9746
3/22/2014,17750,6429,Texas,24179
3/22/2014,522,358,Vermont,880
3/22/2014,108,219,Virgin Islands,327
3/22/2014,10195,1971,Virginia,12166
3/22/2014,5137,542,Washington,5679
3/22/2014,3855,620,West Virginia,4475
3/22/2014,7168,1358,Wisconsin,8526
3/19/2014,11571,1398,Arizona,12969
3/19/2014,1745,1475,Arkansas,3220
3/19/2014,51435,0,California,51435
3/19/2014,4104,3339,Colorado,7443
3/19/2014,5159,2179,Connecticut,7338
3/19/2014,2217,344,Delaware,2561
3/19/2014,1308,242,Dist. of Columbia,1550
3/19/2014,36174,9518,Florida,45692
3/19/2014,13502,1396,Georgia,14898
3/19/2014,3397,693,Idaho,4090
3/19/2014,13515,2127,Illinois,15642
3/19/2014,8150,1882,Indiana,10032
3/19/2014,3964,1394,Iowa,5358
3/19/2014,3992,486,Kansas,4478
3/19/2014,7465,1026,Kentucky,8491
3/19/2014,8464,2122,Louisiana,10586
3/19/2014,906,840,Maine,1746
3/19/2014,9804,1345,Maryland,11149
3/19/2014,7980,885,Massachusetts,8865
3/19/2014,10942,1261,Michigan,12203
3/19/2014,6886,615,Minnesota,7501
3/19/2014,10029,799,Missouri,10828
3/19/2014,1160,598,Montana,1758
3/19/2014,3606,622,Nebraska,4228
3/19/2014,2595,418,New Hampshire,3013
3/19/2014,19129,2191,New Jersey,21320
3/19/2014,2669,717,New Mexico,3386
3/19/2014,35147,2613,New York,37760
3/19/2014,10266,4186,North Carolina,14452
3/19/2014,601,642,North Dakota,1243
3/19/2014,8479,2501,Ohio,10980
3/19/2014,2741,2509,Oklahoma,5250
3/19/2014,3054,923,Oregon,3977
3/19/2014,19002,6078,Pennsylvania,25080
3/19/2014,2323,606,Rhode Island,2929
3/19/2014,5048,3973,South Carolina,9021
3/19/2014,1218,425,South Dakota,1643
3/19/2014,7147,3002,Tennessee,10149
3/19/2014,17274,6353,Texas,23627
3/19/2014,527,294,Vermont,821
3/19/2014,137,223,Virgin Islands,360
3/19/2014,9468,1784,Virginia,11252
3/19/2014,5373,557,Washington,5930
3/19/2014,3577,612,West Virginia,4189
3/19/2014,6788,1273,Wisconsin,8061
3/15/2014,11612,1457,Arizona,13069
3/15/2014,1881,1569,Arkansas,3450
3/15/2014,48756,0,California,48756
3/15/2014,4170,3522,Colorado,7692
3/15/2014,5404,2306,Connecticut,7710
3/15/2014,2454,397,Delaware,2851
3/15/2014,1282,260,Dist. of Columbia,1542
3/15/2014,41578,11254,Florida,52832
3/15/2014,14207,1509,Georgia,15716
3/15/2014,3266,692,Idaho,3958
3/15/2014,13011,2180,Illinois,15191
3/15/2014,9491,2190,Indiana,11681
3/15/2014,4211,1556,Iowa,5767
3/15/2014,4144,489,Kansas,4633
3/15/2014,7867,1066,Kentucky,8933
3/15/2014,9174,2373,Louisiana,11547
3/15/2014,1147,1016,Maine,2163
3/15/2014,10523,1349,Maryland,11872
3/15/2014,8778,1044,Massachusetts,9822
3/15/2014,11747,1317,Michigan,13064
3/15/2014,7184,601,Minnesota,7785
3/15/2014,10295,775,Missouri,11070
3/15/2014,1126,578,Montana,1704
3/15/2014,3778,646,Nebraska,4424
3/15/2014,2995,434,New Hampshire,3429
3/15/2014,18040,2143,New Jersey,20183
3/15/2014,2700,697,New Mexico,3397
3/15/2014,32556,2524,New York,35080
3/15/2014,11354,4516,North Carolina,15870
3/15/2014,603,616,North Dakota,1219
3/15/2014,8519,2663,Ohio,11182
3/15/2014,3001,2521,Oklahoma,5522
3/15/2014,2890,898,Oregon,3788
3/15/2014,19904,6129,Pennsylvania,26033
3/15/2014,2629,621,Rhode Island,3250
3/15/2014,5656,4442,South Carolina,10098
3/15/2014,1254,406,South Dakota,1660
3/15/2014,7683,3355,Tennessee,11038
3/15/2014,18096,6712,Texas,24808
3/15/2014,557,345,Vermont,902
3/15/2014,106,231,Virgin Islands,337
3/15/2014,10281,2032,Virginia,12313
3/15/2014,4630,505,Washington,5135
3/15/2014,4012,605,West Virginia,4617
3/15/2014,7209,1318,Wisconsin,8527
3/12/2014,9977,1222,Arizona,11199
3/12/2014,1722,1445,Arkansas,3167
3/12/2014,44322,0,California,44322
3/12/2014,3613,3005,Colorado,6618
3/12/2014,4783,2136,Connecticut,6919
3/12/2014,2120,363,Delaware,2483
3/12/2014,1170,259,Dist. of Columbia,1429
3/12/2014,36023,10211,Florida,46234
3/12/2014,11322,1331,Georgia,12653
3/12/2014,3021,689,Idaho,3710
3/12/2014,11445,1989,Illinois,13434
3/12/2014,7267,1891,Indiana,9158
3/12/2014,3830,1367,Iowa,5197
3/12/2014,3644,448,Kansas,4092
3/12/2014,6821,878,Kentucky,7699
3/12/2014,7770,2121,Louisiana,9891
3/12/2014,952,854,Maine,1806
3/12/2014,9391,1310,Maryland,10701
3/12/2014,7575,978,Massachusetts,8553
3/12/2014,9747,1190,Michigan,10937
3/12/2014,6228,587,Minnesota,6815
3/12/2014,8924,804,Missouri,9728
3/12/2014,949,521,Montana,1470
3/12/2014,3472,597,Nebraska,4069
3/12/2014,2602,412,New Hampshire,3014
3/12/2014,17178,2168,New Jersey,19346
3/12/2014,2353,638,New Mexico,2991
3/12/2014,29048,2527,New York,31575
3/12/2014,9815,4050,North Carolina,13865
3/12/2014,521,535,North Dakota,1056
3/12/2014,7468,2442,Ohio,9910
3/12/2014,2507,2302,Oklahoma,4809
3/12/2014,2622,822,Oregon,3444
3/12/2014,17364,5549,Pennsylvania,22913
3/12/2014,2254,569,Rhode Island,2823
3/12/2014,4953,3841,South Carolina,8794
3/12/2014,1145,358,South Dakota,1503
3/12/2014,6480,2830,Tennessee,9310
3/12/2014,15444,6164,Texas,21608
3/12/2014,476,322,Vermont,798
3/12/2014,138,225,Virgin Islands,363
3/12/2014,8614,1845,Virginia,10459
3/12/2014,4062,482,Washington,4544
3/12/2014,3570,537,West Virginia,4107
3/12/2014,6216,1195,Wisconsin,7411
3/8/2014,10281,1292,Arizona,11573
3/8/2014,1637,1382,Arkansas,3019
3/8/2014,39354,0,California,39354
3/8/2014,3692,3146,Colorado,6838
3/8/2014,5276,2326,Connecticut,7602
3/8/2014,2116,385,Delaware,2501
3/8/2014,1135,237,Dist. of Columbia,1372
3/8/2014,36305,10177,Florida,46482
3/8/2014,11887,1249,Georgia,13136
3/8/2014,3004,733,Idaho,3737
3/8/2014,11497,1927,Illinois,13424
3/8/2014,8900,2132,Indiana,11032
3/8/2014,4144,1520,Iowa,5664
3/8/2014,3880,458,Kansas,4338
3/8/2014,7505,1051,Kentucky,8556
3/8/2014,8389,2255,Louisiana,10644
3/8/2014,1214,1034,Maine,2248
3/8/2014,9020,1228,Maryland,10248
3/8/2014,7978,1045,Massachusetts,9023
3/8/2014,10427,1260,Michigan,11687
3/8/2014,6348,553,Minnesota,6901
3/8/2014,9934,811,Missouri,10745
3/8/2014,1041,519,Montana,1560
3/8/2014,3504,671,Nebraska,4175
3/8/2014,3056,527,New Hampshire,3583
3/8/2014,16654,2069,New Jersey,18723
3/8/2014,2419,666,New Mexico,3085
3/8/2014,29821,2419,New York,32240
3/8/2014,9238,3898,North Carolina,13136
3/8/2014,538,500,North Dakota,1038
3/8/2014,8127,2586,Ohio,10713
3/8/2014,2524,2313,Oklahoma,4837
3/8/2014,2611,783,Oregon,3394
3/8/2014,17574,5549,Pennsylvania,23123
3/8/2014,2508,645,Rhode Island,3153
3/8/2014,4961,3893,South Carolina,8854
3/8/2014,1077,363,South Dakota,1440
3/8/2014,6634,2980,Tennessee,9614
3/8/2014,15685,6267,Texas,21952
3/8/2014,578,389,Vermont,967
3/8/2014,138,195,Virgin Islands,333
3/8/2014,8398,1921,Virginia,10319
3/8/2014,3966,467,Washington,4433
3/8/2014,3671,596,West Virginia,4267
3/8/2014,6683,1265,Wisconsin,7948
3/5/2014,9917,1235,Arizona,11152
3/5/2014,1451,1299,Arkansas,2750
3/5/2014,43383,0,California,43383
3/5/2014,3666,3130,Colorado,6796
3/5/2014,4967,2190,Connecticut,7157
3/5/2014,1904,348,Delaware,2252
3/5/2014,1106,243,Dist. of Columbia,1349
3/5/2014,37796,11012,Florida,48808
3/5/2014,9497,1162,Georgia,10659
3/5/2014,3134,691,Idaho,3825
3/5/2014,10918,1903,Illinois,12821
3/5/2014,7497,1862,Indiana,9359
3/5/2014,3993,1395,Iowa,5388
3/5/2014,3609,462,Kansas,4071
3/5/2014,6275,930,Kentucky,7205
3/5/2014,7385,2166,Louisiana,9551
3/5/2014,1021,1005,Maine,2026
3/5/2014,8600,1212,Maryland,9812
3/5/2014,8194,1094,Massachusetts,9288
3/5/2014,10026,1256,Michigan,11282
3/5/2014,6307,588,Minnesota,6895
3/5/2014,8540,758,Missouri,9298
3/5/2014,1079,511,Montana,1590
3/5/2014,3424,618,Nebraska,4042
3/5/2014,2821,487,New Hampshire,3308
3/5/2014,16577,2133,New Jersey,18710
3/5/2014,2370,632,New Mexico,3002
3/5/2014,27462,2427,New York,29889
3/5/2014,10191,4351,North Carolina,14542
3/5/2014,545,543,North Dakota,1088
3/5/2014,7745,2536,Ohio,10281
3/5/2014,2523,2220,Oklahoma,4743
3/5/2014,2711,886,Oregon,3597
3/5/2014,16892,5659,Pennsylvania,22551
3/5/2014,2413,649,Rhode Island,3062
3/5/2014,4757,4010,South Carolina,8767
3/5/2014,1158,367,South Dakota,1525
3/5/2014,6652,2952,Tennessee,9604
3/5/2014,15276,6027,Texas,21303
3/5/2014,497,333,Vermont,830
3/5/2014,111,200,Virgin Islands,311
3/5/2014,8039,1793,Virginia,9832
3/5/2014,3888,508,Washington,4396
3/5/2014,3466,587,West Virginia,4053
3/5/2014,6351,1253,Wisconsin,7604
3/1/2014,12604,1662,Arizona,14266
3/1/2014,2126,1863,Arkansas,3989
3/1/2014,53384,0,California,53384
3/1/2014,4350,3650,Colorado,8000
3/1/2014,6059,2609,Connecticut,8668
3/1/2014,2694,478,Delaware,3172
3/1/2014,1506,285,Dist. of Columbia,1791
3/1/2014,48033,14094,Florida,62127
3/1/2014,15602,1769,Georgia,17371
3/1/2014,3931,936,Idaho,4867
3/1/2014,14222,2531,Illinois,16753
3/1/2014,11086,2712,Indiana,13798
3/1/2014,4764,1734,Iowa,6498
3/1/2014,4940,572,Kansas,5512
3/1/2014,9737,1334,Kentucky,11071
3/1/2014,9787,2609,Louisiana,12396
3/1/2014,1243,1188,Maine,2431
3/1/2014,11209,1569,Maryland,12778
3/1/2014,9345,1353,Massachusetts,10698
3/1/2014,12466,1627,Michigan,14093
3/1/2014,7155,663,Minnesota,7818
3/1/2014,12640,1070,Missouri,13710
3/1/2014,1211,578,Montana,1789
3/1/2014,4322,781,Nebraska,5103
3/1/2014,3531,574,New Hampshire,4105
3/1/2014,20022,2617,New Jersey,22639
3/1/2014,3105,924,New Mexico,4029
3/1/2014,38074,3316,New York,41390
3/1/2014,12730,5503,North Carolina,18233
3/1/2014,536,614,North Dakota,1150
3/1/2014,9662,3159,Ohio,12821
3/1/2014,3331,2964,Oklahoma,6295
3/1/2014,3289,1061,Oregon,4350
3/1/2014,22465,7435,Pennsylvania,29900
3/1/2014,3104,838,Rhode Island,3942
3/1/2014,6274,4870,South Carolina,11144
3/1/2014,1267,417,South Dakota,1684
3/1/2014,8408,3869,Tennessee,12277
3/1/2014,19271,7483,Texas,26754
3/1/2014,620,451,Vermont,1071
3/1/2014,140,287,Virgin Islands,427
3/1/2014,10494,2403,Virginia,12897
3/1/2014,4844,608,Washington,5452
3/1/2014,4872,830,West Virginia,5702
3/1/2014,7425,1531,Wisconsin,8956
2/26/2014,9603,1161,Arizona,10764
2/26/2014,1532,1248,Arkansas,2780
2/26/2014,42449,0,California,42449
2/26/2014,3515,2821,Colorado,6336
2/26/2014,4565,2050,Connecticut,6615
2/26/2014,1823,317,Delaware,2140
2/26/2014,1062,211,Dist. of Columbia,1273
2/26/2014,33009,9224,Florida,42233
2/26/2014,10829,1146,Georgia,11975
2/26/2014,3023,653,Idaho,3676
2/26/2014,10697,1841,Illinois,12538
2/26/2014,7055,1630,Indiana,8685
2/26/2014,3852,1356,Iowa,5208
2/26/2014,3530,442,Kansas,3972
2/26/2014,6348,869,Kentucky,7217
2/26/2014,7351,1889,Louisiana,9240
2/26/2014,983,909,Maine,1892
2/26/2014,8267,1090,Maryland,9357
2/26/2014,6857,858,Massachusetts,7715
2/26/2014,9521,1153,Michigan,10674
2/26/2014,5801,548,Minnesota,6349
2/26/2014,8906,725,Missouri,9631
2/26/2014,941,473,Montana,1414
2/26/2014,3250,615,Nebraska,3865
2/26/2014,2442,427,New Hampshire,2869
2/26/2014,15294,1933,New Jersey,17227
2/26/2014,2209,599,New Mexico,2808
2/26/2014,26364,2132,New York,28496
2/26/2014,9203,3705,North Carolina,12908
2/26/2014,491,458,North Dakota,949
2/26/2014,7374,2191,Ohio,9565
2/26/2014,2494,2134,Oklahoma,4628
2/26/2014,2540,842,Oregon,3382
2/26/2014,15533,5074,Pennsylvania,20607
2/26/2014,2147,567,Rhode Island,2714
2/26/2014,4584,3401,South Carolina,7985
2/26/2014,1099,351,South Dakota,1450
2/26/2014,6303,2897,Tennessee,9200
2/26/2014,14309,5501,Texas,19810
2/26/2014,449,314,Vermont,763
2/26/2014,113,198,Virgin Islands,311
2/26/2014,7849,1728,Virginia,9577
2/26/2014,3916,462,Washington,4378
2/26/2014,3335,468,West Virginia,3803
2/26/2014,5973,1017,Wisconsin,6990
2/22/2014,11147,1296,Arizona,12443
2/22/2014,1755,1424,Arkansas,3179
2/22/2014,45452,0,California,45452
2/22/2014,3658,3144,Colorado,6802
2/22/2014,4978,2149,Connecticut,7127
2/22/2014,2230,332,Delaware,2562
2/22/2014,1174,224,Dist. of Columbia,1398
2/22/2014,40973,10931,Florida,51904
2/22/2014,12370,1300,Georgia,13670
2/22/2014,3430,698,Idaho,4128
2/22/2014,12010,2067,Illinois,14077
2/22/2014,8735,1933,Indiana,10668
2/22/2014,4012,1431,Iowa,5443
2/22/2014,3813,494,Kansas,4307
2/22/2014,7336,947,Kentucky,8283
2/22/2014,8658,2256,Louisiana,10914
2/22/2014,1240,1063,Maine,2303
2/22/2014,9261,1222,Maryland,10483
2/22/2014,7971,1106,Massachusetts,9077
2/22/2014,10874,1279,Michigan,12153
2/22/2014,5908,528,Minnesota,6436
2/22/2014,9569,784,Missouri,10353
2/22/2014,1147,583,Montana,1730
2/22/2014,3638,648,Nebraska,4286
2/22/2014,3196,527,New Hampshire,3723
2/22/2014,15412,1921,New Jersey,17333
2/22/2014,2512,644,New Mexico,3156
2/22/2014,28850,2397,New York,31247
2/22/2014,10695,4289,North Carolina,14984
2/22/2014,593,537,North Dakota,1130
2/22/2014,8863,2571,Ohio,11434
2/22/2014,2700,2299,Oklahoma,4999
2/22/2014,2801,824,Oregon,3625
2/22/2014,17739,5548,Pennsylvania,23287
2/22/2014,2461,667,Rhode Island,3128
2/22/2014,5275,4038,South Carolina,9313
2/22/2014,1172,362,South Dakota,1534
2/22/2014,8127,3364,Tennessee,11491
2/22/2014,16942,6135,Texas,23077
2/22/2014,504,387,Vermont,891
2/22/2014,119,216,Virgin Islands,335
2/22/2014,8615,1860,Virginia,10475
2/22/2014,3906,515,Washington,4421
2/22/2014,3699,558,West Virginia,4257
2/22/2014,6545,1147,Wisconsin,7692
2/19/2014,61149,3486,Arizona,64635
2/19/2014,9736,5904,Arkansas,15640
2/19/2014,295635,0,California,295635
2/19/2014,23910,13396,Colorado,37306
2/19/2014,33176,8283,Connecticut,41459
2/19/2014,13600,1087,Delaware,14687
2/19/2014,6893,594,Dist. of Columbia,7487
2/19/2014,184419,31366,Florida,215785
2/19/2014,72968,4100,Georgia,77068
2/19/2014,12248,1843,Idaho,14091
2/19/2014,99339,7717,Illinois,107056
2/19/2014,45171,5836,Indiana,51007
2/19/2014,23285,5690,Iowa,28975
2/19/2014,19603,1390,Kansas,20993
2/19/2014,32202,2599,Kentucky,34801
2/19/2014,41340,6185,Louisiana,47525
2/19/2014,4391,2864,Maine,7255
2/19/2014,62917,3672,Maryland,66589
2/19/2014,74564,3496,Massachusetts,78060
2/19/2014,69324,3390,Michigan,72714
2/19/2014,49692,1857,Minnesota,51549
2/19/2014,52476,2031,Missouri,54507
2/19/2014,4143,1417,Montana,5560
2/19/2014,15980,1670,Nebraska,17650
2/19/2014,13881,1121,New Hampshire,15002
2/19/2014,148894,6932,New Jersey,155826
2/19/2014,16170,2721,New Mexico,18891
2/19/2014,216381,7376,New York,223757
2/19/2014,55079,13187,North Carolina,68266
2/19/2014,3975,2187,North Dakota,6162
2/19/2014,71409,10002,Ohio,81411
2/19/2014,16833,10095,Oklahoma,26928
2/19/2014,21832,3291,Oregon,25123
2/19/2014,147906,24932,Pennsylvania,172838
2/19/2014,10821,1707,Rhode Island,12528
2/19/2014,25769,14074,South Carolina,39843
2/19/2014,6238,1412,South Dakota,7650
2/19/2014,39695,11303,Tennessee,50998
2/19/2014,139271,30797,Texas,170068
2/19/2014,2257,993,Vermont,3250
2/19/2014,337,454,Virgin Islands,791
2/19/2014,61485,6946,Virginia,68431
2/19/2014,33874,1822,Washington,35696
2/19/2014,17370,1596,West Virginia,18966
2/19/2014,44051,4046,Wisconsin,48097
2/15/2014,34501,2757,Arizona,37258
2/15/2014,5428,3608,Arkansas,9036
2/15/2014,151182,0,California,151182
2/15/2014,14135,8227,Colorado,22362
2/15/2014,15273,4638,Connecticut,19911
2/15/2014,6417,771,Delaware,7188
2/15/2014,2282,364,Dist. of Columbia,2646
2/15/2014,103234,22357,Florida,125591
2/15/2014,35113,2716,Georgia,37829
2/15/2014,8578,1456,Idaho,10034
2/15/2014,45339,5001,Illinois,50340
2/15/2014,26125,4286,Indiana,30411
2/15/2014,14456,3878,Iowa,18334
2/15/2014,10473,884,Kansas,11357
2/15/2014,20166,2047,Kentucky,22213
2/15/2014,22812,4457,Louisiana,27269
2/15/2014,2964,2310,Maine,5274
2/15/2014,24846,2460,Maryland,27306
2/15/2014,30001,2503,Massachusetts,32504
2/15/2014,42345,3028,Michigan,45373
2/15/2014,23938,1284,Minnesota,25222
2/15/2014,29113,1559,Missouri,30672
2/15/2014,2359,953,Montana,3312
2/15/2014,10750,1364,Nebraska,12114
2/15/2014,9161,1007,New Hampshire,10168
2/15/2014,60233,4140,New Jersey,64373
2/15/2014,9078,1781,New Mexico,10859
2/15/2014,111402,5614,New York,117016
2/15/2014,27980,8519,North Carolina,36499
2/15/2014,1738,1194,North Dakota,2932
2/15/2014,31905,5662,Ohio,37567
2/15/2014,9603,6150,Oklahoma,15753
2/15/2014,12143,2219,Oregon,14362
2/15/2014,69567,14314,Pennsylvania,83881
2/15/2014,7521,1529,Rhode Island,9050
2/15/2014,12987,8107,South Carolina,21094
2/15/2014,3510,820,South Dakota,4330
2/15/2014,23483,7889,Tennessee,31372
2/15/2014,60514,16312,Texas,76826
2/15/2014,1386,736,Vermont,2122
2/15/2014,271,383,Virgin Islands,654
2/15/2014,23279,4020,Virginia,27299
2/15/2014,16437,1304,Washington,17741
2/15/2014,9366,1198,West Virginia,10564
2/15/2014,22599,2830,Wisconsin,25429
2/12/2014,23664,1988,Arizona,25652
2/12/2014,3520,2152,Arkansas,5672
2/12/2014,112299,0,California,112299
2/12/2014,9862,5599,Colorado,15461
2/12/2014,13643,3913,Connecticut,17556
2/12/2014,5408,549,Delaware,5957
2/12/2014,2292,356,Dist. of Columbia,2648
2/12/2014,63178,14417,Florida,77595
2/12/2014,18561,1444,Georgia,20005
2/12/2014,5950,1033,Idaho,6983
2/12/2014,31301,3428,Illinois,34729
2/12/2014,16216,2787,Indiana,19003
2/12/2014,10660,2706,Iowa,13366
2/12/2014,7059,617,Kansas,7676
2/12/2014,13737,1392,Kentucky,15129
2/12/2014,15166,2925,Louisiana,18091
2/12/2014,1998,1411,Maine,3409
2/12/2014,23588,2000,Maryland,25588
2/12/2014,21713,1667,Massachusetts,23380
2/12/2014,27270,2092,Michigan,29362
2/12/2014,17507,924,Minnesota,18431
2/12/2014,20156,1082,Missouri,21238
2/12/2014,1589,598,Montana,2187
2/12/2014,7202,950,Nebraska,8152
2/12/2014,6184,597,New Hampshire,6781
2/12/2014,56659,3775,New Jersey,60434
2/12/2014,6079,1261,New Mexico,7340
2/12/2014,91300,4508,New York,95808
2/12/2014,15189,4501,North Carolina,19690
2/12/2014,1270,916,North Dakota,2186
2/12/2014,23126,3984,Ohio,27110
2/12/2014,6371,3971,Oklahoma,10342
2/12/2014,8866,1684,Oregon,10550
2/12/2014,61181,11543,Pennsylvania,72724
2/12/2014,5131,1025,Rhode Island,6156
2/12/2014,6694,3771,South Carolina,10465
2/12/2014,2687,657,South Dakota,3344
2/12/2014,14923,4720,Tennessee,19643
2/12/2014,38767,10735,Texas,49502
2/12/2014,981,472,Vermont,1453
2/12/2014,168,274,Virgin Islands,442
2/12/2014,18648,2873,Virginia,21521
2/12/2014,11415,876,Washington,12291
2/12/2014,7066,728,West Virginia,7794
2/12/2014,15138,1907,Wisconsin,17045
2/8/2014,22519,2164,Arizona,24683
2/8/2014,3106,2213,Arkansas,5319
2/8/2014,94713,0,California,94713
2/8/2014,9107,5505,Colorado,14612
2/8/2014,12546,4054,Connecticut,16600
2/8/2014,5001,602,Delaware,5603
2/8/2014,1952,299,Dist. of Columbia,2251
2/8/2014,66666,15933,Florida,82599
2/8/2014,23827,2012,Georgia,25839
2/8/2014,5602,1043,Idaho,6645
2/8/2014,27017,3215,Illinois,30232
2/8/2014,17261,3257,Indiana,20518
2/8/2014,9097,2458,Iowa,11555
2/8/2014,6922,748,Kansas,7670
2/8/2014,13741,1550,Kentucky,15291
2/8/2014,15915,3293,Louisiana,19208
2/8/2014,1790,1307,Maine,3097
2/8/2014,20649,2119,Maryland,22768
2/8/2014,18879,1603,Massachusetts,20482
2/8/2014,25635,2104,Michigan,27739
2/8/2014,16149,1028,Minnesota,17177
2/8/2014,19336,1245,Missouri,20581
2/8/2014,1438,614,Montana,2052
2/8/2014,6727,1006,Nebraska,7733
2/8/2014,5982,789,New Hampshire,6771
2/8/2014,45107,3553,New Jersey,48660
2/8/2014,5543,1229,New Mexico,6772
2/8/2014,80164,4393,New York,84557
2/8/2014,19130,6190,North Carolina,25320
2/8/2014,1063,883,North Dakota,1946
2/8/2014,19885,3935,Ohio,23820
2/8/2014,5770,3870,Oklahoma,9640
2/8/2014,6509,1338,Oregon,7847
2/8/2014,53404,11666,Pennsylvania,65070
2/8/2014,5088,1119,Rhode Island,6207
2/8/2014,9462,6126,South Carolina,15588
2/8/2014,2197,577,South Dakota,2774
2/8/2014,15371,5399,Tennessee,20770
2/8/2014,37174,15927,Texas,53101
2/8/2014,1040,505,Vermont,1545
2/8/2014,137,186,Virgin Islands,323
2/8/2014,17757,2964,Virginia,20721
2/8/2014,10593,947,Washington,11540
2/8/2014,6886,830,West Virginia,7716
2/8/2014,14181,2029,Wisconsin,16210
2/5/2014,17144,1671,Arizona,18815
2/5/2014,2559,1648,Arkansas,4207
2/5/2014,92204,0,California,92204
2/5/2014,7354,4411,Colorado,11765
2/5/2014,7673,2538,Connecticut,10211
2/5/2014,3877,464,Delaware,4341
2/5/2014,1825,282,Dist. of Columbia,2107
2/5/2014,54772,13249,Florida,68021
2/5/2014,19973,1679,Georgia,21652
2/5/2014,5010,964,Idaho,5974
2/5/2014,21972,2780,Illinois,24752
2/5/2014,11980,2356,Indiana,14336
2/5/2014,7391,1916,Iowa,9307
2/5/2014,4843,441,Kansas,5284
2/5/2014,10764,1299,Kentucky,12063
2/5/2014,12039,2600,Louisiana,14639
2/5/2014,1332,967,Maine,2299
2/5/2014,15368,1530,Maryland,16898
2/5/2014,13259,1197,Massachusetts,14456
2/5/2014,20207,1721,Michigan,21928
2/5/2014,13312,819,Minnesota,14131
2/5/2014,13414,958,Missouri,14372
2/5/2014,1432,573,Montana,2005
2/5/2014,5404,775,Nebraska,6179
2/5/2014,4218,489,New Hampshire,4707
2/5/2014,32898,2755,New Jersey,35653
2/5/2014,4238,921,New Mexico,5159
2/5/2014,63059,3608,New York,66667
2/5/2014,15724,5129,North Carolina,20853
2/5/2014,922,759,North Dakota,1681
2/5/2014,15458,3254,Ohio,18712
2/5/2014,4623,3138,Oklahoma,7761
2/5/2014,7782,1568,Oregon,9350
2/5/2014,37478,8127,Pennsylvania,45605
2/5/2014,3535,814,Rhode Island,4349
2/5/2014,7697,4702,South Carolina,12399
2/5/2014,1880,468,South Dakota,2348
2/5/2014,12212,4289,Tennessee,16501
2/5/2014,31039,13117,Texas,44156
2/5/2014,726,406,Vermont,1132
2/5/2014,128,192,Virgin Islands,320
2/5/2014,14507,2430,Virginia,16937
2/5/2014,10764,832,Washington,11596
2/5/2014,5545,699,West Virginia,6244
2/5/2014,11955,1742,Wisconsin,13697
2/1/2014,17755,1997,Arizona,19752
2/1/2014,3368,2246,Arkansas,5614
2/1/2014,95973,0,California,95973
2/1/2014,7511,4928,Colorado,12439
2/1/2014,9819,3504,Connecticut,13323
2/1/2014,4146,569,Delaware,4715
2/1/2014,2029,400,Dist. of Columbia,2429
2/1/2014,67727,17114,Florida,84841
2/1/2014,21608,2207,Georgia,23815
2/1/2014,5328,1043,Idaho,6371
2/1/2014,23289,3172,Illinois,26461
2/1/2014,14987,2991,Indiana,17978
2/1/2014,7779,2253,Iowa,10032
2/1/2014,6681,657,Kansas,7338
2/1/2014,12792,1536,Kentucky,14328
2/1/2014,13622,3229,Louisiana,16851
2/1/2014,1622,1542,Maine,3164
2/1/2014,17478,2052,Maryland,19530
2/1/2014,17096,1910,Massachusetts,19006
2/1/2014,21422,2228,Michigan,23650
2/1/2014,12192,859,Minnesota,13051
2/1/2014,16260,1207,Missouri,17467
2/1/2014,1510,682,Montana,2192
2/1/2014,6343,909,Nebraska,7252
2/1/2014,5103,677,New Hampshire,5780
2/1/2014,37343,3443,New Jersey,40786
2/1/2014,4905,1194,New Mexico,6099
2/1/2014,68235,4262,New York,72497
2/1/2014,18933,6464,North Carolina,25397
2/1/2014,850,766,North Dakota,1616
2/1/2014,17882,4041,Ohio,21923
2/1/2014,5510,4160,Oklahoma,9670
2/1/2014,7347,1622,Oregon,8969
2/1/2014,44727,10595,Pennsylvania,55322
2/1/2014,4530,986,Rhode Island,5516
2/1/2014,9157,6099,South Carolina,15256
2/1/2014,1910,595,South Dakota,2505
2/1/2014,12234,4849,Tennessee,17083
2/1/2014,34947,14453,Texas,49400
2/1/2014,894,485,Vermont,1379
2/1/2014,173,296,Virgin Islands,469
2/1/2014,16539,3093,Virginia,19632
2/1/2014,9229,855,Washington,10084
2/1/2014,6325,795,West Virginia,7120
2/1/2014,11566,1881,Wisconsin,13447
1/29/2014,12858,1371,Arizona,14229
1/29/2014,2450,1546,Arkansas,3996
1/29/2014,70472,0,California,70472
1/29/2014,5944,3896,Colorado,9840
1/29/2014,6825,2505,Connecticut,9330
1/29/2014,2791,396,Delaware,3187
1/29/2014,1412,237,Dist. of Columbia,1649
1/29/2014,44596,11126,Florida,55722
1/29/2014,10926,1127,Georgia,12053
1/29/2014,3835,749,Idaho,4584
1/29/2014,17177,2366,Illinois,19543
1/29/2014,10463,2206,Indiana,12669
1/29/2014,6094,1868,Iowa,7962
1/29/2014,5084,529,Kansas,5613
1/29/2014,8877,1139,Kentucky,10016
1/29/2014,7748,2055,Louisiana,9803
1/29/2014,1145,1104,Maine,2249
1/29/2014,11655,1338,Maryland,12993
1/29/2014,12174,1247,Massachusetts,13421
1/29/2014,15596,1503,Michigan,17099
1/29/2014,9181,644,Minnesota,9825
1/29/2014,11954,876,Missouri,12830
1/29/2014,1170,533,Montana,1703
1/29/2014,4829,695,Nebraska,5524
1/29/2014,3631,443,New Hampshire,4074
1/29/2014,27635,2457,New Jersey,30092
1/29/2014,3414,724,New Mexico,4138
1/29/2014,47434,2931,New York,50365
1/29/2014,10806,3857,North Carolina,14663
1/29/2014,674,565,North Dakota,1239
1/29/2014,12422,2654,Ohio,15076
1/29/2014,3906,2807,Oklahoma,6713
1/29/2014,5534,1177,Oregon,6711
1/29/2014,31151,7371,Pennsylvania,38522
1/29/2014,2965,696,Rhode Island,3661
1/29/2014,5203,3360,South Carolina,8563
1/29/2014,1555,402,South Dakota,1957
1/29/2014,7858,3126,Tennessee,10984
1/29/2014,23635,9751,Texas,33386
1/29/2014,613,372,Vermont,985
1/29/2014,120,187,Virgin Islands,307
1/29/2014,10521,1728,Virginia,12249
1/29/2014,7215,597,Washington,7812
1/29/2014,4065,531,West Virginia,4596
1/29/2014,8577,1480,Wisconsin,10057
1/25/2014,12791,1319,Arizona,14110
1/25/2014,2209,1452,Arkansas,3661
1/25/2014,63380,0,California,63380
1/25/2014,5840,4086,Colorado,9926
1/25/2014,7042,2501,Connecticut,9543
1/25/2014,2899,365,Delaware,3264
1/25/2014,1367,240,Dist. of Columbia,1607
1/25/2014,47994,12049,Florida,60043
1/25/2014,16007,1421,Georgia,17428
1/25/2014,3748,753,Idaho,4501
1/25/2014,16954,2206,Illinois,19160
1/25/2014,10246,2144,Indiana,12390
1/25/2014,6752,2023,Iowa,8775
1/25/2014,5148,573,Kansas,5721
1/25/2014,8581,1025,Kentucky,9606
1/25/2014,9458,2202,Louisiana,11660
1/25/2014,1362,1313,Maine,2675
1/25/2014,12153,1318,Maryland,13471
1/25/2014,11427,1169,Massachusetts,12596
1/25/2014,14664,1522,Michigan,16186
1/25/2014,9357,664,Minnesota,10021
1/25/2014,12231,860,Missouri,13091
1/25/2014,1240,575,Montana,1815
1/25/2014,4852,759,Nebraska,5611
1/25/2014,3782,474,New Hampshire,4256
1/25/2014,25421,2403,New Jersey,27824
1/25/2014,3272,799,New Mexico,4071
1/25/2014,46863,2972,New York,49835
1/25/2014,13293,4520,North Carolina,17813
1/25/2014,651,586,North Dakota,1237
1/25/2014,11563,2631,Ohio,14194
1/25/2014,3904,2844,Oklahoma,6748
1/25/2014,5121,1142,Oregon,6263
1/25/2014,29127,7196,Pennsylvania,36323
1/25/2014,3077,698,Rhode Island,3775
1/25/2014,6532,4240,South Carolina,10772
1/25/2014,1523,424,South Dakota,1947
1/25/2014,8331,3211,Tennessee,11542
1/25/2014,22474,7231,Texas,29705
1/25/2014,717,440,Vermont,1157
1/25/2014,115,230,Virgin Islands,345
1/25/2014,11206,2095,Virginia,13301
1/25/2014,6644,612,Washington,7256
1/25/2014,3919,466,West Virginia,4385
1/25/2014,9028,1422,Wisconsin,10450
1/22/2014,11783,1473,Arizona,13256
1/22/2014,2003,1320,Arkansas,3323
1/22/2014,53391,0,California,53391
1/22/2014,5515,3811,Colorado,9326
1/22/2014,6138,2367,Connecticut,8505
1/22/2014,2162,328,Delaware,2490
1/22/2014,1015,190,Dist. of Columbia,1205
1/22/2014,42139,11277,Florida,53416
1/22/2014,13959,1416,Georgia,15375
1/22/2014,3561,732,Idaho,4293
1/22/2014,16405,2422,Illinois,18827
1/22/2014,9293,2049,Indiana,11342
1/22/2014,5805,1834,Iowa,7639
1/22/2014,4690,516,Kansas,5206
1/22/2014,7938,1025,Kentucky,8963
1/22/2014,9837,2507,Louisiana,12344
1/22/2014,1269,1107,Maine,2376
1/22/2014,8971,1234,Maryland,10205
1/22/2014,9676,1139,Massachusetts,10815
1/22/2014,12793,1528,Michigan,14321
1/22/2014,8456,673,Minnesota,9129
1/22/2014,11287,875,Missouri,12162
1/22/2014,1125,498,Montana,1623
1/22/2014,4414,732,Nebraska,5146
1/22/2014,3567,561,New Hampshire,4128
1/22/2014,21789,2301,New Jersey,24090
1/22/2014,3042,748,New Mexico,3790
1/22/2014,38468,2819,New York,41287
1/22/2014,11428,4293,North Carolina,15721
1/22/2014,623,607,North Dakota,1230
1/22/2014,11115,2911,Ohio,14026
1/22/2014,3345,2500,Oklahoma,5845
1/22/2014,4388,1115,Oregon,5503
1/22/2014,23326,6306,Pennsylvania,29632
1/22/2014,2545,672,Rhode Island,3217
1/22/2014,5657,3836,South Carolina,9493
1/22/2014,1413,374,South Dakota,1787
1/22/2014,7049,2794,Tennessee,9843
1/22/2014,21486,7412,Texas,28898
1/22/2014,660,398,Vermont,1058
1/22/2014,135,219,Virgin Islands,354
1/22/2014,9907,1792,Virginia,11699
1/22/2014,6381,625,Washington,7006
1/22/2014,3527,510,West Virginia,4037
1/22/2014,8155,1425,Wisconsin,9580
1/18/2014,11925,1351,Arizona,13276
1/18/2014,2235,1543,Arkansas,3778
1/18/2014,55282,0,California,55282
1/18/2014,5529,4028,Colorado,9557
1/18/2014,6902,2538,Connecticut,9440
1/18/2014,2844,389,Delaware,3233
1/18/2014,1459,248,Dist. of Columbia,1707
1/18/2014,48411,12007,Florida,60418
1/18/2014,15181,1465,Georgia,16646
1/18/2014,3365,700,Idaho,4065
1/18/2014,15220,2209,Illinois,17429
1/18/2014,10052,2009,Indiana,12061
1/18/2014,5929,1865,Iowa,7794
1/18/2014,4763,488,Kansas,5251
1/18/2014,8937,1050,Kentucky,9987
1/18/2014,9432,2313,Louisiana,11745
1/18/2014,1332,1132,Maine,2464
1/18/2014,11192,1396,Maryland,12588
1/18/2014,9996,1138,Massachusetts,11134
1/18/2014,12328,1302,Michigan,13630
1/18/2014,8031,588,Minnesota,8619
1/18/2014,11847,838,Missouri,12685
1/18/2014,1165,545,Montana,1710
1/18/2014,4564,708,Nebraska,5272
1/18/2014,3574,501,New Hampshire,4075
1/18/2014,23583,2413,New Jersey,25996
1/18/2014,3152,819,New Mexico,3971
1/18/2014,43520,2900,New York,46420
1/18/2014,13327,4680,North Carolina,18007
1/18/2014,617,620,North Dakota,1237
1/18/2014,10494,2715,Ohio,13209
1/18/2014,3586,2780,Oklahoma,6366
1/18/2014,4114,1017,Oregon,5131
1/18/2014,27576,7126,Pennsylvania,34702
1/18/2014,3019,678,Rhode Island,3697
1/18/2014,6397,4545,South Carolina,10942
1/18/2014,1420,394,South Dakota,1814
1/18/2014,8624,3256,Tennessee,11880
1/18/2014,22432,7347,Texas,29779
1/18/2014,672,416,Vermont,1088
1/18/2014,117,232,Virgin Islands,349
1/18/2014,11508,1979,Virginia,13487
1/18/2014,6143,545,Washington,6688
1/18/2014,4066,559,West Virginia,4625
1/18/2014,8076,1407,Wisconsin,9483
1/15/2014,10575,1301,Arizona,11876
1/15/2014,1855,1274,Arkansas,3129
1/15/2014,50535,0,California,50535
1/15/2014,4744,3408,Colorado,8152
1/15/2014,5945,2294,Connecticut,8239
1/15/2014,2299,349,Delaware,2648
1/15/2014,1363,272,Dist. of Columbia,1635
1/15/2014,40575,10771,Florida,51346
1/15/2014,12165,1263,Georgia,13428
1/15/2014,3087,690,Idaho,3777
1/15/2014,13683,2190,Illinois,15873
1/15/2014,8005,1759,Indiana,9764
1/15/2014,5028,1625,Iowa,6653
1/15/2014,4093,440,Kansas,4533
1/15/2014,7541,957,Kentucky,8498
1/15/2014,7660,1994,Louisiana,9654
1/15/2014,1193,922,Maine,2115
1/15/2014,9703,1235,Maryland,10938
1/15/2014,9309,1186,Massachusetts,10495
1/15/2014,10698,1207,Michigan,11905
1/15/2014,7238,632,Minnesota,7870
1/15/2014,10075,871,Missouri,10946
1/15/2014,1110,507,Montana,1617
1/15/2014,4011,619,Nebraska,4630
1/15/2014,3147,525,New Hampshire,3672
1/15/2014,20422,2287,New Jersey,22709
1/15/2014,2706,660,New Mexico,3366
1/15/2014,36298,2607,New York,38905
1/15/2014,11121,4111,North Carolina,15232
1/15/2014,578,583,North Dakota,1161
1/15/2014,8894,2336,Ohio,11230
1/15/2014,3026,2298,Oklahoma,5324
1/15/2014,3501,856,Oregon,4357
1/15/2014,22426,6201,Pennsylvania,28627
1/15/2014,2538,633,Rhode Island,3171
1/15/2014,5337,3833,South Carolina,9170
1/15/2014,1289,376,South Dakota,1665
1/15/2014,6978,2700,Tennessee,9678
1/15/2014,18225,6206,Texas,24431
1/15/2014,593,361,Vermont,954
1/15/2014,115,175,Virgin Islands,290
1/15/2014,9991,1726,Virginia,11717
1/15/2014,5688,542,Washington,6230
1/15/2014,3623,528,West Virginia,4151
1/15/2014,6981,1340,Wisconsin,8321
1/11/2014,9278,1054,Arizona,10332
1/11/2014,1762,1103,Arkansas,2865
1/11/2014,40069,0,California,40069
1/11/2014,4208,3082,Colorado,7290
1/11/2014,4885,1858,Connecticut,6743
1/11/2014,2047,297,Delaware,2344
1/11/2014,1107,193,Dist. of Columbia,1300
1/11/2014,34898,8740,Florida,43638
1/11/2014,11033,1014,Georgia,12047
1/11/2014,2594,575,Idaho,3169
1/11/2014,11482,1664,Illinois,13146
1/11/2014,7721,1779,Indiana,9500
1/11/2014,3939,1370,Iowa,5309
1/11/2014,3795,424,Kansas,4219
1/11/2014,7041,893,Kentucky,7934
1/11/2014,7340,1849,Louisiana,9189
1/11/2014,991,770,Maine,1761
1/11/2014,8430,1041,Maryland,9471
1/11/2014,7672,822,Massachusetts,8494
1/11/2014,9506,1015,Michigan,10521
1/11/2014,6645,510,Minnesota,7155
1/11/2014,9196,694,Missouri,9890
1/11/2014,936,463,Montana,1399
1/11/2014,3337,579,Nebraska,3916
1/11/2014,2682,378,New Hampshire,3060
1/11/2014,16237,1784,New Jersey,18021
1/11/2014,2349,550,New Mexico,2899
1/11/2014,29360,2129,New York,31489
1/11/2014,9315,3454,North Carolina,12769
1/11/2014,538,469,North Dakota,1007
1/11/2014,7861,2144,Ohio,10005
1/11/2014,2585,2069,Oklahoma,4654
1/11/2014,3183,744,Oregon,3927
1/11/2014,17745,4575,Pennsylvania,22320
1/11/2014,2236,489,Rhode Island,2725
1/11/2014,4702,3380,South Carolina,8082
1/11/2014,1183,357,South Dakota,1540
1/11/2014,6405,2471,Tennessee,8876
1/11/2014,16781,5739,Texas,22520
1/11/2014,555,332,Vermont,887
1/11/2014,116,196,Virgin Islands,312
1/11/2014,8597,1374,Virginia,9971
1/11/2014,4283,415,Washington,4698
1/11/2014,3084,461,West Virginia,3545
1/11/2014,6234,1124,Wisconsin,7358
1/8/2014,9257,1065,Arizona,10322
1/8/2014,1510,1038,Arkansas,2548
1/8/2014,43609,0,California,43609
1/8/2014,3796,2766,Colorado,6562
1/8/2014,4504,1689,Connecticut,6193
1/8/2014,1834,288,Delaware,2122
1/8/2014,992,216,Dist. of Columbia,1208
1/8/2014,32191,8537,Florida,40728
1/8/2014,10151,1030,Georgia,11181
1/8/2014,2673,558,Idaho,3231
1/8/2014,9912,1645,Illinois,11557
1/8/2014,5659,1349,Indiana,7008
1/8/2014,3529,1262,Iowa,4791
1/8/2014,3383,379,Kansas,3762
1/8/2014,6358,818,Kentucky,7176
1/8/2014,6772,1672,Louisiana,8444
1/8/2014,883,773,Maine,1656
1/8/2014,7818,984,Maryland,8802
1/8/2014,7384,929,Massachusetts,8313
1/8/2014,7885,956,Michigan,8841
1/8/2014,5753,506,Minnesota,6259
1/8/2014,7642,617,Missouri,8259
1/8/2014,1019,452,Montana,1471
1/8/2014,3151,554,Nebraska,3705
1/8/2014,2564,371,New Hampshire,2935
1/8/2014,16396,1894,New Jersey,18290
1/8/2014,2384,588,New Mexico,2972
1/8/2014,27713,2180,New York,29893
1/8/2014,8295,3272,North Carolina,11567
1/8/2014,491,480,North Dakota,971
1/8/2014,6411,1812,Ohio,8223
1/8/2014,2393,1819,Oklahoma,4212
1/8/2014,3079,789,Oregon,3868
1/8/2014,16040,4549,Pennsylvania,20589
1/8/2014,2052,517,Rhode Island,2569
1/8/2014,4359,2973,South Carolina,7332
1/8/2014,1070,322,South Dakota,1392
1/8/2014,5549,2143,Tennessee,7692
1/8/2014,14644,5211,Texas,19855
1/8/2014,490,310,Vermont,800
1/8/2014,99,166,Virgin Islands,265
1/8/2014,7745,1464,Virginia,9209
1/8/2014,4670,475,Washington,5145
1/8/2014,2768,416,West Virginia,3184
1/8/2014,5807,1119,Wisconsin,6926
1/4/2014,10102,1249,Arizona,11351
1/4/2014,1906,1394,Arkansas,3300
1/4/2014,43080,0,California,43080
1/4/2014,3638,2987,Colorado,6625
1/4/2014,4450,1962,Connecticut,6412
1/4/2014,1897,307,Delaware,2204
1/4/2014,1198,211,Dist. of Columbia,1409
1/4/2014,37986,10217,Florida,48203
1/4/2014,12810,1354,Georgia,14164
1/4/2014,2964,611,Idaho,3575
1/4/2014,11752,1867,Illinois,13619
1/4/2014,8913,2038,Indiana,10951
1/4/2014,4162,1485,Iowa,5647
1/4/2014,3901,464,Kansas,4365
1/4/2014,8026,1036,Kentucky,9062
1/4/2014,8396,2094,Louisiana,10490
1/4/2014,995,838,Maine,1833
1/4/2014,8137,1028,Maryland,9165
1/4/2014,6484,834,Massachusetts,7318
1/4/2014,9740,1096,Michigan,10836
1/4/2014,6608,544,Minnesota,7152
1/4/2014,10290,830,Missouri,11120
1/4/2014,1062,508,Montana,1570
1/4/2014,3676,646,Nebraska,4322
1/4/2014,2621,392,New Hampshire,3013
1/4/2014,14770,1884,New Jersey,16654
1/4/2014,2553,713,New Mexico,3266
1/4/2014,27306,2187,New York,29493
1/4/2014,11010,4291,North Carolina,15301
1/4/2014,479,508,North Dakota,987
1/4/2014,7288,2157,Ohio,9445
1/4/2014,2975,2535,Oklahoma,5510
1/4/2014,2935,782,Oregon,3717
1/4/2014,16787,5137,Pennsylvania,21924
1/4/2014,2263,577,Rhode Island,2840
1/4/2014,5416,4085,South Carolina,9501
1/4/2014,1152,378,South Dakota,1530
1/4/2014,6963,2886,Tennessee,9849
1/4/2014,16312,6000,Texas,22312
1/4/2014,480,326,Vermont,806
1/4/2014,102,190,Virgin Islands,292
1/4/2014,8340,1568,Virginia,9908
1/4/2014,4343,517,Washington,4860
1/4/2014,3370,530,West Virginia,3900
1/4/2014,7232,1305,Wisconsin,8537
1/1/2014,10223,1261,Arizona,11484
1/1/2014,1602,1236,Arkansas,2838
1/1/2014,42335,0,California,42335
1/1/2014,3874,3021,Colorado,6895
1/1/2014,4401,1855,Connecticut,6256
1/1/2014,1934,287,Delaware,2221
1/1/2014,1052,196,Dist. of Columbia,1248
1/1/2014,33677,9163,Florida,42840
1/1/2014,11350,1181,Georgia,12531
1/1/2014,2992,693,Idaho,3685
1/1/2014,10259,1721,Illinois,11980
1/1/2014,7370,1685,Indiana,9055
1/1/2014,3405,1197,Iowa,4602
1/1/2014,3475,387,Kansas,3862
1/1/2014,7021,922,Kentucky,7943
1/1/2014,6833,1776,Louisiana,8609
1/1/2014,1066,900,Maine,1966
1/1/2014,7555,973,Maryland,8528
1/1/2014,7392,912,Massachusetts,8304
1/1/2014,8049,953,Michigan,9002
1/1/2014,5998,542,Minnesota,6540
1/1/2014,9529,767,Missouri,10296
1/1/2014,1078,526,Montana,1604
1/1/2014,3295,617,Nebraska,3912
1/1/2014,2810,390,New Hampshire,3200
1/1/2014,15395,1969,New Jersey,17364
1/1/2014,2439,631,New Mexico,3070
1/1/2014,26678,2236,New York,28914
1/1/2014,9280,3778,North Carolina,13058
1/1/2014,480,461,North Dakota,941
1/1/2014,6694,2023,Ohio,8717
1/1/2014,2513,1985,Oklahoma,4498
1/1/2014,2820,811,Oregon,3631
1/1/2014,16520,5158,Pennsylvania,21678
1/1/2014,2292,588,Rhode Island,2880
1/1/2014,4560,3373,South Carolina,7933
1/1/2014,1094,321,South Dakota,1415
1/1/2014,6056,2571,Tennessee,8627
1/1/2014,13415,5063,Texas,18478
1/1/2014,471,317,Vermont,788
1/1/2014,95,135,Virgin Islands,230
1/1/2014,7819,1435,Virginia,9254
1/1/2014,4525,466,Washington,4991
1/1/2014,3198,463,West Virginia,3661
1/1/2014,6260,1187,Wisconsin,7447
12/28/2013,8885,1119,Arizona,10004
12/28/2013,1748,1358,Arkansas,3106
12/28/2013,35884,0,California,35884
12/28/2013,3734,3081,Colorado,6815
12/28/2013,5148,1989,Connecticut,7137
12/28/2013,2127,317,Delaware,2444
12/28/2013,1040,178,Dist. of Columbia,1218
12/28/2013,41249,10886,Florida,52135
12/28/2013,10768,1131,Georgia,11899
12/28/2013,2625,586,Idaho,3211
12/28/2013,10345,1708,Illinois,12053
12/28/2013,7993,1750,Indiana,9743
12/28/2013,4110,1449,Iowa,5559
12/28/2013,3597,400,Kansas,3997
12/28/2013,6923,907,Kentucky,7830
12/28/2013,7123,1839,Louisiana,8962
12/28/2013,1188,954,Maine,2142
12/28/2013,8575,1097,Maryland,9672
12/28/2013,6949,838,Massachusetts,7787
12/28/2013,8388,987,Michigan,9375
12/28/2013,6099,554,Minnesota,6653
12/28/2013,8368,690,Missouri,9058
12/28/2013,942,508,Montana,1450
12/28/2013,3375,541,Nebraska,3916
12/28/2013,2924,412,New Hampshire,3336
12/28/2013,14364,1769,New Jersey,16133
12/28/2013,2163,620,New Mexico,2783
12/28/2013,25317,2062,New York,27379
12/28/2013,11014,4226,North Carolina,15240
12/28/2013,517,489,North Dakota,1006
12/28/2013,7414,2261,Ohio,9675
12/28/2013,2779,2291,Oklahoma,5070
12/28/2013,2415,671,Oregon,3086
12/28/2013,18593,5434,Pennsylvania,24027
12/28/2013,2277,588,Rhode Island,2865
12/28/2013,5505,3943,South Carolina,9448
12/28/2013,1172,363,South Dakota,1535
12/28/2013,7064,2829,Tennessee,9893
12/28/2013,15586,5465,Texas,21051
12/28/2013,521,353,Vermont,874
12/28/2013,81,157,Virgin Islands,238
12/28/2013,8743,1495,Virginia,10238
12/28/2013,3643,462,Washington,4105
12/28/2013,3474,500,West Virginia,3974
12/28/2013,6406,1191,Wisconsin,7597
12/25/2013,9815,1036,Arizona,10851
12/25/2013,1469,980,Arkansas,2449
12/25/2013,40982,0,California,40982
12/25/2013,4439,3034,Colorado,7473
12/25/2013,4892,1700,Connecticut,6592
12/25/2013,2003,268,Delaware,2271
12/25/2013,893,139,Dist. of Columbia,1032
12/25/2013,33466,8017,Florida,41483
12/25/2013,10335,959,Georgia,11294
12/25/2013,3495,576,Idaho,4071
12/25/2013,10743,1576,Illinois,12319
12/25/2013,7626,1567,Indiana,9193
12/25/2013,3772,1207,Iowa,4979
12/25/2013,3500,343,Kansas,3843
12/25/2013,6961,861,Kentucky,7822
12/25/2013,6486,1522,Louisiana,8008
12/25/2013,1337,882,Maine,2219
12/25/2013,7700,919,Maryland,8619
12/25/2013,6630,731,Massachusetts,7361
12/25/2013,7952,863,Michigan,8815
12/25/2013,6592,452,Minnesota,7044
12/25/2013,8367,638,Missouri,9005
12/25/2013,1078,474,Montana,1552
12/25/2013,3661,525,Nebraska,4186
12/25/2013,3103,376,New Hampshire,3479
12/25/2013,14861,1574,New Jersey,16435
12/25/2013,2199,546,New Mexico,2745
12/25/2013,24212,1855,New York,26067
12/25/2013,8927,3038,North Carolina,11965
12/25/2013,542,454,North Dakota,996
12/25/2013,6745,1783,Ohio,8528
12/25/2013,2491,1793,Oklahoma,4284
12/25/2013,3490,801,Oregon,4291
12/25/2013,17123,4382,Pennsylvania,21505
12/25/2013,2462,514,Rhode Island,2976
12/25/2013,4446,2855,South Carolina,7301
12/25/2013,1097,349,South Dakota,1446
12/25/2013,5806,2094,Tennessee,7900
12/25/2013,14147,4878,Texas,19025
12/25/2013,564,308,Vermont,872
12/25/2013,85,107,Virgin Islands,192
12/25/2013,8051,1254,Virginia,9305
12/25/2013,5114,495,Washington,5609
12/25/2013,3300,393,West Virginia,3693
12/25/2013,5866,962,Wisconsin,6828
12/21/2013,10513,1268,Arizona,11781
12/21/2013,1803,1442,Arkansas,3245
12/21/2013,45592,0,California,45592
12/21/2013,4060,3265,Colorado,7325
12/21/2013,5649,2238,Connecticut,7887
12/21/2013,2286,373,Delaware,2659
12/21/2013,1256,236,Dist. of Columbia,1492
12/21/2013,41835,11085,Florida,52920
12/21/2013,13628,1354,Georgia,14982
12/21/2013,2932,638,Idaho,3570
12/21/2013,12774,2032,Illinois,14806
12/21/2013,9228,2143,Indiana,11371
12/21/2013,4453,1606,Iowa,6059
12/21/2013,3969,447,Kansas,4416
12/21/2013,7962,1066,Kentucky,9028
12/21/2013,8742,2285,Louisiana,11027
12/21/2013,1410,1154,Maine,2564
12/21/2013,9559,1277,Maryland,10836
12/21/2013,8294,989,Massachusetts,9283
12/21/2013,10412,1253,Michigan,11665
12/21/2013,7125,685,Minnesota,7810
12/21/2013,9589,757,Missouri,10346
12/21/2013,1131,544,Montana,1675
12/21/2013,3780,642,Nebraska,4422
12/21/2013,3189,516,New Hampshire,3705
12/21/2013,17708,2053,New Jersey,19761
12/21/2013,2614,724,New Mexico,3338
12/21/2013,32430,2636,New York,35066
12/21/2013,11473,4460,North Carolina,15933
12/21/2013,530,519,North Dakota,1049
12/21/2013,8243,2359,Ohio,10602
12/21/2013,2734,2338,Oklahoma,5072
12/21/2013,3027,867,Oregon,3894
12/21/2013,19768,5792,Pennsylvania,25560
12/21/2013,2692,703,Rhode Island,3395
12/21/2013,5695,4207,South Carolina,9902
12/21/2013,1223,360,South Dakota,1583
12/21/2013,7247,2960,Tennessee,10207
12/21/2013,16307,5938,Texas,22245
12/21/2013,556,346,Vermont,902
12/21/2013,117,260,Virgin Islands,377
12/21/2013,9632,1758,Virginia,11390
12/21/2013,4688,521,Washington,5209
12/21/2013,3679,493,West Virginia,4172
12/21/2013,7297,1343,Wisconsin,8640
12/18/2013,13125,1195,Arizona,14320
12/18/2013,1988,1531,Arkansas,3519
12/18/2013,53445,0,California,53445
12/18/2013,4640,3703,Colorado,8343
12/18/2013,5339,1937,Connecticut,7276
12/18/2013,2453,306,Delaware,2759
12/18/2013,1512,245,Dist. of Columbia,1757
12/18/2013,38555,9118,Florida,47673
12/18/2013,14433,1171,Georgia,15604
12/18/2013,3225,597,Idaho,3822
12/18/2013,13948,2076,Illinois,16024
12/18/2013,9685,1770,Indiana,11455
12/18/2013,4519,1512,Iowa,6031
12/18/2013,4871,451,Kansas,5322
12/18/2013,8805,960,Kentucky,9765
12/18/2013,9956,2131,Louisiana,12087
12/18/2013,1320,1045,Maine,2365
12/18/2013,10508,1174,Maryland,11682
12/18/2013,7195,806,Massachusetts,8001
12/18/2013,11530,1179,Michigan,12709
12/18/2013,7878,543,Minnesota,8421
12/18/2013,10787,743,Missouri,11530
12/18/2013,1398,622,Montana,2020
12/18/2013,3711,580,Nebraska,4291
12/18/2013,2653,390,New Hampshire,3043
12/18/2013,17980,1879,New Jersey,19859
12/18/2013,3033,676,New Mexico,3709
12/18/2013,31116,2288,New York,33404
12/18/2013,10773,3476,North Carolina,14249
12/18/2013,864,692,North Dakota,1556
12/18/2013,8861,2354,Ohio,11215
12/18/2013,3175,2531,Oklahoma,5706
12/18/2013,3763,869,Oregon,4632
12/18/2013,17995,5115,Pennsylvania,23110
12/18/2013,2288,504,Rhode Island,2792
12/18/2013,5497,3591,South Carolina,9088
12/18/2013,1514,406,South Dakota,1920
12/18/2013,7588,2861,Tennessee,10449
12/18/2013,19047,6119,Texas,25166
12/18/2013,551,328,Vermont,879
12/18/2013,126,243,Virgin Islands,369
12/18/2013,10560,1821,Virginia,12381
12/18/2013,6871,497,Washington,7368
12/18/2013,3706,492,West Virginia,4198
12/18/2013,7410,1135,Wisconsin,8545
12/14/2013,13169,1198,Arizona,14367
12/14/2013,1956,1594,Arkansas,3550
12/14/2013,48017,0,California,48017
12/14/2013,4523,3719,Colorado,8242
12/14/2013,6034,2007,Connecticut,8041
12/14/2013,2558,325,Delaware,2883
12/14/2013,1491,224,Dist. of Columbia,1715
12/14/2013,41784,9732,Florida,51516
12/14/2013,14983,1218,Georgia,16201
12/14/2013,3124,609,Idaho,3733
12/14/2013,13519,1974,Illinois,15493
12/14/2013,10750,2042,Indiana,12792
12/14/2013,4611,1573,Iowa,6184
12/14/2013,4889,415,Kansas,5304
12/14/2013,8916,950,Kentucky,9866
12/14/2013,10446,2219,Louisiana,12665
12/14/2013,1596,1186,Maine,2782
12/14/2013,10736,1106,Maryland,11842
12/14/2013,8838,849,Massachusetts,9687
12/14/2013,11527,1087,Michigan,12614
12/14/2013,7989,608,Minnesota,8597
12/14/2013,10623,701,Missouri,11324
12/14/2013,1243,547,Montana,1790
12/14/2013,3544,588,Nebraska,4132
12/14/2013,3372,411,New Hampshire,3783
12/14/2013,18128,1944,New Jersey,20072
12/14/2013,3332,691,New Mexico,4023
12/14/2013,31564,2198,New York,33762
12/14/2013,11850,4074,North Carolina,15924
12/14/2013,775,647,North Dakota,1422
12/14/2013,9556,2456,Ohio,12012
12/14/2013,3179,2510,Oklahoma,5689
12/14/2013,3356,804,Oregon,4160
12/14/2013,19742,5233,Pennsylvania,24975
12/14/2013,2928,637,Rhode Island,3565
12/14/2013,5934,4067,South Carolina,10001
12/14/2013,1423,468,South Dakota,1891
12/14/2013,8273,3100,Tennessee,11373
12/14/2013,20344,6642,Texas,26986
12/14/2013,565,375,Vermont,940
12/14/2013,114,283,Virgin Islands,397
12/14/2013,10377,1821,Virginia,12198
12/14/2013,5779,520,Washington,6299
12/14/2013,4052,506,West Virginia,4558
12/14/2013,7816,1270,Wisconsin,9086
12/11/2013,15132,1535,Arizona,16667
12/11/2013,2038,1576,Arkansas,3614
12/11/2013,58074,0,California,58074
12/11/2013,5561,4202,Colorado,9763
12/11/2013,7341,2763,Connecticut,10104
12/11/2013,2634,407,Delaware,3041
12/11/2013,1482,264,Dist. of Columbia,1746
12/11/2013,47025,12295,Florida,59320
12/11/2013,17047,1577,Georgia,18624
12/11/2013,3494,703,Idaho,4197
12/11/2013,17997,2514,Illinois,20511
12/11/2013,12188,2400,Indiana,14588
12/11/2013,5414,1707,Iowa,7121
12/11/2013,4760,524,Kansas,5284
12/11/2013,9643,1220,Kentucky,10863
12/11/2013,10354,2558,Louisiana,12912
12/11/2013,1627,1162,Maine,2789
12/11/2013,11392,1384,Maryland,12776
12/11/2013,11176,1265,Massachusetts,12441
12/11/2013,15806,1543,Michigan,17349
12/11/2013,9426,709,Minnesota,10135
12/11/2013,11819,930,Missouri,12749
12/11/2013,1212,571,Montana,1783
12/11/2013,4523,668,Nebraska,5191
12/11/2013,3807,601,New Hampshire,4408
12/11/2013,26192,2865,New Jersey,29057
12/11/2013,3315,815,New Mexico,4130
12/11/2013,47141,3300,New York,50441
12/11/2013,12900,4587,North Carolina,17487
12/11/2013,741,641,North Dakota,1382
12/11/2013,11489,2936,Ohio,14425
12/11/2013,3745,2835,Oklahoma,6580
12/11/2013,4323,956,Oregon,5279
12/11/2013,26033,7311,Pennsylvania,33344
12/11/2013,3202,695,Rhode Island,3897
12/11/2013,6540,4537,South Carolina,11077
12/11/2013,1627,469,South Dakota,2096
12/11/2013,8471,3162,Tennessee,11633
12/11/2013,23552,7806,Texas,31358
12/11/2013,661,439,Vermont,1100
12/11/2013,119,252,Virgin Islands,371
12/11/2013,11534,2021,Virginia,13555
12/11/2013,6261,590,Washington,6851
12/11/2013,4400,641,West Virginia,5041
12/11/2013,8729,1536,Wisconsin,10265
12/7/2013,13931,1398,Arizona,15329
12/7/2013,1672,1377,Arkansas,3049
12/7/2013,53578,0,California,53578
12/7/2013,5027,3962,Colorado,8989
12/7/2013,7058,2806,Connecticut,9864
12/7/2013,2904,423,Delaware,3327
12/7/2013,1562,286,Dist. of Columbia,1848
12/7/2013,52982,14011,Florida,66993
12/7/2013,17443,1607,Georgia,19050
12/7/2013,3470,776,Idaho,4246
12/7/2013,16351,2436,Illinois,18787
12/7/2013,10940,2287,Indiana,13227
12/7/2013,5544,2217,Iowa,7761
12/7/2013,4520,474,Kansas,4994
12/7/2013,9142,1158,Kentucky,10300
12/7/2013,10349,2470,Louisiana,12819
12/7/2013,1489,1186,Maine,2675
12/7/2013,12838,1533,Maryland,14371
12/7/2013,9910,1067,Massachusetts,10977
12/7/2013,14043,1481,Michigan,15524
12/7/2013,8633,769,Minnesota,9402
12/7/2013,10517,855,Missouri,11372
12/7/2013,1277,561,Montana,1838
12/7/2013,4433,729,Nebraska,5162
12/7/2013,3774,573,New Hampshire,4347
12/7/2013,23377,2546,New Jersey,25923
12/7/2013,3224,904,New Mexico,4128
12/7/2013,43832,3049,New York,46881
12/7/2013,14370,5232,North Carolina,19602
12/7/2013,603,611,North Dakota,1214
12/7/2013,10922,3003,Ohio,13925
12/7/2013,2989,2484,Oklahoma,5473
12/7/2013,3639,965,Oregon,4604
12/7/2013,26530,7589,Pennsylvania,34119
12/7/2013,3274,803,Rhode Island,4077
12/7/2013,6929,4984,South Carolina,11913
12/7/2013,1466,457,South Dakota,1923
12/7/2013,8820,3409,Tennessee,12229
12/7/2013,20361,6852,Texas,27213
12/7/2013,630,477,Vermont,1107
12/7/2013,107,231,Virgin Islands,338
12/7/2013,12271,2264,Virginia,14535
12/7/2013,5426,579,Washington,6005
12/7/2013,4759,662,West Virginia,5421
12/7/2013,8709,1508,Wisconsin,10217
12/4/2013,10899,1201,Arizona,12100
12/4/2013,1771,1412,Arkansas,3183
12/4/2013,45587,0,California,45587
12/4/2013,4057,3024,Colorado,7081
12/4/2013,5718,2416,Connecticut,8134
12/4/2013,2371,339,Delaware,2710
12/4/2013,1366,251,Dist. of Columbia,1617
12/4/2013,40123,10529,Florida,50652
12/4/2013,13239,1285,Georgia,14524
12/4/2013,2890,635,Idaho,3525
12/4/2013,13355,2174,Illinois,15529
12/4/2013,9599,1914,Indiana,11513
12/4/2013,4622,1555,Iowa,6177
12/4/2013,3959,456,Kansas,4415
12/4/2013,8078,1070,Kentucky,9148
12/4/2013,8384,2230,Louisiana,10614
12/4/2013,1490,1038,Maine,2528
12/4/2013,9747,1280,Maryland,11027
12/4/2013,8528,1012,Massachusetts,9540
12/4/2013,11303,1348,Michigan,12651
12/4/2013,6894,577,Minnesota,7471
12/4/2013,9922,888,Missouri,10810
12/4/2013,1119,468,Montana,1587
12/4/2013,3757,657,Nebraska,4414
12/4/2013,3209,495,New Hampshire,3704
12/4/2013,19904,2359,New Jersey,22263
12/4/2013,2721,657,New Mexico,3378
12/4/2013,34819,2727,New York,37546
12/4/2013,10901,4301,North Carolina,15202
12/4/2013,520,527,North Dakota,1047
12/4/2013,8778,2654,Ohio,11432
12/4/2013,2872,2391,Oklahoma,5263
12/4/2013,3004,888,Oregon,3892
12/4/2013,20557,6092,Pennsylvania,26649
12/4/2013,2679,675,Rhode Island,3354
12/4/2013,5507,4088,South Carolina,9595
12/4/2013,1273,343,South Dakota,1616
12/4/2013,7130,2832,Tennessee,9962
12/4/2013,17597,6189,Texas,23786
12/4/2013,515,379,Vermont,894
12/4/2013,94,189,Virgin Islands,283
12/4/2013,9689,1887,Virginia,11576
12/4/2013,4735,425,Washington,5160
12/4/2013,4027,538,West Virginia,4565
12/4/2013,6962,1380,Wisconsin,8342
11/30/2013,10440,1300,Arizona,11740
11/30/2013,1628,1262,Arkansas,2890
11/30/2013,36327,0,California,36327
11/30/2013,3973,3163,Colorado,7136
11/30/2013,5232,2270,Connecticut,7502
11/30/2013,2227,361,Delaware,2588
11/30/2013,988,202,Dist. of Columbia,1190
11/30/2013,37974,10343,Florida,48317
11/30/2013,12519,1322,Georgia,13841
11/30/2013,3013,693,Idaho,3706
11/30/2013,11890,1939,Illinois,13829
11/30/2013,10244,2167,Indiana,12411
11/30/2013,4309,1487,Iowa,5796
11/30/2013,4027,473,Kansas,4500
11/30/2013,7818,1033,Kentucky,8851
11/30/2013,8576,2256,Louisiana,10832
11/30/2013,1167,1054,Maine,2221
11/30/2013,8614,1174,Maryland,9788
11/30/2013,7906,951,Massachusetts,8857
11/30/2013,10103,1233,Michigan,11336
11/30/2013,7078,639,Minnesota,7717
11/30/2013,9326,814,Missouri,10140
11/30/2013,1072,515,Montana,1587
11/30/2013,3395,620,Nebraska,4015
11/30/2013,3058,533,New Hampshire,3591
11/30/2013,16549,2111,New Jersey,18660
11/30/2013,2490,660,New Mexico,3150
11/30/2013,28922,2350,New York,31272
11/30/2013,10165,4127,North Carolina,14292
11/30/2013,560,555,North Dakota,1115
11/30/2013,8088,2541,Ohio,10629
11/30/2013,2633,2242,Oklahoma,4875
11/30/2013,2763,812,Oregon,3575
11/30/2013,18311,5776,Pennsylvania,24087
11/30/2013,2729,683,Rhode Island,3412
11/30/2013,5220,3891,South Carolina,9111
11/30/2013,1292,358,South Dakota,1650
11/30/2013,6575,2685,Tennessee,9260
11/30/2013,16701,6408,Texas,23109
11/30/2013,576,363,Vermont,939
11/30/2013,98,226,Virgin Islands,324
11/30/2013,8876,1794,Virginia,10670
11/30/2013,3895,551,Washington,4446
11/30/2013,3594,539,West Virginia,4133
11/30/2013,7349,1379,Wisconsin,8728
11/27/2013,10523,1238,Arizona,11761
11/27/2013,1727,1319,Arkansas,3046
11/27/2013,44967,0,California,44967
11/27/2013,4084,3379,Colorado,7463
11/27/2013,5602,2287,Connecticut,7889
11/27/2013,2210,347,Delaware,2557
11/27/2013,1140,245,Dist. of Columbia,1385
11/27/2013,41526,11663,Florida,53189
11/27/2013,11917,1209,Georgia,13126
11/27/2013,3172,694,Idaho,3866
11/27/2013,11915,1955,Illinois,13870
11/27/2013,8444,1933,Indiana,10377
11/27/2013,4346,1603,Iowa,5949
11/27/2013,3872,459,Kansas,4331
11/27/2013,7412,970,Kentucky,8382
11/27/2013,7536,1969,Louisiana,9505
11/27/2013,1068,909,Maine,1977
11/27/2013,9067,1158,Maryland,10225
11/27/2013,8155,951,Massachusetts,9106
11/27/2013,10432,1278,Michigan,11710
11/27/2013,7298,677,Minnesota,7975
11/27/2013,9428,829,Missouri,10257
11/27/2013,1204,549,Montana,1753
11/27/2013,3642,646,Nebraska,4288
11/27/2013,2978,475,New Hampshire,3453
11/27/2013,18203,2096,New Jersey,20299
11/27/2013,2498,668,New Mexico,3166
11/27/2013,30844,2452,New York,33296
11/27/2013,10216,4005,North Carolina,14221
11/27/2013,535,540,North Dakota,1075
11/27/2013,8410,2434,Ohio,10844
11/27/2013,2694,2284,Oklahoma,4978
11/27/2013,2851,770,Oregon,3621
11/27/2013,19132,5618,Pennsylvania,24750
11/27/2013,2535,667,Rhode Island,3202
11/27/2013,5054,3731,South Carolina,8785
11/27/2013,1319,417,South Dakota,1736
11/27/2013,6730,2808,Tennessee,9538
11/27/2013,15760,5982,Texas,21742
11/27/2013,511,351,Vermont,862
11/27/2013,111,190,Virgin Islands,301
11/27/2013,8760,1742,Virginia,10502
11/27/2013,4412,545,Washington,4957
11/27/2013,3420,525,West Virginia,3945
11/27/2013,7136,1252,Wisconsin,8388
11/23/2013,10025,1167,Arizona,11192
11/23/2013,1746,1321,Arkansas,3067
11/23/2013,45828,0,California,45828
11/23/2013,3758,3170,Colorado,6928
11/23/2013,5567,2179,Connecticut,7746
11/23/2013,2416,369,Delaware,2785
11/23/2013,1237,247,Dist. of Columbia,1484
11/23/2013,42253,11165,Florida,53418
11/23/2013,12780,1271,Georgia,14051
11/23/2013,3023,676,Idaho,3699
11/23/2013,11979,1895,Illinois,13874
11/23/2013,9415,2030,Indiana,11445
11/23/2013,4272,1577,Iowa,5849
11/23/2013,3794,446,Kansas,4240
11/23/2013,7886,968,Kentucky,8854
11/23/2013,8582,2262,Louisiana,10844
11/23/2013,1185,994,Maine,2179
11/23/2013,9655,1297,Maryland,10952
11/23/2013,8505,976,Massachusetts,9481
11/23/2013,10509,1226,Michigan,11735
11/23/2013,6973,652,Minnesota,7625
11/23/2013,9241,749,Missouri,9990
11/23/2013,1084,536,Montana,1620
11/23/2013,3434,602,Nebraska,4036
11/23/2013,3136,483,New Hampshire,3619
11/23/2013,17479,2110,New Jersey,19589
11/23/2013,2503,664,New Mexico,3167
11/23/2013,32841,2470,New York,35311
11/23/2013,11096,4244,North Carolina,15340
11/23/2013,589,561,North Dakota,1150
11/23/2013,8542,2551,Ohio,11093
11/23/2013,2698,2350,Oklahoma,5048
11/23/2013,2680,798,Oregon,3478
11/23/2013,19344,5729,Pennsylvania,25073
11/23/2013,2891,658,Rhode Island,3549
11/23/2013,5501,4195,South Carolina,9696
11/23/2013,1234,348,South Dakota,1582
11/23/2013,7164,2928,Tennessee,10092
11/23/2013,16451,5996,Texas,22447
11/23/2013,547,358,Vermont,905
11/23/2013,104,218,Virgin Islands,322
11/23/2013,9378,1829,Virginia,11207
11/23/2013,3871,455,Washington,4326
11/23/2013,3882,499,West Virginia,4381
11/23/2013,7040,1242,Wisconsin,8282
11/20/2013,10677,1276,Arizona,11953
11/20/2013,1759,1409,Arkansas,3168
11/20/2013,47904,0,California,47904
11/20/2013,3965,3326,Colorado,7291
11/20/2013,5310,2079,Connecticut,7389
11/20/2013,2137,335,Delaware,2472
11/20/2013,1388,253,Dist. of Columbia,1641
11/20/2013,39333,10943,Florida,50276
11/20/2013,11604,1255,Georgia,12859
11/20/2013,3275,702,Idaho,3977
11/20/2013,11933,1856,Illinois,13789
11/20/2013,8024,1954,Indiana,9978
11/20/2013,4134,1481,Iowa,5615
11/20/2013,3821,385,Kansas,4206
11/20/2013,7476,1024,Kentucky,8500
11/20/2013,8208,2264,Louisiana,10472
11/20/2013,1108,914,Maine,2022
11/20/2013,8773,1181,Maryland,9954
11/20/2013,8603,1123,Massachusetts,9726
11/20/2013,10181,1293,Michigan,11474
11/20/2013,6965,667,Minnesota,7632
11/20/2013,9178,760,Missouri,9938
11/20/2013,1175,568,Montana,1743
11/20/2013,3893,653,Nebraska,4546
11/20/2013,3159,545,New Hampshire,3704
11/20/2013,17453,2104,New Jersey,19557
11/20/2013,2603,701,New Mexico,3304
11/20/2013,30502,2591,New York,33093
11/20/2013,10689,4252,North Carolina,14941
11/20/2013,586,565,North Dakota,1151
11/20/2013,7927,2403,Ohio,10330
11/20/2013,2716,2528,Oklahoma,5244
11/20/2013,2629,832,Oregon,3461
11/20/2013,18685,5827,Pennsylvania,24512
11/20/2013,2544,651,Rhode Island,3195
11/20/2013,5154,4075,South Carolina,9229
11/20/2013,1268,384,South Dakota,1652
11/20/2013,6765,2888,Tennessee,9653
11/20/2013,15879,5957,Texas,21836
11/20/2013,548,339,Vermont,887
11/20/2013,122,231,Virgin Islands,353
11/20/2013,8618,1811,Virginia,10429
11/20/2013,4081,460,Washington,4541
11/20/2013,3668,532,West Virginia,4200
11/20/2013,7008,1300,Wisconsin,8308
11/16/2013,13483,1314,Arizona,14797
11/16/2013,2362,1777,Arkansas,4139
11/16/2013,64299,0,California,64299
11/16/2013,5917,4282,Colorado,10199
11/16/2013,7536,2630,Connecticut,10166
11/16/2013,3286,470,Delaware,3756
11/16/2013,1591,249,Dist. of Columbia,1840
11/16/2013,54264,13209,Florida,67473
11/16/2013,17220,1586,Georgia,18806
11/16/2013,3910,813,Idaho,4723
11/16/2013,17968,2500,Illinois,20468
11/16/2013,12865,2534,Indiana,15399
11/16/2013,5903,1984,Iowa,7887
11/16/2013,5220,586,Kansas,5806
11/16/2013,10084,1166,Kentucky,11250
11/16/2013,11142,2706,Louisiana,13848
11/16/2013,1460,1094,Maine,2554
11/16/2013,12553,1498,Maryland,14051
11/16/2013,12047,1265,Massachusetts,13312
11/16/2013,15225,1494,Michigan,16719
11/16/2013,10319,803,Minnesota,11122
11/16/2013,12327,909,Missouri,13236
11/16/2013,1357,569,Montana,1926
11/16/2013,4765,719,Nebraska,5484
11/16/2013,4126,521,New Hampshire,4647
11/16/2013,25651,2563,New Jersey,28214
11/16/2013,3611,852,New Mexico,4463
11/16/2013,48984,3169,New York,52153
11/16/2013,14379,5083,North Carolina,19462
11/16/2013,695,657,North Dakota,1352
11/16/2013,12486,2968,Ohio,15454
11/16/2013,4093,3193,Oklahoma,7286
11/16/2013,4392,1129,Oregon,5521
11/16/2013,30644,8072,Pennsylvania,38716
11/16/2013,3660,840,Rhode Island,4500
11/16/2013,7022,4920,South Carolina,11942
11/16/2013,1703,475,South Dakota,2178
11/16/2013,9282,3588,Tennessee,12870
11/16/2013,24660,7988,Texas,32648
11/16/2013,694,422,Vermont,1116
11/16/2013,138,259,Virgin Islands,397
11/16/2013,12737,2260,Virginia,14997
11/16/2013,5825,556,Washington,6381
11/16/2013,4710,635,West Virginia,5345
11/16/2013,9699,1617,Wisconsin,11316
11/13/2013,12459,1357,Arizona,13816
11/13/2013,1964,1447,Arkansas,3411
11/13/2013,61246,0,California,61246
11/13/2013,5365,3747,Colorado,9112
11/13/2013,6438,2356,Connecticut,8794
11/13/2013,2597,382,Delaware,2979
11/13/2013,1453,261,Dist. of Columbia,1714
11/13/2013,43717,11460,Florida,55177
11/13/2013,14302,1308,Georgia,15610
11/13/2013,3741,804,Idaho,4545
11/13/2013,15405,2140,Illinois,17545
11/13/2013,9661,2149,Indiana,11810
11/13/2013,5149,1687,Iowa,6836
11/13/2013,4514,493,Kansas,5007
11/13/2013,8431,1105,Kentucky,9536
11/13/2013,9310,2345,Louisiana,11655
11/13/2013,1167,928,Maine,2095
11/13/2013,10109,1324,Maryland,11433
11/13/2013,11424,1139,Massachusetts,12563
11/13/2013,12705,1372,Michigan,14077
11/13/2013,9389,664,Minnesota,10053
11/13/2013,11179,857,Missouri,12036
11/13/2013,1273,575,Montana,1848
11/13/2013,4467,714,Nebraska,5181
11/13/2013,3515,495,New Hampshire,4010
11/13/2013,22717,2346,New Jersey,25063
11/13/2013,3223,806,New Mexico,4029
11/13/2013,40756,2912,New York,43668
11/13/2013,11944,4443,North Carolina,16387
11/13/2013,696,576,North Dakota,1272
11/13/2013,9697,2510,Ohio,12207
11/13/2013,3532,2832,Oklahoma,6364
11/13/2013,3959,982,Oregon,4941
11/13/2013,25673,6720,Pennsylvania,32393
11/13/2013,2921,679,Rhode Island,3600
11/13/2013,5821,4276,South Carolina,10097
11/13/2013,1541,447,South Dakota,1988
11/13/2013,7843,2976,Tennessee,10819
11/13/2013,20128,6890,Texas,27018
11/13/2013,596,367,Vermont,963
11/13/2013,135,201,Virgin Islands,336
11/13/2013,10584,1877,Virginia,12461
11/13/2013,5951,607,Washington,6558
11/13/2013,3825,519,West Virginia,4344
11/13/2013,8830,1483,Wisconsin,10313
11/9/2013,11056,1227,Arizona,12283
11/9/2013,1869,1449,Arkansas,3318
11/9/2013,48632,0,California,48632
11/9/2013,4541,3405,Colorado,7946
11/9/2013,6011,2238,Connecticut,8249
11/9/2013,2444,338,Delaware,2782
11/9/2013,1294,209,Dist. of Columbia,1503
11/9/2013,40764,10128,Florida,50892
11/9/2013,13493,1251,Georgia,14744
11/9/2013,3394,712,Idaho,4106
11/9/2013,13232,1923,Illinois,15155
11/9/2013,10009,2008,Indiana,12017
11/9/2013,4615,1627,Iowa,6242
11/9/2013,4238,488,Kansas,4726
11/9/2013,8335,1045,Kentucky,9380
11/9/2013,9131,2266,Louisiana,11397
11/9/2013,1276,1046,Maine,2322
11/9/2013,9550,1199,Maryland,10749
11/9/2013,8877,924,Massachusetts,9801
11/9/2013,11224,1144,Michigan,12368
11/9/2013,8122,674,Minnesota,8796
11/9/2013,10222,746,Missouri,10968
11/9/2013,1144,544,Montana,1688
11/9/2013,4025,676,Nebraska,4701
11/9/2013,3354,469,New Hampshire,3823
11/9/2013,18639,2048,New Jersey,20687
11/9/2013,2840,695,New Mexico,3535
11/9/2013,34485,2439,New York,36924
11/9/2013,11180,4132,North Carolina,15312
11/9/2013,565,553,North Dakota,1118
11/9/2013,9049,2514,Ohio,11563
11/9/2013,3099,2474,Oklahoma,5573
11/9/2013,3199,824,Oregon,4023
11/9/2013,21597,6159,Pennsylvania,27756
11/9/2013,2714,708,Rhode Island,3422
11/9/2013,5687,4062,South Carolina,9749
11/9/2013,1344,374,South Dakota,1718
11/9/2013,7588,2873,Tennessee,10461
11/9/2013,18558,6435,Texas,24993
11/9/2013,590,400,Vermont,990
11/9/2013,116,189,Virgin Islands,305
11/9/2013,9766,1743,Virginia,11509
11/9/2013,4720,460,Washington,5180
11/9/2013,3868,525,West Virginia,4393
11/9/2013,7984,1316,Wisconsin,9300
11/6/2013,10729,1225,Arizona,11954
11/6/2013,1684,1258,Arkansas,2942
11/6/2013,53814,0,California,53814
11/6/2013,3997,3223,Colorado,7220
11/6/2013,5697,2224,Connecticut,7921
11/6/2013,2264,369,Delaware,2633
11/6/2013,1389,246,Dist. of Columbia,1635
11/6/2013,38346,10662,Florida,49008
11/6/2013,12633,1296,Georgia,13929
11/6/2013,3393,732,Idaho,4125
11/6/2013,13491,2059,Illinois,15550
11/6/2013,9119,2005,Indiana,11124
11/6/2013,4377,1609,Iowa,5986
11/6/2013,4135,456,Kansas,4591
11/6/2013,7965,1063,Kentucky,9028
11/6/2013,8492,2225,Louisiana,10717
11/6/2013,1202,913,Maine,2115
11/6/2013,8983,1155,Maryland,10138
11/6/2013,8949,1178,Massachusetts,10127
11/6/2013,10689,1335,Michigan,12024
11/6/2013,7742,708,Minnesota,8450
11/6/2013,10020,784,Missouri,10804
11/6/2013,1193,569,Montana,1762
11/6/2013,3866,685,Nebraska,4551
11/6/2013,3075,474,New Hampshire,3549
11/6/2013,19766,2319,New Jersey,22085
11/6/2013,2549,674,New Mexico,3223
11/6/2013,33935,2836,New York,36771
11/6/2013,10195,3871,North Carolina,14066
11/6/2013,585,589,North Dakota,1174
11/6/2013,8553,2451,Ohio,11004
11/6/2013,2869,2261,Oklahoma,5130
11/6/2013,3143,842,Oregon,3985
11/6/2013,19433,5962,Pennsylvania,25395
11/6/2013,2680,643,Rhode Island,3323
11/6/2013,5012,3622,South Carolina,8634
11/6/2013,1287,376,South Dakota,1663
11/6/2013,6655,2800,Tennessee,9455
11/6/2013,16387,5975,Texas,22362
11/6/2013,591,342,Vermont,933
11/6/2013,110,198,Virgin Islands,308
11/6/2013,9251,1845,Virginia,11096
11/6/2013,4859,539,Washington,5398
11/6/2013,3614,535,West Virginia,4149
11/6/2013,7563,1486,Wisconsin,9049
11/2/2013,11642,1281,Arizona,12923
11/2/2013,2059,1697,Arkansas,3756
11/2/2013,53898,0,California,53898
11/2/2013,4419,3731,Colorado,8150
11/2/2013,6388,2540,Connecticut,8928
11/2/2013,2655,388,Delaware,3043
11/2/2013,1378,253,Dist. of Columbia,1631
11/2/2013,50623,13485,Florida,64108
11/2/2013,14701,1444,Georgia,16145
11/2/2013,3566,822,Idaho,4388
11/2/2013,13619,2086,Illinois,15705
11/2/2013,10045,2322,Indiana,12367
11/2/2013,4955,1827,Iowa,6782
11/2/2013,4334,512,Kansas,4846
11/2/2013,8972,1172,Kentucky,10144
11/2/2013,9296,2424,Louisiana,11720
11/2/2013,1369,1200,Maine,2569
11/2/2013,10314,1418,Maryland,11732
11/2/2013,9192,1157,Massachusetts,10349
11/2/2013,11195,1277,Michigan,12472
11/2/2013,8196,756,Minnesota,8952
11/2/2013,11040,910,Missouri,11950
11/2/2013,1358,601,Montana,1959
11/2/2013,4021,725,Nebraska,4746
11/2/2013,3574,528,New Hampshire,4102
11/2/2013,19075,2270,New Jersey,21345
11/2/2013,3018,774,New Mexico,3792
11/2/2013,34901,2610,New York,37511
11/2/2013,12936,4876,North Carolina,17812
11/2/2013,651,638,North Dakota,1289
11/2/2013,9547,2752,Ohio,12299
11/2/2013,3402,2917,Oklahoma,6319
11/2/2013,3058,899,Oregon,3957
11/2/2013,22878,6859,Pennsylvania,29737
11/2/2013,3038,733,Rhode Island,3771
11/2/2013,6249,4686,South Carolina,10935
11/2/2013,1408,457,South Dakota,1865
11/2/2013,8610,3541,Tennessee,12151
11/2/2013,19425,6650,Texas,26075
11/2/2013,635,477,Vermont,1112
11/2/2013,109,215,Virgin Islands,324
11/2/2013,10911,2035,Virginia,12946
11/2/2013,4788,578,Washington,5366
11/2/2013,4300,641,West Virginia,4941
11/2/2013,8280,1483,Wisconsin,9763
10/30/2013,9549,1066,Arizona,10615
10/30/2013,1748,1270,Arkansas,3018
10/30/2013,48296,0,California,48296
10/30/2013,3824,3023,Colorado,6847
10/30/2013,5202,2035,Connecticut,7237
10/30/2013,2183,311,Delaware,2494
10/30/2013,1278,211,Dist. of Columbia,1489
10/30/2013,37957,9979,Florida,47936
10/30/2013,11282,1169,Georgia,12451
10/30/2013,3135,700,Idaho,3835
10/30/2013,11682,1845,Illinois,13527
10/30/2013,8223,1783,Indiana,10006
10/30/2013,4098,1448,Iowa,5546
10/30/2013,3648,469,Kansas,4117
10/30/2013,7260,949,Kentucky,8209
10/30/2013,7779,2030,Louisiana,9809
10/30/2013,1078,893,Maine,1971
10/30/2013,8643,1167,Maryland,9810
10/30/2013,8098,996,Massachusetts,9094
10/30/2013,9632,1100,Michigan,10732
10/30/2013,7048,641,Minnesota,7689
10/30/2013,8876,760,Missouri,9636
10/30/2013,1079,544,Montana,1623
10/30/2013,3530,623,Nebraska,4153
10/30/2013,2891,442,New Hampshire,3333
10/30/2013,17021,1881,New Jersey,18902
10/30/2013,2428,560,New Mexico,2988
10/30/2013,29689,2424,New York,32113
10/30/2013,10058,3850,North Carolina,13908
10/30/2013,536,546,North Dakota,1082
10/30/2013,7925,2334,Ohio,10259
10/30/2013,2686,2267,Oklahoma,4953
10/30/2013,2728,769,Oregon,3497
10/30/2013,18225,5455,Pennsylvania,23680
10/30/2013,2575,619,Rhode Island,3194
10/30/2013,4997,3714,South Carolina,8711
10/30/2013,1228,400,South Dakota,1628
10/30/2013,6508,2733,Tennessee,9241
10/30/2013,15058,5619,Texas,20677
10/30/2013,481,294,Vermont,775
10/30/2013,103,190,Virgin Islands,293
10/30/2013,8904,1661,Virginia,10565
10/30/2013,3921,468,Washington,4389
10/30/2013,3552,467,West Virginia,4019
10/30/2013,7138,1301,Wisconsin,8439
10/26/2013,11625,1351,Arizona,12976
10/26/2013,1815,1435,Arkansas,3250
10/26/2013,44521,0,California,44521
10/26/2013,4209,3354,Colorado,7563
10/26/2013,5970,2409,Connecticut,8379
10/26/2013,2402,387,Delaware,2789
10/26/2013,1298,215,Dist. of Columbia,1513
10/26/2013,40910,10934,Florida,51844
10/26/2013,12425,1260,Georgia,13685
10/26/2013,3353,694,Idaho,4047
10/26/2013,13282,2049,Illinois,15331
10/26/2013,10359,2306,Indiana,12665
10/26/2013,4803,1634,Iowa,6437
10/26/2013,4378,515,Kansas,4893
10/26/2013,8495,1047,Kentucky,9542
10/26/2013,9387,2340,Louisiana,11727
10/26/2013,1428,1176,Maine,2604
10/26/2013,9591,1272,Maryland,10863
10/26/2013,9439,1053,Massachusetts,10492
10/26/2013,11634,1287,Michigan,12921
10/26/2013,7726,665,Minnesota,8391
10/26/2013,10415,887,Missouri,11302
10/26/2013,1116,511,Montana,1627
10/26/2013,3757,696,Nebraska,4453
10/26/2013,3712,614,New Hampshire,4326
10/26/2013,18923,2239,New Jersey,21162
10/26/2013,2716,694,New Mexico,3410
10/26/2013,33393,2656,New York,36049
10/26/2013,10930,4013,North Carolina,14943
10/26/2013,600,593,North Dakota,1193
10/26/2013,9407,2774,Ohio,12181
10/26/2013,2854,2458,Oklahoma,5312
10/26/2013,3100,918,Oregon,4018
10/26/2013,21309,6428,Pennsylvania,27737
10/26/2013,3081,755,Rhode Island,3836
10/26/2013,5482,4024,South Carolina,9506
10/26/2013,1307,416,South Dakota,1723
10/26/2013,7576,2975,Tennessee,10551
10/26/2013,17702,6280,Texas,23982
10/26/2013,631,388,Vermont,1019
10/26/2013,120,251,Virgin Islands,371
10/26/2013,9569,1720,Virginia,11289
10/26/2013,4178,554,Washington,4732
10/26/2013,3885,562,West Virginia,4447
10/26/2013,8084,1552,Wisconsin,9636
10/23/2013,21051,1882,Arizona,22933
10/23/2013,3658,2607,Arkansas,6265
10/23/2013,113114,0,California,113114
10/23/2013,9528,5805,Colorado,15333
10/23/2013,11760,3613,Connecticut,15373
10/23/2013,4835,597,Delaware,5432
10/23/2013,2471,338,Dist. of Columbia,2809
10/23/2013,71332,17070,Florida,88402
10/23/2013,24743,2178,Georgia,26921
10/23/2013,6182,1251,Idaho,7433
10/23/2013,30615,3749,Illinois,34364
10/23/2013,17524,3208,Indiana,20732
10/23/2013,9233,2658,Iowa,11891
10/23/2013,7165,711,Kansas,7876
10/23/2013,14653,1705,Kentucky,16358
10/23/2013,15394,3298,Louisiana,18692
10/23/2013,1978,1357,Maine,3335
10/23/2013,18123,1937,Maryland,20060
10/23/2013,20827,1972,Massachusetts,22799
10/23/2013,25831,2116,Michigan,27947
10/23/2013,17401,1126,Minnesota,18527
10/23/2013,18860,1337,Missouri,20197
10/23/2013,2021,801,Montana,2822
10/23/2013,7039,1037,Nebraska,8076
10/23/2013,6351,817,New Hampshire,7168
10/23/2013,53027,4299,New Jersey,57326
10/23/2013,5271,1183,New Mexico,6454
10/23/2013,93848,5217,New York,99065
10/23/2013,20211,6505,North Carolina,26716
10/23/2013,1358,933,North Dakota,2291
10/23/2013,19476,3933,Ohio,23409
10/23/2013,6411,4472,Oklahoma,10883
10/23/2013,8292,1664,Oregon,9956
10/23/2013,53298,12043,Pennsylvania,65341
10/23/2013,5452,1180,Rhode Island,6632
10/23/2013,9745,5976,South Carolina,15721
10/23/2013,2517,625,South Dakota,3142
10/23/2013,13646,4676,Tennessee,18322
10/23/2013,36048,10368,Texas,46416
10/23/2013,997,564,Vermont,1561
10/23/2013,171,304,Virgin Islands,475
10/23/2013,18805,2864,Virginia,21669
10/23/2013,11654,995,Washington,12649
10/23/2013,7409,908,West Virginia,8317
10/23/2013,15026,2281,Wisconsin,17307
10/19/2013,17653,1663,Arizona,19316
10/19/2013,3088,2192,Arkansas,5280
10/19/2013,91812,0,California,91812
10/19/2013,7717,5253,Colorado,12970
10/19/2013,10312,3570,Connecticut,13882
10/19/2013,4308,551,Delaware,4859
10/19/2013,2043,351,Dist. of Columbia,2394
10/19/2013,65412,15420,Florida,80832
10/19/2013,21121,1861,Georgia,22982
10/19/2013,5254,1091,Idaho,6345
10/19/2013,24327,3212,Illinois,27539
10/19/2013,16049,3035,Indiana,19084
10/19/2013,7767,2396,Iowa,10163
10/19/2013,6397,656,Kansas,7053
10/19/2013,12749,1489,Kentucky,14238
10/19/2013,13397,3022,Louisiana,16419
10/19/2013,2077,1495,Maine,3572
10/19/2013,15437,1830,Maryland,17267
10/19/2013,19755,1779,Massachusetts,21534
10/19/2013,22032,1967,Michigan,23999
10/19/2013,13749,1039,Minnesota,14788
10/19/2013,16575,1206,Missouri,17781
10/19/2013,1694,750,Montana,2444
10/19/2013,6198,987,Nebraska,7185
10/19/2013,5917,813,New Hampshire,6730
10/19/2013,40606,3613,New Jersey,44219
10/19/2013,4328,1008,New Mexico,5336
10/19/2013,74207,4372,New York,78579
10/19/2013,18935,6416,North Carolina,25351
10/19/2013,891,801,North Dakota,1692
10/19/2013,16736,3632,Ohio,20368
10/19/2013,5201,3713,Oklahoma,8914
10/19/2013,6797,1474,Oregon,8271
10/19/2013,43888,10602,Pennsylvania,54490
10/19/2013,4996,1145,Rhode Island,6141
10/19/2013,9094,5779,South Carolina,14873
10/19/2013,2200,534,South Dakota,2734
10/19/2013,11953,4397,Tennessee,16350
10/19/2013,30273,9117,Texas,39390
10/19/2013,1040,600,Vermont,1640
10/19/2013,147,354,Virgin Islands,501
10/19/2013,16894,2765,Virginia,19659
10/19/2013,9097,763,Washington,9860
10/19/2013,6087,795,West Virginia,6882
10/19/2013,13032,2052,Wisconsin,15084
10/16/2013,13457,1290,Arizona,14747
10/16/2013,2499,1733,Arkansas,4232
10/16/2013,72515,0,California,72515
10/16/2013,6422,4195,Colorado,10617
10/16/2013,8492,2828,Connecticut,11320
10/16/2013,3411,432,Delaware,3843
10/16/2013,1461,215,Dist. of Columbia,1676
10/16/2013,49675,11718,Florida,61393
10/16/2013,16356,1560,Georgia,17916
10/16/2013,4375,802,Idaho,5177
10/16/2013,20637,2683,Illinois,23320
10/16/2013,12463,2391,Indiana,14854
10/16/2013,6712,1918,Iowa,8630
10/16/2013,5242,487,Kansas,5729
10/16/2013,10717,1205,Kentucky,11922
10/16/2013,11309,2520,Louisiana,13829
10/16/2013,1530,1024,Maine,2554
10/16/2013,12366,1456,Maryland,13822
10/16/2013,15850,1378,Massachusetts,17228
10/16/2013,18120,1605,Michigan,19725
10/16/2013,11575,779,Minnesota,12354
10/16/2013,13296,930,Missouri,14226
10/16/2013,1492,592,Montana,2084
10/16/2013,5056,813,Nebraska,5869
10/16/2013,4609,572,New Hampshire,5181
10/16/2013,34025,2996,New Jersey,37021
10/16/2013,3525,753,New Mexico,4278
10/16/2013,58089,3520,New York,61609
10/16/2013,14189,4672,North Carolina,18861
10/16/2013,798,724,North Dakota,1522
10/16/2013,14419,3176,Ohio,17595
10/16/2013,4204,2959,Oklahoma,7163
10/16/2013,5692,1192,Oregon,6884
10/16/2013,34959,7955,Pennsylvania,42914
10/16/2013,3655,772,Rhode Island,4427
10/16/2013,7085,4424,South Carolina,11509
10/16/2013,1842,466,South Dakota,2308
10/16/2013,9441,3216,Tennessee,12657
10/16/2013,24552,7446,Texas,31998
10/16/2013,851,411,Vermont,1262
10/16/2013,129,191,Virgin Islands,320
10/16/2013,13564,2251,Virginia,15815
10/16/2013,7840,649,Washington,8489
10/16/2013,5061,594,West Virginia,5655
10/16/2013,10563,1593,Wisconsin,12156
10/12/2013,14221,1391,Arizona,15612
10/12/2013,2593,1939,Arkansas,4532
10/12/2013,70572,0,California,70572
10/12/2013,6550,4340,Colorado,10890
10/12/2013,8379,2878,Connecticut,11257
10/12/2013,3386,452,Delaware,3838
10/12/2013,1572,220,Dist. of Columbia,1792
10/12/2013,57942,13670,Florida,71612
10/12/2013,17538,1583,Georgia,19121
10/12/2013,4502,885,Idaho,5387
10/12/2013,20321,2683,Illinois,23004
10/12/2013,13560,2575,Indiana,16135
10/12/2013,6456,2012,Iowa,8468
10/12/2013,5458,594,Kansas,6052
10/12/2013,10788,1301,Kentucky,12089
10/12/2013,12012,2581,Louisiana,14593
10/12/2013,1747,1293,Maine,3040
10/12/2013,12791,1534,Maryland,14325
10/12/2013,14927,1449,Massachusetts,16376
10/12/2013,16425,1588,Michigan,18013
10/12/2013,11590,840,Minnesota,12430
10/12/2013,13474,942,Missouri,14416
10/12/2013,1462,617,Montana,2079
10/12/2013,5274,778,Nebraska,6052
10/12/2013,4986,660,New Hampshire,5646
10/12/2013,30434,2842,New Jersey,33276
10/12/2013,3809,911,New Mexico,4720
10/12/2013,56364,3463,New York,59827
10/12/2013,16285,5318,North Carolina,21603
10/12/2013,912,743,North Dakota,1655
10/12/2013,12845,3002,Ohio,15847
10/12/2013,4409,3305,Oklahoma,7714
10/12/2013,4988,1073,Oregon,6061
10/12/2013,33562,8085,Pennsylvania,41647
10/12/2013,3819,855,Rhode Island,4674
10/12/2013,7811,5106,South Carolina,12917
10/12/2013,1920,525,South Dakota,2445
10/12/2013,10197,3704,Tennessee,13901
10/12/2013,25837,7945,Texas,33782
10/12/2013,912,509,Vermont,1421
10/12/2013,164,250,Virgin Islands,414
10/12/2013,14239,2369,Virginia,16608
10/12/2013,7333,611,Washington,7944
10/12/2013,4967,673,West Virginia,5640
10/12/2013,11402,1752,Wisconsin,13154
10/9/2013,12385,1348,Arizona,13733
10/9/2013,2540,1858,Arkansas,4398
10/9/2013,67997,0,California,67997
10/9/2013,6160,4401,Colorado,10561
10/9/2013,7682,2752,Connecticut,10434
10/9/2013,3374,422,Delaware,3796
10/9/2013,1661,278,Dist. of Columbia,1939
10/9/2013,55091,13939,Florida,69030
10/9/2013,14942,1471,Georgia,16413
10/9/2013,4212,839,Idaho,5051
10/9/2013,18149,2427,Illinois,20576
10/9/2013,11039,2200,Indiana,13239
10/9/2013,6157,1862,Iowa,8019
10/9/2013,5040,562,Kansas,5602
10/9/2013,9522,1118,Kentucky,10640
10/9/2013,10210,2527,Louisiana,12737
10/9/2013,1549,1143,Maine,2692
10/9/2013,12239,1478,Maryland,13717
10/9/2013,13081,1290,Massachusetts,14371
10/9/2013,14220,1463,Michigan,15683
10/9/2013,10118,768,Minnesota,10886
10/9/2013,11999,909,Missouri,12908
10/9/2013,1401,645,Montana,2046
10/9/2013,4621,737,Nebraska,5358
10/9/2013,4152,577,New Hampshire,4729
10/9/2013,28046,2687,New Jersey,30733
10/9/2013,3532,829,New Mexico,4361
10/9/2013,48230,3265,New York,51495
10/9/2013,15279,5481,North Carolina,20760
10/9/2013,792,656,North Dakota,1448
10/9/2013,11977,2908,Ohio,14885
10/9/2013,4202,3282,Oklahoma,7484
10/9/2013,4512,989,Oregon,5501
10/9/2013,31711,8076,Pennsylvania,39787
10/9/2013,3097,723,Rhode Island,3820
10/9/2013,7243,4864,South Carolina,12107
10/9/2013,1719,471,South Dakota,2190
10/9/2013,9670,3613,Tennessee,13283
10/9/2013,24022,7609,Texas,31631
10/9/2013,731,417,Vermont,1148
10/9/2013,110,227,Virgin Islands,337
10/9/2013,12914,2155,Virginia,15069
10/9/2013,6746,648,Washington,7394
10/9/2013,4811,671,West Virginia,5482
10/9/2013,9560,1628,Wisconsin,11188
10/5/2013,12815,1465,Arizona,14280
10/5/2013,2462,1831,Arkansas,4293
10/5/2013,66130,0,California,66130
10/5/2013,5328,4282,Colorado,9610
10/5/2013,7506,2952,Connecticut,10458
10/5/2013,3019,456,Delaware,3475
10/5/2013,1582,329,Dist. of Columbia,1911
10/5/2013,54440,13783,Florida,68223
10/5/2013,16162,1574,Georgia,17736
10/5/2013,4110,861,Idaho,4971
10/5/2013,16887,2573,Illinois,19460
10/5/2013,12146,2603,Indiana,14749
10/5/2013,5817,1957,Iowa,7774
10/5/2013,5121,574,Kansas,5695
10/5/2013,9895,1329,Kentucky,11224
10/5/2013,11341,2789,Louisiana,14130
10/5/2013,1765,1392,Maine,3157
10/5/2013,11621,1511,Maryland,13132
10/5/2013,10994,1418,Massachusetts,12412
10/5/2013,14238,1571,Michigan,15809
10/5/2013,9760,820,Minnesota,10580
10/5/2013,12381,982,Missouri,13363
10/5/2013,1505,752,Montana,2257
10/5/2013,4747,786,Nebraska,5533
10/5/2013,4653,677,New Hampshire,5330
10/5/2013,24324,2620,New Jersey,26944
10/5/2013,3600,847,New Mexico,4447
10/5/2013,44359,3217,New York,47576
10/5/2013,15171,5745,North Carolina,20916
10/5/2013,748,683,North Dakota,1431
10/5/2013,11111,2901,Ohio,14012
10/5/2013,3649,3162,Oklahoma,6811
10/5/2013,3620,1057,Oregon,4677
10/5/2013,27573,7893,Pennsylvania,35466
10/5/2013,3510,923,Rhode Island,4433
10/5/2013,7272,5191,South Carolina,12463
10/5/2013,1422,387,South Dakota,1809
10/5/2013,9557,3782,Tennessee,13339
10/5/2013,21597,7342,Texas,28939
10/5/2013,818,552,Vermont,1370
10/5/2013,135,336,Virgin Islands,471
10/5/2013,12476,2361,Virginia,14837
10/5/2013,5887,619,Washington,6506
10/5/2013,4581,663,West Virginia,5244
10/5/2013,9817,1707,Wisconsin,11524
10/2/2013,10919,1186,Arizona,12105
10/2/2013,2013,1601,Arkansas,3614
10/2/2013,57819,0,California,57819
10/2/2013,4743,3673,Colorado,8416
10/2/2013,6122,2387,Connecticut,8509
10/2/2013,2532,394,Delaware,2926
10/2/2013,1406,276,Dist. of Columbia,1682
10/2/2013,46124,12256,Florida,58380
10/2/2013,13029,1458,Georgia,14487
10/2/2013,3789,861,Idaho,4650
10/2/2013,13850,2122,Illinois,15972
10/2/2013,9035,2046,Indiana,11081
10/2/2013,4797,1743,Iowa,6540
10/2/2013,4176,483,Kansas,4659
10/2/2013,8443,1098,Kentucky,9541
10/2/2013,9074,2296,Louisiana,11370
10/2/2013,1258,1065,Maine,2323
10/2/2013,9811,1232,Maryland,11043
10/2/2013,8997,1021,Massachusetts,10018
10/2/2013,11453,1379,Michigan,12832
10/2/2013,8384,710,Minnesota,9094
10/2/2013,10576,851,Missouri,11427
10/2/2013,1330,650,Montana,1980
10/2/2013,3910,685,Nebraska,4595
10/2/2013,3361,509,New Hampshire,3870
10/2/2013,21109,2351,New Jersey,23460
10/2/2013,2932,825,New Mexico,3757
10/2/2013,35098,2672,New York,37770
10/2/2013,12400,4473,North Carolina,16873
10/2/2013,693,658,North Dakota,1351
10/2/2013,9630,2623,Ohio,12253
10/2/2013,3216,2946,Oklahoma,6162
10/2/2013,3034,840,Oregon,3874
10/2/2013,21967,6649,Pennsylvania,28616
10/2/2013,2775,685,Rhode Island,3460
10/2/2013,5979,4230,South Carolina,10209
10/2/2013,1513,465,South Dakota,1978
10/2/2013,8081,3269,Tennessee,11350
10/2/2013,18310,6366,Texas,24676
10/2/2013,580,372,Vermont,952
10/2/2013,111,203,Virgin Islands,314
10/2/2013,10300,1942,Virginia,12242
10/2/2013,5039,531,Washington,5570
10/2/2013,4136,575,West Virginia,4711
10/2/2013,8190,1411,Wisconsin,9601
9/28/2013,11925,1311,Arizona,13236
9/28/2013,2162,1714,Arkansas,3876
9/28/2013,58948,0,California,58948
9/28/2013,4751,3724,Colorado,8475
9/28/2013,6524,2593,Connecticut,9117
9/28/2013,2684,405,Delaware,3089
9/28/2013,1528,299,Dist. of Columbia,1827
9/28/2013,48494,12282,Florida,60776
9/28/2013,14602,1414,Georgia,16016
9/28/2013,4007,825,Idaho,4832
9/28/2013,14702,2233,Illinois,16935
9/28/2013,11025,2361,Indiana,13386
9/28/2013,5074,1765,Iowa,6839
9/28/2013,4706,549,Kansas,5255
9/28/2013,9141,1205,Kentucky,10346
9/28/2013,10276,2545,Louisiana,12821
9/28/2013,1624,1265,Maine,2889
9/28/2013,10181,1296,Maryland,11477
9/28/2013,9709,1270,Massachusetts,10979
9/28/2013,12530,1410,Michigan,13940
9/28/2013,8612,732,Minnesota,9344
9/28/2013,11336,946,Missouri,12282
9/28/2013,1397,622,Montana,2019
9/28/2013,4338,726,Nebraska,5064
9/28/2013,4108,662,New Hampshire,4770
9/28/2013,20726,2442,New Jersey,23168
9/28/2013,3086,796,New Mexico,3882
9/28/2013,37611,2757,New York,40368
9/28/2013,13463,5083,North Carolina,18546
9/28/2013,678,686,North Dakota,1364
9/28/2013,9615,2803,Ohio,12418
9/28/2013,3262,2837,Oklahoma,6099
9/28/2013,3189,950,Oregon,4139
9/28/2013,23150,7168,Pennsylvania,30318
9/28/2013,3195,862,Rhode Island,4057
9/28/2013,6479,4567,South Carolina,11046
9/28/2013,1526,436,South Dakota,1962
9/28/2013,8618,3484,Tennessee,12102
9/28/2013,19130,6666,Texas,25796
9/28/2013,735,479,Vermont,1214
9/28/2013,120,271,Virgin Islands,391
9/28/2013,10895,2044,Virginia,12939
9/28/2013,4692,528,Washington,5220
9/28/2013,4111,557,West Virginia,4668
9/28/2013,8828,1491,Wisconsin,10319
9/25/2013,11415,1352,Arizona,12767
9/25/2013,1992,1594,Arkansas,3586
9/25/2013,59034,0,California,59034
9/25/2013,4194,3343,Colorado,7537
9/25/2013,5620,2328,Connecticut,7948
9/25/2013,2318,342,Delaware,2660
9/25/2013,1415,251,Dist. of Columbia,1666
9/25/2013,40028,10795,Florida,50823
9/25/2013,12494,1302,Georgia,13796
9/25/2013,4005,882,Idaho,4887
9/25/2013,13631,2149,Illinois,15780
9/25/2013,9093,2032,Indiana,11125
9/25/2013,4533,1623,Iowa,6156
9/25/2013,4165,482,Kansas,4647
9/25/2013,8571,1060,Kentucky,9631
9/25/2013,9152,2343,Louisiana,11495
9/25/2013,1276,980,Maine,2256
9/25/2013,9120,1222,Maryland,10342
9/25/2013,8492,990,Massachusetts,9482
9/25/2013,10969,1241,Michigan,12210
9/25/2013,8043,625,Minnesota,8668
9/25/2013,10514,966,Missouri,11480
9/25/2013,1344,660,Montana,2004
9/25/2013,3986,687,Nebraska,4673
9/25/2013,3124,515,New Hampshire,3639
9/25/2013,20966,2394,New Jersey,23360
9/25/2013,2941,761,New Mexico,3702
9/25/2013,36130,2688,New York,38818
9/25/2013,11180,4423,North Carolina,15603
9/25/2013,625,642,North Dakota,1267
9/25/2013,8658,2480,Ohio,11138
9/25/2013,3003,2638,Oklahoma,5641
9/25/2013,3058,908,Oregon,3966
9/25/2013,20760,6662,Pennsylvania,27422
9/25/2013,2598,720,Rhode Island,3318
9/25/2013,5303,3826,South Carolina,9129
9/25/2013,1384,456,South Dakota,1840
9/25/2013,7374,3093,Tennessee,10467
9/25/2013,16722,5966,Texas,22688
9/25/2013,569,356,Vermont,925
9/25/2013,112,198,Virgin Islands,310
9/25/2013,9186,1800,Virginia,10986
9/25/2013,4813,520,Washington,5333
9/25/2013,3767,548,West Virginia,4315
9/25/2013,8109,1491,Wisconsin,9600
9/21/2013,12904,1441,Arizona,14345
9/21/2013,2286,1950,Arkansas,4236
9/21/2013,65034,0,California,65034
9/21/2013,4534,3680,Colorado,8214
9/21/2013,6427,2440,Connecticut,8867
9/21/2013,2729,415,Delaware,3144
9/21/2013,1497,283,Dist. of Columbia,1780
9/21/2013,50971,13579,Florida,64550
9/21/2013,13993,1559,Georgia,15552
9/21/2013,4590,1003,Idaho,5593
9/21/2013,15372,2388,Illinois,17760
9/21/2013,11357,2528,Indiana,13885
9/21/2013,4904,1852,Iowa,6756
9/21/2013,4730,559,Kansas,5289
9/21/2013,9352,1225,Kentucky,10577
9/21/2013,10557,2679,Louisiana,13236
9/21/2013,1423,1194,Maine,2617
9/21/2013,10149,1347,Maryland,11496
9/21/2013,9553,1259,Massachusetts,10812
9/21/2013,12889,1527,Michigan,14416
9/21/2013,8162,718,Minnesota,8880
9/21/2013,11124,981,Missouri,12105
9/21/2013,1496,707,Montana,2203
9/21/2013,4342,769,Nebraska,5111
9/21/2013,3847,613,New Hampshire,4460
9/21/2013,20591,2460,New Jersey,23051
9/21/2013,3311,877,New Mexico,4188
9/21/2013,38254,3102,New York,41356
9/21/2013,12743,4921,North Carolina,17664
9/21/2013,696,638,North Dakota,1334
9/21/2013,10069,2954,Ohio,13023
9/21/2013,3462,3124,Oklahoma,6586
9/21/2013,3665,1068,Oregon,4733
9/21/2013,22459,6960,Pennsylvania,29419
9/21/2013,3212,831,Rhode Island,4043
9/21/2013,5717,4269,South Carolina,9986
9/21/2013,1475,461,South Dakota,1936
9/21/2013,9024,3635,Tennessee,12659
9/21/2013,19328,6842,Texas,26170
9/21/2013,708,470,Vermont,1178
9/21/2013,136,264,Virgin Islands,400
9/21/2013,10225,1989,Virginia,12214
9/21/2013,4988,630,Washington,5618
9/21/2013,4453,615,West Virginia,5068
9/21/2013,8954,1675,Wisconsin,10629
9/18/2013,65274,3689,Arizona,68963
9/18/2013,11315,7256,Arkansas,18571
9/18/2013,282237,0,California,282237
9/18/2013,23996,13289,Colorado,37285
9/18/2013,36720,8878,Connecticut,45598
9/18/2013,14849,1250,Delaware,16099
9/18/2013,7157,726,Dist. of Columbia,7883
9/18/2013,190813,35831,Florida,226644
9/18/2013,73934,4329,Georgia,78263
9/18/2013,13378,2059,Idaho,15437
9/18/2013,114689,9017,Illinois,123706
9/18/2013,54953,6907,Indiana,61860
9/18/2013,27066,6442,Iowa,33508
9/18/2013,20992,1533,Kansas,22525
9/18/2013,35116,2788,Kentucky,37904
9/18/2013,43579,6790,Louisiana,50369
9/18/2013,5548,3026,Maine,8574
9/18/2013,60046,4170,Maryland,64216
9/18/2013,80479,4149,Massachusetts,84628
9/18/2013,89836,4420,Michigan,94256
9/18/2013,55003,2043,Minnesota,57046
9/18/2013,59607,2421,Missouri,62028
9/18/2013,4721,1584,Montana,6305
9/18/2013,16500,1738,Nebraska,18238
9/18/2013,18344,1591,New Hampshire,19935
9/18/2013,175375,8443,New Jersey,183818
9/18/2013,15188,2638,New Mexico,17826
9/18/2013,268885,9697,New York,278582
9/18/2013,62350,14941,North Carolina,77291
9/18/2013,4208,2314,North Dakota,6522
9/18/2013,77777,10813,Ohio,88590
9/18/2013,18644,11652,Oklahoma,30296
9/18/2013,20637,3263,Oregon,23900
9/18/2013,166776,28176,Pennsylvania,194952
9/18/2013,14071,2150,Rhode Island,16221
9/18/2013,26331,13906,South Carolina,40237
9/18/2013,6615,1627,South Dakota,8242
9/18/2013,42513,12198,Tennessee,54711
9/18/2013,132511,28333,Texas,160844
9/18/2013,2735,1220,Vermont,3955
9/18/2013,415,615,Virgin Islands,1030
9/18/2013,63276,6981,Virginia,70257
9/18/2013,33009,1971,Washington,34980
9/18/2013,20018,1733,West Virginia,21751
9/18/2013,53236,4991,Wisconsin,58227
9/14/2013,34523,2435,Arizona,36958
9/14/2013,6039,3965,Arkansas,10004
9/14/2013,162871,0,California,162871
9/14/2013,14722,8421,Colorado,23143
9/14/2013,19714,5478,Connecticut,25192
9/14/2013,8601,816,Delaware,9417
9/14/2013,3351,421,Dist. of Columbia,3772
9/14/2013,109408,22518,Florida,131926
9/14/2013,40690,2788,Georgia,43478
9/14/2013,7816,1329,Idaho,9145
9/14/2013,55357,5628,Illinois,60985
9/14/2013,29037,4419,Indiana,33456
9/14/2013,15559,4057,Iowa,19616
9/14/2013,11315,968,Kansas,12283
9/14/2013,21333,2078,Kentucky,23411
9/14/2013,25175,4606,Louisiana,29781
9/14/2013,3127,1881,Maine,5008
9/14/2013,31626,2766,Maryland,34392
9/14/2013,36484,2409,Massachusetts,38893
9/14/2013,45665,2968,Michigan,48633
9/14/2013,25526,1324,Minnesota,26850
9/14/2013,32596,1689,Missouri,34285
9/14/2013,2521,1005,Montana,3526
9/14/2013,10351,1332,Nebraska,11683
9/14/2013,10664,1051,New Hampshire,11715
9/14/2013,88867,5358,New Jersey,94225
9/14/2013,7982,1585,New Mexico,9567
9/14/2013,149586,6468,New York,156054
9/14/2013,31392,8782,North Carolina,40174
9/14/2013,2016,1204,North Dakota,3220
9/14/2013,37706,6366,Ohio,44072
9/14/2013,10489,6781,Oklahoma,17270
9/14/2013,12037,2174,Oregon,14211
9/14/2013,91994,17382,Pennsylvania,109376
9/14/2013,8200,1456,Rhode Island,9656
9/14/2013,14036,8092,South Carolina,22128
9/14/2013,3879,950,South Dakota,4829
9/14/2013,21086,6512,Tennessee,27598
9/14/2013,59484,15088,Texas,74572
9/14/2013,1728,784,Vermont,2512
9/14/2013,286,433,Virgin Islands,719
9/14/2013,29597,4011,Virginia,33608
9/14/2013,17535,1260,Washington,18795
9/14/2013,11231,1207,West Virginia,12438
9/14/2013,26536,3185,Wisconsin,29721
9/11/2013,23552,1932,Arizona,25484
9/11/2013,4382,2834,Arkansas,7216
9/11/2013,119279,0,California,119279
9/11/2013,11482,6680,Colorado,18162
9/11/2013,14215,4192,Connecticut,18407
9/11/2013,5908,625,Delaware,6533
9/11/2013,2793,363,Dist. of Columbia,3156
9/11/2013,80117,18081,Florida,98198
9/11/2013,28179,2174,Georgia,30353
9/11/2013,6183,1134,Idaho,7317
9/11/2013,37878,4292,Illinois,42170
9/11/2013,18802,3205,Indiana,22007
9/11/2013,11376,3134,Iowa,14510
9/11/2013,8196,716,Kansas,8912
9/11/2013,15759,1635,Kentucky,17394
9/11/2013,18770,3708,Louisiana,22478
9/11/2013,2139,1436,Maine,3575
9/11/2013,21967,2187,Maryland,24154
9/11/2013,25879,2022,Massachusetts,27901
9/11/2013,31096,2169,Michigan,33265
9/11/2013,18846,1086,Minnesota,19932
9/11/2013,22566,1314,Missouri,23880
9/11/2013,1928,740,Montana,2668
9/11/2013,7862,1121,Nebraska,8983
9/11/2013,7702,827,New Hampshire,8529
9/11/2013,65353,4605,New Jersey,69958
9/11/2013,6182,1232,New Mexico,7414
9/11/2013,108764,5534,New York,114298
9/11/2013,21953,6430,North Carolina,28383
9/11/2013,1372,1019,North Dakota,2391
9/11/2013,26350,4665,Ohio,31015
9/11/2013,7255,4681,Oklahoma,11936
9/11/2013,9769,1715,Oregon,11484
9/11/2013,65368,13039,Pennsylvania,78407
9/11/2013,5674,1099,Rhode Island,6773
9/11/2013,10151,5889,South Carolina,16040
9/11/2013,2951,717,South Dakota,3668
9/11/2013,14997,4811,Tennessee,19808
9/11/2013,44876,12381,Texas,57257
9/11/2013,1213,576,Vermont,1789
9/11/2013,185,259,Virgin Islands,444
9/11/2013,21111,3077,Virginia,24188
9/11/2013,13527,1082,Washington,14609
9/11/2013,7715,926,West Virginia,8641
9/11/2013,18821,2546,Wisconsin,21367
9/7/2013,20750,1847,Arizona,22597
9/7/2013,3931,2714,Arkansas,6645
9/7/2013,115125,0,California,115125
9/7/2013,10213,6290,Colorado,16503
9/7/2013,12654,3961,Connecticut,16615
9/7/2013,5646,697,Delaware,6343
9/7/2013,2392,347,Dist. of Columbia,2739
9/7/2013,77261,17379,Florida,94640
9/7/2013,27973,2329,Georgia,30302
9/7/2013,6032,1107,Idaho,7139
9/7/2013,33167,3971,Illinois,37138
9/7/2013,17686,3188,Indiana,20874
9/7/2013,9073,2691,Iowa,11764
9/7/2013,7448,756,Kansas,8204
9/7/2013,15453,1677,Kentucky,17130
9/7/2013,17495,3732,Louisiana,21227
9/7/2013,2288,1464,Maine,3752
9/7/2013,19835,2034,Maryland,21869
9/7/2013,22119,1826,Massachusetts,23945
9/7/2013,28436,2246,Michigan,30682
9/7/2013,16921,1007,Minnesota,17928
9/7/2013,20072,1271,Missouri,21343
9/7/2013,1846,752,Montana,2598
9/7/2013,7167,946,Nebraska,8113
9/7/2013,7298,858,New Hampshire,8156
9/7/2013,55797,4374,New Jersey,60171
9/7/2013,5532,1181,New Mexico,6713
9/7/2013,101418,5312,New York,106730
9/7/2013,21540,7050,North Carolina,28590
9/7/2013,1229,878,North Dakota,2107
9/7/2013,22798,4444,Ohio,27242
9/7/2013,6830,4594,Oklahoma,11424
9/7/2013,8131,1659,Oregon,9790
9/7/2013,57639,12492,Pennsylvania,70131
9/7/2013,5776,1140,Rhode Island,6916
9/7/2013,9822,6211,South Carolina,16033
9/7/2013,2570,639,South Dakota,3209
9/7/2013,14069,4741,Tennessee,18810
9/7/2013,39691,11191,Texas,50882
9/7/2013,1156,630,Vermont,1786
9/7/2013,183,288,Virgin Islands,471
9/7/2013,20441,3265,Virginia,23706
9/7/2013,11200,835,Washington,12035
9/7/2013,7193,899,West Virginia,8092
9/7/2013,16575,2339,Wisconsin,18914
9/4/2013,15457,1574,Arizona,17031
9/4/2013,3349,2175,Arkansas,5524
9/4/2013,94231,0,California,94231
9/4/2013,8144,5361,Colorado,13505
9/4/2013,10210,3368,Connecticut,13578
9/4/2013,4363,574,Delaware,4937
9/4/2013,1948,340,Dist. of Columbia,2288
9/4/2013,66151,16439,Florida,82590
9/4/2013,20871,1952,Georgia,22823
9/4/2013,5439,1090,Idaho,6529
9/4/2013,25567,3384,Illinois,28951
9/4/2013,13246,2731,Indiana,15977
9/4/2013,7264,2110,Iowa,9374
9/4/2013,5919,683,Kansas,6602
9/4/2013,11988,1430,Kentucky,13418
9/4/2013,13724,3155,Louisiana,16879
9/4/2013,1781,1292,Maine,3073
9/4/2013,15282,1787,Maryland,17069
9/4/2013,19394,1703,Massachusetts,21097
9/4/2013,21791,1952,Michigan,23743
9/4/2013,12890,957,Minnesota,13847
9/4/2013,14879,1121,Missouri,16000
9/4/2013,1752,751,Montana,2503
9/4/2013,5588,910,Nebraska,6498
9/4/2013,5266,730,New Hampshire,5996
9/4/2013,40256,3456,New Jersey,43712
9/4/2013,4476,1038,New Mexico,5514
9/4/2013,71558,4294,New York,75852
9/4/2013,18566,6239,North Carolina,24805
9/4/2013,970,728,North Dakota,1698
9/4/2013,17087,3679,Ohio,20766
9/4/2013,5712,4212,Oklahoma,9924
9/4/2013,6096,1432,Oregon,7528
9/4/2013,43584,10178,Pennsylvania,53762
9/4/2013,4304,913,Rhode Island,5217
9/4/2013,8213,5286,South Carolina,13499
9/4/2013,2127,541,South Dakota,2668
9/4/2013,11888,4337,Tennessee,16225
9/4/2013,31249,9684,Texas,40933
9/4/2013,925,460,Vermont,1385
9/4/2013,118,255,Virgin Islands,373
9/4/2013,16539,2808,Virginia,19347
9/4/2013,8898,896,Washington,9794
9/4/2013,5684,724,West Virginia,6408
9/4/2013,11893,1853,Wisconsin,13746
8/31/2013,15451,1533,Arizona,16984
8/31/2013,3110,2280,Arkansas,5390
8/31/2013,90973,0,California,90973
8/31/2013,7991,5339,Colorado,13330
8/31/2013,9500,3213,Connecticut,12713
8/31/2013,4297,527,Delaware,4824
8/31/2013,2021,312,Dist. of Columbia,2333
8/31/2013,63963,15082,Florida,79045
8/31/2013,20267,1912,Georgia,22179
8/31/2013,5063,931,Idaho,5994
8/31/2013,24409,3170,Illinois,27579
8/31/2013,14690,2897,Indiana,17587
8/31/2013,7165,2332,Iowa,9497
8/31/2013,6077,625,Kansas,6702
8/31/2013,12359,1395,Kentucky,13754
8/31/2013,14747,3291,Louisiana,18038
8/31/2013,2080,1438,Maine,3518
8/31/2013,15164,1684,Maryland,16848
8/31/2013,17478,1581,Massachusetts,19059
8/31/2013,21770,1871,Michigan,23641
8/31/2013,12818,901,Minnesota,13719
8/31/2013,15471,1097,Missouri,16568
8/31/2013,1580,682,Montana,2262
8/31/2013,5460,896,Nebraska,6356
8/31/2013,5446,624,New Hampshire,6070
8/31/2013,36995,3234,New Jersey,40229
8/31/2013,4407,1063,New Mexico,5470
8/31/2013,66465,3845,New York,70310
8/31/2013,17535,5759,North Carolina,23294
8/31/2013,872,635,North Dakota,1507
8/31/2013,16359,3659,Ohio,20018
8/31/2013,5212,3871,Oklahoma,9083
8/31/2013,5961,1400,Oregon,7361
8/31/2013,40438,9719,Pennsylvania,50157
8/31/2013,4377,930,Rhode Island,5307
8/31/2013,8289,5441,South Carolina,13730
8/31/2013,2035,576,South Dakota,2611
8/31/2013,11106,4082,Tennessee,15188
8/31/2013,30523,9450,Texas,39973
8/31/2013,969,529,Vermont,1498
8/31/2013,173,295,Virgin Islands,468
8/31/2013,15540,2652,Virginia,18192
8/31/2013,8361,703,Washington,9064
8/31/2013,5676,744,West Virginia,6420
8/31/2013,12118,2026,Wisconsin,14144
8/28/2013,15119,1613,Arizona,16732
8/28/2013,2828,2089,Arkansas,4917
8/28/2013,92877,0,California,92877
8/28/2013,7292,4884,Colorado,12176
8/28/2013,9099,3054,Connecticut,12153
8/28/2013,3543,504,Delaware,4047
8/28/2013,2062,333,Dist. of Columbia,2395
8/28/2013,59716,15606,Florida,75322
8/28/2013,18455,1831,Georgia,20286
8/28/2013,5269,1089,Idaho,6358
8/28/2013,23576,3369,Illinois,26945
8/28/2013,12898,2748,Indiana,15646
8/28/2013,6699,2174,Iowa,8873
8/28/2013,5852,604,Kansas,6456
8/28/2013,11792,1478,Kentucky,13270
8/28/2013,13345,3214,Louisiana,16559
8/28/2013,1831,1419,Maine,3250
8/28/2013,13522,1531,Maryland,15053
8/28/2013,16034,1827,Massachusetts,17861
8/28/2013,19072,1930,Michigan,21002
8/28/2013,11525,905,Minnesota,12430
8/28/2013,14170,1088,Missouri,15258
8/28/2013,1803,718,Montana,2521
8/28/2013,5364,902,Nebraska,6266
8/28/2013,4864,669,New Hampshire,5533
8/28/2013,36103,3481,New Jersey,39584
8/28/2013,4322,1015,New Mexico,5337
8/28/2013,63478,4415,New York,67893
8/28/2013,16149,5667,North Carolina,21816
8/28/2013,845,695,North Dakota,1540
8/28/2013,14558,3494,Ohio,18052
8/28/2013,4545,3465,Oklahoma,8010
8/28/2013,5460,1429,Oregon,6889
8/28/2013,35756,8933,Pennsylvania,44689
8/28/2013,3979,933,Rhode Island,4912
8/28/2013,7369,4977,South Carolina,12346
8/28/2013,1992,558,South Dakota,2550
8/28/2013,10455,3950,Tennessee,14405
8/28/2013,27268,8851,Texas,36119
8/28/2013,905,475,Vermont,1380
8/28/2013,162,289,Virgin Islands,451
8/28/2013,14647,2503,Virginia,17150
8/28/2013,8287,808,Washington,9095
8/28/2013,5447,766,West Virginia,6213
8/28/2013,11367,2008,Wisconsin,13375
8/24/2013,12397,1378,Arizona,13775
8/24/2013,2571,2009,Arkansas,4580
8/24/2013,70563,0,California,70563
8/24/2013,6161,4364,Colorado,10525
8/24/2013,7682,2877,Connecticut,10559
8/24/2013,3287,469,Delaware,3756
8/24/2013,1697,281,Dist. of Columbia,1978
8/24/2013,56203,14031,Florida,70234
8/24/2013,16272,1615,Georgia,17887
8/24/2013,4264,813,Idaho,5077
8/24/2013,18553,2586,Illinois,21139
8/24/2013,12118,2494,Indiana,14612
8/24/2013,5780,1884,Iowa,7664
8/24/2013,5223,585,Kansas,5808
8/24/2013,10527,1213,Kentucky,11740
8/24/2013,11647,2748,Louisiana,14395
8/24/2013,1834,1349,Maine,3183
8/24/2013,12431,1488,Maryland,13919
8/24/2013,11614,1320,Massachusetts,12934
8/24/2013,14618,1520,Michigan,16138
8/24/2013,10186,810,Minnesota,10996
8/24/2013,12270,941,Missouri,13211
8/24/2013,1438,595,Montana,2033
8/24/2013,4551,717,Nebraska,5268
8/24/2013,4439,599,New Hampshire,5038
8/24/2013,25890,2561,New Jersey,28451
8/24/2013,3633,918,New Mexico,4551
8/24/2013,45203,3117,New York,48320
8/24/2013,15760,5485,North Carolina,21245
8/24/2013,795,638,North Dakota,1433
8/24/2013,11793,3055,Ohio,14848
8/24/2013,4333,3389,Oklahoma,7722
8/24/2013,4549,1090,Oregon,5639
8/24/2013,29007,7737,Pennsylvania,36744
8/24/2013,3448,808,Rhode Island,4256
8/24/2013,7229,4952,South Carolina,12181
8/24/2013,1723,517,South Dakota,2240
8/24/2013,9736,3702,Tennessee,13438
8/24/2013,25174,8079,Texas,33253
8/24/2013,752,482,Vermont,1234
8/24/2013,132,271,Virgin Islands,403
8/24/2013,13473,2272,Virginia,15745
8/24/2013,6554,607,Washington,7161
8/24/2013,4819,656,West Virginia,5475
8/24/2013,9687,1595,Wisconsin,11282
8/21/2013,11869,1367,Arizona,13236
8/21/2013,2066,1618,Arkansas,3684
8/21/2013,67752,0,California,67752
8/21/2013,5083,3753,Colorado,8836
8/21/2013,6059,2380,Connecticut,8439
8/21/2013,2628,357,Delaware,2985
8/21/2013,1616,256,Dist. of Columbia,1872
8/21/2013,41466,10893,Florida,52359
8/21/2013,14070,1547,Georgia,15617
8/21/2013,4255,823,Idaho,5078
8/21/2013,16169,2361,Illinois,18530
8/21/2013,9547,2058,Indiana,11605
8/21/2013,4838,1650,Iowa,6488
8/21/2013,4518,482,Kansas,5000
8/21/2013,9406,1132,Kentucky,10538
8/21/2013,9691,2410,Louisiana,12101
8/21/2013,1521,1036,Maine,2557
8/21/2013,9944,1243,Maryland,11187
8/21/2013,9227,1023,Massachusetts,10250
8/21/2013,12221,1327,Michigan,13548
8/21/2013,8782,750,Minnesota,9532
8/21/2013,11599,955,Missouri,12554
8/21/2013,1468,636,Montana,2104
8/21/2013,4177,734,Nebraska,4911
8/21/2013,3447,506,New Hampshire,3953
8/21/2013,24355,2618,New Jersey,26973
8/21/2013,3337,840,New Mexico,4177
8/21/2013,40404,2917,New York,43321
8/21/2013,11786,4399,North Carolina,16185
8/21/2013,679,620,North Dakota,1299
8/21/2013,9771,2671,Ohio,12442
8/21/2013,3358,2692,Oklahoma,6050
8/21/2013,3877,1035,Oregon,4912
8/21/2013,24139,7042,Pennsylvania,31181
8/21/2013,2928,732,Rhode Island,3660
8/21/2013,5456,3851,South Carolina,9307
8/21/2013,1475,455,South Dakota,1930
8/21/2013,7787,3223,Tennessee,11010
8/21/2013,19935,6751,Texas,26686
8/21/2013,651,396,Vermont,1047
8/21/2013,114,193,Virgin Islands,307
8/21/2013,10446,1847,Virginia,12293
8/21/2013,5889,629,Washington,6518
8/21/2013,3824,558,West Virginia,4382
8/21/2013,8880,1588,Wisconsin,10468
8/17/2013,12526,1418,Arizona,13944
8/17/2013,2362,1792,Arkansas,4154
8/17/2013,67628,0,California,67628
8/17/2013,5069,3952,Colorado,9021
8/17/2013,6431,2490,Connecticut,8921
8/17/2013,2754,414,Delaware,3168
8/17/2013,1560,258,Dist. of Columbia,1818
8/17/2013,45655,12059,Florida,57714
8/17/2013,15576,1561,Georgia,17137
8/17/2013,4408,902,Idaho,5310
8/17/2013,16335,2414,Illinois,18749
8/17/2013,10973,2373,Indiana,13346
8/17/2013,5061,1745,Iowa,6806
8/17/2013,4734,541,Kansas,5275
8/17/2013,10122,1235,Kentucky,11357
8/17/2013,10591,2633,Louisiana,13224
8/17/2013,1538,1077,Maine,2615
8/17/2013,10533,1229,Maryland,11762
8/17/2013,9483,995,Massachusetts,10478
8/17/2013,12763,1313,Michigan,14076
8/17/2013,8745,747,Minnesota,9492
8/17/2013,12191,1037,Missouri,13228
8/17/2013,1446,622,Montana,2068
8/17/2013,4327,729,Nebraska,5056
8/17/2013,3727,565,New Hampshire,4292
8/17/2013,23130,2580,New Jersey,25710
8/17/2013,3425,866,New Mexico,4291
8/17/2013,40772,2969,New York,43741
8/17/2013,13283,5071,North Carolina,18354
8/17/2013,717,579,North Dakota,1296
8/17/2013,10113,2656,Ohio,12769
8/17/2013,3610,2938,Oklahoma,6548
8/17/2013,3788,1084,Oregon,4872
8/17/2013,25018,7469,Pennsylvania,32487
8/17/2013,3262,792,Rhode Island,4054
8/17/2013,6129,4491,South Carolina,10620
8/17/2013,1580,431,South Dakota,2011
8/17/2013,8656,3626,Tennessee,12282
8/17/2013,20772,7404,Texas,28176
8/17/2013,671,460,Vermont,1131
8/17/2013,127,238,Virgin Islands,365
8/17/2013,11199,2105,Virginia,13304
8/17/2013,5714,624,Washington,6338
8/17/2013,4331,601,West Virginia,4932
8/17/2013,9182,1656,Wisconsin,10838
8/14/2013,9971,1104,Arizona,11075
8/14/2013,1979,1537,Arkansas,3516
8/14/2013,59926,0,California,59926
8/14/2013,4537,3457,Colorado,7994
8/14/2013,5625,2185,Connecticut,7810
8/14/2013,2318,352,Delaware,2670
8/14/2013,1372,206,Dist. of Columbia,1578
8/14/2013,38432,9985,Florida,48417
8/14/2013,12026,1253,Georgia,13279
8/14/2013,3898,705,Idaho,4603
8/14/2013,14223,2147,Illinois,16370
8/14/2013,9186,2024,Indiana,11210
8/14/2013,4389,1582,Iowa,5971
8/14/2013,4004,443,Kansas,4447
8/14/2013,7636,1037,Kentucky,8673
8/14/2013,8975,2321,Louisiana,11296
8/14/2013,1291,877,Maine,2168
8/14/2013,9197,1118,Maryland,10315
8/14/2013,8659,1037,Massachusetts,9696
8/14/2013,11354,1317,Michigan,12671
8/14/2013,7458,576,Minnesota,8034
8/14/2013,9608,794,Missouri,10402
8/14/2013,1234,569,Montana,1803
8/14/2013,3594,635,Nebraska,4229
8/14/2013,3121,454,New Hampshire,3575
8/14/2013,19707,2100,New Jersey,21807
8/14/2013,2683,694,New Mexico,3377
8/14/2013,32117,2498,New York,34615
8/14/2013,11266,4185,North Carolina,15451
8/14/2013,587,544,North Dakota,1131
8/14/2013,8863,2378,Ohio,11241
8/14/2013,3227,2781,Oklahoma,6008
8/14/2013,3555,1007,Oregon,4562
8/14/2013,20274,6103,Pennsylvania,26377
8/14/2013,2614,648,Rhode Island,3262
8/14/2013,5034,3685,South Carolina,8719
8/14/2013,1358,403,South Dakota,1761
8/14/2013,7259,2796,Tennessee,10055
8/14/2013,17233,6032,Texas,23265
8/14/2013,584,342,Vermont,926
8/14/2013,130,231,Virgin Islands,361
8/14/2013,9514,1784,Virginia,11298
8/14/2013,4810,536,Washington,5346
8/14/2013,3646,513,West Virginia,4159
8/14/2013,7370,1517,Wisconsin,8887
8/10/2013,12700,1377,Arizona,14077
8/10/2013,2195,1768,Arkansas,3963
8/10/2013,68842,0,California,68842
8/10/2013,4665,3662,Colorado,8327
8/10/2013,6032,2399,Connecticut,8431
8/10/2013,2712,403,Delaware,3115
8/10/2013,1556,252,Dist. of Columbia,1808
8/10/2013,48663,12968,Florida,61631
8/10/2013,14417,1510,Georgia,15927
8/10/2013,4929,1057,Idaho,5986
8/10/2013,15430,2333,Illinois,17763
8/10/2013,11292,2548,Indiana,13840
8/10/2013,4836,1667,Iowa,6503
8/10/2013,4764,541,Kansas,5305
8/10/2013,9162,1255,Kentucky,10417
8/10/2013,10637,2640,Louisiana,13277
8/10/2013,1450,1100,Maine,2550
8/10/2013,10088,1283,Maryland,11371
8/10/2013,9365,1220,Massachusetts,10585
8/10/2013,12684,1474,Michigan,14158
8/10/2013,7513,720,Minnesota,8233
8/10/2013,11086,926,Missouri,12012
8/10/2013,1527,631,Montana,2158
8/10/2013,4218,729,Nebraska,4947
8/10/2013,3749,589,New Hampshire,4338
8/10/2013,19607,2490,New Jersey,22097
8/10/2013,3345,840,New Mexico,4185
8/10/2013,36263,3075,New York,39338
8/10/2013,12901,4824,North Carolina,17725
8/10/2013,674,570,North Dakota,1244
8/10/2013,9870,2736,Ohio,12606
8/10/2013,3463,2887,Oklahoma,6350
8/10/2013,4748,1281,Oregon,6029
8/10/2013,22493,6925,Pennsylvania,29418
8/10/2013,3202,745,Rhode Island,3947
8/10/2013,5855,4261,South Carolina,10116
8/10/2013,1555,414,South Dakota,1969
8/10/2013,9101,3669,Tennessee,12770
8/10/2013,19727,6939,Texas,26666
8/10/2013,662,435,Vermont,1097
8/10/2013,117,251,Virgin Islands,368
8/10/2013,10227,1999,Virginia,12226
8/10/2013,5125,638,Washington,5763
8/10/2013,4174,640,West Virginia,4814
8/10/2013,8430,1600,Wisconsin,10030
8/7/2013,91030,4527,Arizona,95557
8/7/2013,15299,9490,Arkansas,24789
8/7/2013,397926,0,California,397926
8/7/2013,40664,21041,Colorado,61705
8/7/2013,54366,12097,Connecticut,66463
8/7/2013,21583,1390,Delaware,22973
8/7/2013,11865,901,Dist. of Columbia,12766
8/7/2013,239224,39309,Florida,278533
8/7/2013,112214,5456,Georgia,117670
8/7/2013,18925,2574,Idaho,21499
8/7/2013,155729,11289,Illinois,167018
8/7/2013,75973,8497,Indiana,84470
8/7/2013,35079,8095,Iowa,43174
8/7/2013,29116,1958,Kansas,31074
8/7/2013,47973,3394,Kentucky,51367
8/7/2013,61008,8207,Louisiana,69215
8/7/2013,8769,4477,Maine,13246
8/7/2013,98142,4917,Maryland,103059
8/7/2013,117872,4737,Massachusetts,122609
8/7/2013,118735,4729,Michigan,123464
8/7/2013,66072,2197,Minnesota,68269
8/7/2013,80773,2841,Missouri,83614
8/7/2013,7188,2257,Montana,9445
8/7/2013,22310,2145,Nebraska,24455
8/7/2013,24876,1775,New Hampshire,26651
8/7/2013,236719,10181,New Jersey,246900
8/7/2013,23578,3592,New Mexico,27170
8/7/2013,377220,11798,New York,389018
8/7/2013,91648,19657,North Carolina,111305
8/7/2013,5522,3050,North Dakota,8572
8/7/2013,109009,14152,Ohio,123161
8/7/2013,26869,15395,Oklahoma,42264
8/7/2013,32690,4675,Oregon,37365
8/7/2013,226779,36957,Pennsylvania,263736
8/7/2013,17344,2444,Rhode Island,19788
8/7/2013,39621,19467,South Carolina,59088
8/7/2013,9182,1893,South Dakota,11075
8/7/2013,59325,15475,Tennessee,74800
8/7/2013,199559,40629,Texas,240188
8/7/2013,3891,1610,Vermont,5501
8/7/2013,456,711,Virgin Islands,1167
8/7/2013,99204,9455,Virginia,108659
8/7/2013,55277,2690,Washington,57967
8/7/2013,25150,2000,West Virginia,27150
8/7/2013,69316,5808,Wisconsin,75124
8/3/2013,38815,2683,Arizona,41498
8/3/2013,6708,4563,Arkansas,11271
8/3/2013,188786,0,California,188786
8/3/2013,16332,8942,Colorado,25274
8/3/2013,23192,6218,Connecticut,29410
8/3/2013,9737,958,Delaware,10695
8/3/2013,4278,520,Dist. of Columbia,4798
8/3/2013,116628,23632,Florida,140260
8/3/2013,53519,3376,Georgia,56895
8/3/2013,9246,1435,Idaho,10681
8/3/2013,59516,5716,Illinois,65232
8/3/2013,34920,5310,Indiana,40230
8/3/2013,16054,4129,Iowa,20183
8/3/2013,11843,985,Kansas,12828
8/3/2013,24742,2382,Kentucky,27124
8/3/2013,28937,4917,Louisiana,33854
8/3/2013,3549,1981,Maine,5530
8/3/2013,36040,2705,Maryland,38745
8/3/2013,42357,2636,Massachusetts,44993
8/3/2013,50548,3095,Michigan,53643
8/3/2013,28526,1396,Minnesota,29922
8/3/2013,36377,1796,Missouri,38173
8/3/2013,2737,1004,Montana,3741
8/3/2013,10666,1353,Nebraska,12019
8/3/2013,12670,1163,New Hampshire,13833
8/3/2013,108964,6273,New Jersey,115237
8/3/2013,9411,1688,New Mexico,11099
8/3/2013,184125,7745,New York,191870
8/3/2013,38871,10533,North Carolina,49404
8/3/2013,1924,1218,North Dakota,3142
8/3/2013,37287,5888,Ohio,43175
8/3/2013,11662,6928,Oklahoma,18590
8/3/2013,15135,2663,Oregon,17798
8/3/2013,105541,19435,Pennsylvania,124976
8/3/2013,9699,1608,Rhode Island,11307
8/3/2013,16965,9326,South Carolina,26291
8/3/2013,4108,949,South Dakota,5057
8/3/2013,22751,6902,Tennessee,29653
8/3/2013,74693,17891,Texas,92584
8/3/2013,1796,852,Vermont,2648
8/3/2013,248,358,Virgin Islands,606
8/3/2013,34881,4455,Virginia,39336
8/3/2013,20692,1433,Washington,22125
8/3/2013,11509,1224,West Virginia,12733
8/3/2013,27505,3227,Wisconsin,30732
7/31/2013,26876,2079,Arizona,28955
7/31/2013,4841,3039,Arkansas,7880
7/31/2013,147995,0,California,147995
7/31/2013,12289,6577,Colorado,18866
7/31/2013,19020,5263,Connecticut,24283
7/31/2013,6917,779,Delaware,7696
7/31/2013,3383,460,Dist. of Columbia,3843
7/31/2013,87088,18852,Florida,105940
7/31/2013,35702,2584,Georgia,38286
7/31/2013,7324,1255,Idaho,8579
7/31/2013,44740,4684,Illinois,49424
7/31/2013,24574,3986,Indiana,28560
7/31/2013,11855,3041,Iowa,14896
7/31/2013,8750,764,Kansas,9514
7/31/2013,17685,1741,Kentucky,19426
7/31/2013,19651,3877,Louisiana,23528
7/31/2013,2419,1551,Maine,3970
7/31/2013,25180,2220,Maryland,27400
7/31/2013,30114,2323,Massachusetts,32437
7/31/2013,35963,2560,Michigan,38523
7/31/2013,20741,1106,Minnesota,21847
7/31/2013,24752,1482,Missouri,26234
7/31/2013,2080,772,Montana,2852
7/31/2013,8526,1161,Nebraska,9687
7/31/2013,8798,981,New Hampshire,9779
7/31/2013,76613,5172,New Jersey,81785
7/31/2013,6749,1382,New Mexico,8131
7/31/2013,134184,6231,New York,140415
7/31/2013,28072,8469,North Carolina,36541
7/31/2013,1558,1097,North Dakota,2655
7/31/2013,27216,4506,Ohio,31722
7/31/2013,7670,4496,Oklahoma,12166
7/31/2013,10824,1943,Oregon,12767
7/31/2013,75335,14752,Pennsylvania,90087
7/31/2013,6765,1300,Rhode Island,8065
7/31/2013,11817,6946,South Carolina,18763
7/31/2013,3107,719,South Dakota,3826
7/31/2013,16376,5161,Tennessee,21537
7/31/2013,49424,12948,Texas,62372
7/31/2013,1416,696,Vermont,2112
7/31/2013,177,315,Virgin Islands,492
7/31/2013,25590,3627,Virginia,29217
7/31/2013,17005,1154,Washington,18159
7/31/2013,8300,939,West Virginia,9239
7/31/2013,19240,2432,Wisconsin,21672
7/27/2013,18989,1769,Arizona,20758
7/27/2013,3921,2412,Arkansas,6333
7/27/2013,109339,0,California,109339
7/27/2013,9633,5561,Colorado,15194
7/27/2013,12660,3959,Connecticut,16619
7/27/2013,5302,573,Delaware,5875
7/27/2013,2284,384,Dist. of Columbia,2668
7/27/2013,72931,16139,Florida,89070
7/27/2013,26344,2059,Georgia,28403
7/27/2013,6163,1105,Idaho,7268
7/27/2013,33575,3794,Illinois,37369
7/27/2013,19920,3519,Indiana,23439
7/27/2013,9095,2693,Iowa,11788
7/27/2013,7009,704,Kansas,7713
7/27/2013,14882,1518,Kentucky,16400
7/27/2013,16493,3460,Louisiana,19953
7/27/2013,2255,1428,Maine,3683
7/27/2013,17800,1761,Maryland,19561
7/27/2013,23269,1856,Massachusetts,25125
7/27/2013,26852,2134,Michigan,28986
7/27/2013,15844,915,Minnesota,16759
7/27/2013,19148,1184,Missouri,20332
7/27/2013,1761,817,Montana,2578
7/27/2013,6764,1002,Nebraska,7766
7/27/2013,6725,822,New Hampshire,7547
7/27/2013,50199,3856,New Jersey,54055
7/27/2013,5114,1105,New Mexico,6219
7/27/2013,95492,4909,New York,100401
7/27/2013,21263,6492,North Carolina,27755
7/27/2013,1207,809,North Dakota,2016
7/27/2013,19643,3784,Ohio,23427
7/27/2013,6103,3850,Oklahoma,9953
7/27/2013,8349,1620,Oregon,9969
7/27/2013,53417,11402,Pennsylvania,64819
7/27/2013,5299,1026,Rhode Island,6325
7/27/2013,9717,5674,South Carolina,15391
7/27/2013,2491,613,South Dakota,3104
7/27/2013,13023,4403,Tennessee,17426
7/27/2013,37628,10336,Texas,47964
7/27/2013,1096,631,Vermont,1727
7/27/2013,196,309,Virgin Islands,505
7/27/2013,18616,2745,Virginia,21361
7/27/2013,10717,897,Washington,11614
7/27/2013,6598,826,West Virginia,7424
7/27/2013,15078,2159,Wisconsin,17237
7/24/2013,15633,1614,Arizona,17247
7/24/2013,3134,2121,Arkansas,5255
7/24/2013,98852,0,California,98852
7/24/2013,8161,5083,Colorado,13244
7/24/2013,9695,3046,Connecticut,12741
7/24/2013,4255,529,Delaware,4784
7/24/2013,2213,399,Dist. of Columbia,2612
7/24/2013,62517,15213,Florida,77730
7/24/2013,20300,1917,Georgia,22217
7/24/2013,5300,1019,Idaho,6319
7/24/2013,26919,3321,Illinois,30240
7/24/2013,13575,2683,Indiana,16258
7/24/2013,7048,2077,Iowa,9125
7/24/2013,6007,608,Kansas,6615
7/24/2013,12407,1376,Kentucky,13783
7/24/2013,13428,2979,Louisiana,16407
7/24/2013,1792,1118,Maine,2910
7/24/2013,14386,1717,Maryland,16103
7/24/2013,19585,1764,Massachusetts,21349
7/24/2013,21843,1965,Michigan,23808
7/24/2013,12679,869,Minnesota,13548
7/24/2013,15519,1076,Missouri,16595
7/24/2013,1711,756,Montana,2467
7/24/2013,5779,847,Nebraska,6626
7/24/2013,5247,659,New Hampshire,5906
7/24/2013,40682,3512,New Jersey,44194
7/24/2013,4465,982,New Mexico,5447
7/24/2013,75405,4478,New York,79883
7/24/2013,17789,6010,North Carolina,23799
7/24/2013,997,775,North Dakota,1772
7/24/2013,15616,3288,Ohio,18904
7/24/2013,4950,3350,Oklahoma,8300
7/24/2013,6709,1479,Oregon,8188
7/24/2013,43170,9750,Pennsylvania,52920
7/24/2013,4394,936,Rhode Island,5330
7/24/2013,7973,5052,South Carolina,13025
7/24/2013,2124,548,South Dakota,2672
7/24/2013,11021,3852,Tennessee,14873
7/24/2013,31331,9285,Texas,40616
7/24/2013,883,477,Vermont,1360
7/24/2013,140,252,Virgin Islands,392
7/24/2013,16158,2652,Virginia,18810
7/24/2013,9309,795,Washington,10104
7/24/2013,5596,719,West Virginia,6315
7/24/2013,12238,1945,Wisconsin,14183
7/20/2013,14581,1416,Arizona,15997
7/20/2013,2926,1886,Arkansas,4812
7/20/2013,84902,0,California,84902
7/20/2013,7456,4581,Colorado,12037
7/20/2013,8765,2981,Connecticut,11746
7/20/2013,4017,468,Delaware,4485
7/20/2013,1944,304,Dist. of Columbia,2248
7/20/2013,59316,13862,Florida,73178
7/20/2013,18762,1679,Georgia,20441
7/20/2013,4777,941,Idaho,5718
7/20/2013,23820,2947,Illinois,26767
7/20/2013,13734,2671,Indiana,16405
7/20/2013,6786,2027,Iowa,8813
7/20/2013,5679,570,Kansas,6249
7/20/2013,11938,1317,Kentucky,13255
7/20/2013,13550,2926,Louisiana,16476
7/20/2013,1827,1330,Maine,3157
7/20/2013,13581,1397,Maryland,14978
7/20/2013,16238,1431,Massachusetts,17669
7/20/2013,19164,1735,Michigan,20899
7/20/2013,11697,797,Minnesota,12494
7/20/2013,14860,953,Missouri,15813
7/20/2013,1544,624,Montana,2168
7/20/2013,5297,848,Nebraska,6145
7/20/2013,5090,686,New Hampshire,5776
7/20/2013,32999,2940,New Jersey,35939
7/20/2013,4090,937,New Mexico,5027
7/20/2013,60795,3628,New York,64423
7/20/2013,16790,5395,North Carolina,22185
7/20/2013,871,685,North Dakota,1556
7/20/2013,14111,3126,Ohio,17237
7/20/2013,4792,3318,Oklahoma,8110
7/20/2013,5511,1208,Oregon,6719
7/20/2013,37888,8750,Pennsylvania,46638
7/20/2013,4210,901,Rhode Island,5111
7/20/2013,7747,4919,South Carolina,12666
7/20/2013,1955,454,South Dakota,2409
7/20/2013,10328,3611,Tennessee,13939
7/20/2013,28261,8457,Texas,36718
7/20/2013,884,463,Vermont,1347
7/20/2013,150,288,Virgin Islands,438
7/20/2013,14720,2402,Virginia,17122
7/20/2013,8133,700,Washington,8833
7/20/2013,4944,698,West Virginia,5642
7/20/2013,11729,1851,Wisconsin,13580
7/17/2013,12629,1299,Arizona,13928
7/17/2013,2511,1768,Arkansas,4279
7/17/2013,77452,0,California,77452
7/17/2013,6437,4157,Colorado,10594
7/17/2013,7428,2643,Connecticut,10071
7/17/2013,3247,459,Delaware,3706
7/17/2013,1749,302,Dist. of Columbia,2051
7/17/2013,52611,13195,Florida,65806
7/17/2013,15549,1472,Georgia,17021
7/17/2013,4334,888,Idaho,5222
7/17/2013,19775,2600,Illinois,22375
7/17/2013,10117,2124,Indiana,12241
7/17/2013,5811,1829,Iowa,7640
7/17/2013,4646,514,Kansas,5160
7/17/2013,10064,1158,Kentucky,11222
7/17/2013,11614,2641,Louisiana,14255
7/17/2013,1434,992,Maine,2426
7/17/2013,11582,1347,Maryland,12929
7/17/2013,13163,1266,Massachusetts,14429
7/17/2013,15973,1508,Michigan,17481
7/17/2013,9780,768,Minnesota,10548
7/17/2013,12859,960,Missouri,13819
7/17/2013,1429,592,Montana,2021
7/17/2013,4630,782,Nebraska,5412
7/17/2013,4068,561,New Hampshire,4629
7/17/2013,27964,2689,New Jersey,30653
7/17/2013,3714,893,New Mexico,4607
7/17/2013,49604,3194,New York,52798
7/17/2013,13874,4952,North Carolina,18826
7/17/2013,767,667,North Dakota,1434
7/17/2013,12421,2838,Ohio,15259
7/17/2013,4326,2896,Oklahoma,7222
7/17/2013,4623,1124,Oregon,5747
7/17/2013,32129,7848,Pennsylvania,39977
7/17/2013,3269,778,Rhode Island,4047
7/17/2013,6311,4227,South Carolina,10538
7/17/2013,1718,514,South Dakota,2232
7/17/2013,8848,3311,Tennessee,12159
7/17/2013,23720,7336,Texas,31056
7/17/2013,708,398,Vermont,1106
7/17/2013,124,216,Virgin Islands,340
7/17/2013,12558,2087,Virginia,14645
7/17/2013,7496,656,Washington,8152
7/17/2013,4308,605,West Virginia,4913
7/17/2013,9713,1593,Wisconsin,11306
7/13/2013,12343,1320,Arizona,13663
7/13/2013,2327,1659,Arkansas,3986
7/13/2013,65001,0,California,65001
7/13/2013,5735,3905,Colorado,9640
7/13/2013,6989,2481,Connecticut,9470
7/13/2013,2987,429,Delaware,3416
7/13/2013,1608,271,Dist. of Columbia,1879
7/13/2013,49281,12014,Florida,61295
7/13/2013,15492,1517,Georgia,17009
7/13/2013,4098,819,Idaho,4917
7/13/2013,17581,2436,Illinois,20017
7/13/2013,11347,2540,Indiana,13887
7/13/2013,5755,1777,Iowa,7532
7/13/2013,4932,530,Kansas,5462
7/13/2013,10021,1168,Kentucky,11189
7/13/2013,11105,2645,Louisiana,13750
7/13/2013,1626,1168,Maine,2794
7/13/2013,11347,1292,Maryland,12639
7/13/2013,10622,1229,Massachusetts,11851
7/13/2013,13992,1549,Michigan,15541
7/13/2013,9202,694,Minnesota,9896
7/13/2013,12685,898,Missouri,13583
7/13/2013,1316,623,Montana,1939
7/13/2013,4322,796,Nebraska,5118
7/13/2013,4029,660,New Hampshire,4689
7/13/2013,22982,2391,New Jersey,25373
7/13/2013,3391,802,New Mexico,4193
7/13/2013,42961,2866,New York,45827
7/13/2013,14056,5049,North Carolina,19105
7/13/2013,748,609,North Dakota,1357
7/13/2013,10914,2682,Ohio,13596
7/13/2013,3927,2731,Oklahoma,6658
7/13/2013,4257,1085,Oregon,5342
7/13/2013,27166,7169,Pennsylvania,34335
7/13/2013,3359,752,Rhode Island,4111
7/13/2013,6677,4584,South Carolina,11261
7/13/2013,1663,414,South Dakota,2077
7/13/2013,8556,3213,Tennessee,11769
7/13/2013,21191,7013,Texas,28204
7/13/2013,749,453,Vermont,1202
7/13/2013,133,272,Virgin Islands,405
7/13/2013,12072,2127,Virginia,14199
7/13/2013,6508,655,Washington,7163
7/13/2013,4325,570,West Virginia,4895
7/13/2013,9604,1659,Wisconsin,11263
7/10/2013,10122,1198,Arizona,11320
7/10/2013,1908,1371,Arkansas,3279
7/10/2013,57519,0,California,57519
7/10/2013,4805,3296,Colorado,8101
7/10/2013,5875,2278,Connecticut,8153
7/10/2013,2518,365,Delaware,2883
7/10/2013,1398,225,Dist. of Columbia,1623
7/10/2013,38854,10215,Florida,49069
7/10/2013,11723,1232,Georgia,12955
7/10/2013,3416,697,Idaho,4113
7/10/2013,14376,1939,Illinois,16315
7/10/2013,8348,1896,Indiana,10244
7/10/2013,4510,1416,Iowa,5926
7/10/2013,3868,468,Kansas,4336
7/10/2013,8116,987,Kentucky,9103
7/10/2013,8493,2130,Louisiana,10623
7/10/2013,1315,952,Maine,2267
7/10/2013,9269,1129,Maryland,10398
7/10/2013,8378,971,Massachusetts,9349
7/10/2013,11205,1246,Michigan,12451
7/10/2013,7501,642,Minnesota,8143
7/10/2013,10369,802,Missouri,11171
7/10/2013,1219,532,Montana,1751
7/10/2013,3606,647,Nebraska,4253
7/10/2013,3207,530,New Hampshire,3737
7/10/2013,20457,2323,New Jersey,22780
7/10/2013,2630,697,New Mexico,3327
7/10/2013,34493,2642,New York,37135
7/10/2013,10581,4033,North Carolina,14614
7/10/2013,641,540,North Dakota,1181
7/10/2013,8988,2295,Ohio,11283
7/10/2013,2838,2087,Oklahoma,4925
7/10/2013,3625,861,Oregon,4486
7/10/2013,21570,5872,Pennsylvania,27442
7/10/2013,2612,626,Rhode Island,3238
7/10/2013,4939,3425,South Carolina,8364
7/10/2013,1414,356,South Dakota,1770
7/10/2013,6754,2555,Tennessee,9309
7/10/2013,17152,5816,Texas,22968
7/10/2013,604,372,Vermont,976
7/10/2013,97,192,Virgin Islands,289
7/10/2013,9755,1730,Virginia,11485
7/10/2013,5695,517,Washington,6212
7/10/2013,3542,536,West Virginia,4078
7/10/2013,7718,1383,Wisconsin,9101
7/6/2013,11177,1282,Arizona,12459
7/6/2013,2251,1664,Arkansas,3915
7/6/2013,57610,0,California,57610
7/6/2013,5153,3912,Colorado,9065
7/6/2013,6069,2331,Connecticut,8400
7/6/2013,2746,413,Delaware,3159
7/6/2013,1249,229,Dist. of Columbia,1478
7/6/2013,52406,13564,Florida,65970
7/6/2013,13184,1460,Georgia,14644
7/6/2013,3834,778,Idaho,4612
7/6/2013,13683,1994,Illinois,15677
7/6/2013,10164,2396,Indiana,12560
7/6/2013,4857,1710,Iowa,6567
7/6/2013,4392,521,Kansas,4913
7/6/2013,9093,1237,Kentucky,10330
7/6/2013,10271,2617,Louisiana,12888
7/6/2013,1544,1128,Maine,2672
7/6/2013,10226,1314,Maryland,11540
7/6/2013,8370,1110,Massachusetts,9480
7/6/2013,11413,1342,Michigan,12755
7/6/2013,7880,699,Minnesota,8579
7/6/2013,11056,910,Missouri,11966
7/6/2013,1288,572,Montana,1860
7/6/2013,3861,731,Nebraska,4592
7/6/2013,3638,571,New Hampshire,4209
7/6/2013,17516,2204,New Jersey,19720
7/6/2013,3060,814,New Mexico,3874
7/6/2013,31293,2591,New York,33884
7/6/2013,13647,5297,North Carolina,18944
7/6/2013,595,551,North Dakota,1146
7/6/2013,9442,2647,Ohio,12089
7/6/2013,3567,2672,Oklahoma,6239
7/6/2013,3411,1034,Oregon,4445
7/6/2013,22443,6483,Pennsylvania,28926
7/6/2013,2986,748,Rhode Island,3734
7/6/2013,6240,4536,South Carolina,10776
7/6/2013,1503,428,South Dakota,1931
7/6/2013,8654,3503,Tennessee,12157
7/6/2013,18941,6714,Texas,25655
7/6/2013,654,420,Vermont,1074
7/6/2013,132,231,Virgin Islands,363
7/6/2013,10618,2001,Virginia,12619
7/6/2013,4923,588,Washington,5511
7/6/2013,4063,637,West Virginia,4700
7/6/2013,8316,1501,Wisconsin,9817
7/3/2013,9924,1075,Arizona,10999
7/3/2013,1753,1397,Arkansas,3150
7/3/2013,55604,0,California,55604
7/3/2013,4346,3347,Colorado,7693
7/3/2013,5473,2202,Connecticut,7675
7/3/2013,2360,371,Delaware,2731
7/3/2013,1442,241,Dist. of Columbia,1683
7/3/2013,40270,10970,Florida,51240
7/3/2013,11600,1255,Georgia,12855
7/3/2013,3294,634,Idaho,3928
7/3/2013,13235,2073,Illinois,15308
7/3/2013,8280,1951,Indiana,10231
7/3/2013,4229,1471,Iowa,5700
7/3/2013,3737,422,Kansas,4159
7/3/2013,7802,1099,Kentucky,8901
7/3/2013,8403,2157,Louisiana,10560
7/3/2013,1372,1088,Maine,2460
7/3/2013,9020,1094,Maryland,10114
7/3/2013,8471,1061,Massachusetts,9532
7/3/2013,10951,1307,Michigan,12258
7/3/2013,7252,600,Minnesota,7852
7/3/2013,10232,807,Missouri,11039
7/3/2013,1257,566,Montana,1823
7/3/2013,3683,659,Nebraska,4342
7/3/2013,3337,488,New Hampshire,3825
7/3/2013,18196,2052,New Jersey,20248
7/3/2013,2692,625,New Mexico,3317
7/3/2013,31698,2595,New York,34293
7/3/2013,10994,4352,North Carolina,15346
7/3/2013,566,501,North Dakota,1067
7/3/2013,8256,2329,Ohio,10585
7/3/2013,2728,2157,Oklahoma,4885
7/3/2013,3125,842,Oregon,3967
7/3/2013,20048,5680,Pennsylvania,25728
7/3/2013,2665,710,Rhode Island,3375
7/3/2013,5085,3547,South Carolina,8632
7/3/2013,1422,413,South Dakota,1835
7/3/2013,6790,2660,Tennessee,9450
7/3/2013,15705,5606,Texas,21311
7/3/2013,608,370,Vermont,978
7/3/2013,109,185,Virgin Islands,294
7/3/2013,9473,1855,Virginia,11328
7/3/2013,4545,475,Washington,5020
7/3/2013,3450,528,West Virginia,3978
7/3/2013,7539,1336,Wisconsin,8875
6/29/2013,10314,1159,Arizona,11473
6/29/2013,2019,1545,Arkansas,3564
6/29/2013,54468,0,California,54468
6/29/2013,4522,3378,Colorado,7900
6/29/2013,5515,2191,Connecticut,7706
6/29/2013,2477,346,Delaware,2823
6/29/2013,1390,223,Dist. of Columbia,1613
6/29/2013,42853,10950,Florida,53803
6/29/2013,12829,1321,Georgia,14150
6/29/2013,3230,647,Idaho,3877
6/29/2013,13112,1833,Illinois,14945
6/29/2013,9355,2058,Indiana,11413
6/29/2013,4412,1596,Iowa,6008
6/29/2013,3959,455,Kansas,4414
6/29/2013,8701,1062,Kentucky,9763
6/29/2013,9314,2385,Louisiana,11699
6/29/2013,1514,1220,Maine,2734
6/29/2013,9275,1175,Maryland,10450
6/29/2013,8007,925,Massachusetts,8932
6/29/2013,10570,1147,Michigan,11717
6/29/2013,7198,537,Minnesota,7735
6/29/2013,10577,780,Missouri,11357
6/29/2013,1192,569,Montana,1761
6/29/2013,3540,616,Nebraska,4156
6/29/2013,3404,459,New Hampshire,3863
6/29/2013,17605,1951,New Jersey,19556
6/29/2013,2842,742,New Mexico,3584
6/29/2013,32036,2467,New York,34503
6/29/2013,11308,4259,North Carolina,15567
6/29/2013,572,548,North Dakota,1120
6/29/2013,8920,2481,Ohio,11401
6/29/2013,2897,2287,Oklahoma,5184
6/29/2013,3123,825,Oregon,3948
6/29/2013,20165,5844,Pennsylvania,26009
6/29/2013,2840,621,Rhode Island,3461
6/29/2013,5349,3923,South Carolina,9272
6/29/2013,1312,378,South Dakota,1690
6/29/2013,7400,2906,Tennessee,10306
6/29/2013,16511,5830,Texas,22341
6/29/2013,548,387,Vermont,935
6/29/2013,96,252,Virgin Islands,348
6/29/2013,9568,1778,Virginia,11346
6/29/2013,4358,527,Washington,4885
6/29/2013,3641,571,West Virginia,4212
6/29/2013,7848,1426,Wisconsin,9274
6/26/2013,9421,1152,Arizona,10573
6/26/2013,1653,1283,Arkansas,2936
6/26/2013,48085,0,California,48085
6/26/2013,4058,3069,Colorado,7127
6/26/2013,5136,2156,Connecticut,7292
6/26/2013,2063,351,Delaware,2414
6/26/2013,1315,205,Dist. of Columbia,1520
6/26/2013,36397,9926,Florida,46323
6/26/2013,9953,1094,Georgia,11047
6/26/2013,3124,654,Idaho,3778
6/26/2013,11505,1710,Illinois,13215
6/26/2013,7440,1824,Indiana,9264
6/26/2013,3868,1409,Iowa,5277
6/26/2013,3482,451,Kansas,3933
6/26/2013,7245,894,Kentucky,8139
6/26/2013,7725,1960,Louisiana,9685
6/26/2013,1285,1020,Maine,2305
6/26/2013,8088,1016,Maryland,9104
6/26/2013,7690,897,Massachusetts,8587
6/26/2013,9502,1146,Michigan,10648
6/26/2013,6369,518,Minnesota,6887
6/26/2013,9768,816,Missouri,10584
6/26/2013,1150,537,Montana,1687
6/26/2013,3435,666,Nebraska,4101
6/26/2013,2918,492,New Hampshire,3410
6/26/2013,16554,2022,New Jersey,18576
6/26/2013,2568,627,New Mexico,3195
6/26/2013,28285,2265,New York,30550
6/26/2013,9218,3647,North Carolina,12865
6/26/2013,553,544,North Dakota,1097
6/26/2013,7938,2226,Ohio,10164
6/26/2013,2545,1948,Oklahoma,4493
6/26/2013,3958,1014,Oregon,4972
6/26/2013,17285,5016,Pennsylvania,22301
6/26/2013,2447,626,Rhode Island,3073
6/26/2013,4371,3095,South Carolina,7466
6/26/2013,1263,391,South Dakota,1654
6/26/2013,6283,2457,Tennessee,8740
6/26/2013,14632,5697,Texas,20329
6/26/2013,516,339,Vermont,855
6/26/2013,78,143,Virgin Islands,221
6/26/2013,8188,1508,Virginia,9696
6/26/2013,4210,519,Washington,4729
6/26/2013,3269,464,West Virginia,3733
6/26/2013,6925,1330,Wisconsin,8255
6/22/2013,14017,1359,Arizona,15376
6/22/2013,2712,2012,Arkansas,4724
6/22/2013,81148,0,California,81148
6/22/2013,6806,4461,Colorado,11267
6/22/2013,8570,2947,Connecticut,11517
6/22/2013,3401,425,Delaware,3826
6/22/2013,1868,308,Dist. of Columbia,2176
6/22/2013,56775,13536,Florida,70311
6/22/2013,17238,1536,Georgia,18774
6/22/2013,4002,758,Idaho,4760
6/22/2013,19913,2556,Illinois,22469
6/22/2013,12582,2525,Indiana,15107
6/22/2013,6045,1859,Iowa,7904
6/22/2013,5239,552,Kansas,5791
6/22/2013,11289,1262,Kentucky,12551
6/22/2013,13198,2933,Louisiana,16131
6/22/2013,1858,1362,Maine,3220
6/22/2013,12877,1442,Maryland,14319
6/22/2013,12205,1283,Massachusetts,13488
6/22/2013,17580,1623,Michigan,19203
6/22/2013,10154,691,Minnesota,10845
6/22/2013,14299,957,Missouri,15256
6/22/2013,1394,579,Montana,1973
6/22/2013,4753,796,Nebraska,5549
6/22/2013,4562,612,New Hampshire,5174
6/22/2013,29528,2908,New Jersey,32436
6/22/2013,3881,890,New Mexico,4771
6/22/2013,55832,3391,New York,59223
6/22/2013,15575,5264,North Carolina,20839
6/22/2013,774,660,North Dakota,1434
6/22/2013,13919,3207,Ohio,17126
6/22/2013,4160,2862,Oklahoma,7022
6/22/2013,4597,1098,Oregon,5695
6/22/2013,32322,8122,Pennsylvania,40444
6/22/2013,3840,847,Rhode Island,4687
6/22/2013,7110,4673,South Carolina,11783
6/22/2013,1849,463,South Dakota,2312
6/22/2013,9535,3347,Tennessee,12882
6/22/2013,26210,8046,Texas,34256
6/22/2013,834,461,Vermont,1295
6/22/2013,153,273,Virgin Islands,426
6/22/2013,13745,2384,Virginia,16129
6/22/2013,7228,658,Washington,7886
6/22/2013,4731,647,West Virginia,5378
6/22/2013,10219,1607,Wisconsin,11826
6/19/2013,12439,1230,Arizona,13669
6/19/2013,2420,1865,Arkansas,4285
6/19/2013,80128,0,California,80128
6/19/2013,6416,4263,Colorado,10679
6/19/2013,7619,2632,Connecticut,10251
6/19/2013,3033,421,Delaware,3454
6/19/2013,1712,284,Dist. of Columbia,1996
6/19/2013,52194,13406,Florida,65600
6/19/2013,14994,1377,Georgia,16371
6/19/2013,4154,825,Idaho,4979
6/19/2013,17676,2352,Illinois,20028
6/19/2013,9793,2059,Indiana,11852
6/19/2013,5421,1663,Iowa,7084
6/19/2013,4540,519,Kansas,5059
6/19/2013,9830,1121,Kentucky,10951
6/19/2013,10115,2278,Louisiana,12393
6/19/2013,1576,1138,Maine,2714
6/19/2013,11308,1307,Maryland,12615
6/19/2013,10551,1129,Massachusetts,11680
6/19/2013,14684,1502,Michigan,16186
6/19/2013,9378,713,Minnesota,10091
6/19/2013,12805,910,Missouri,13715
6/19/2013,1410,627,Montana,2037
6/19/2013,4425,724,Nebraska,5149
6/19/2013,3812,503,New Hampshire,4315
6/19/2013,26029,2592,New Jersey,28621
6/19/2013,3476,803,New Mexico,4279
6/19/2013,46967,3067,New York,50034
6/19/2013,13348,4889,North Carolina,18237
6/19/2013,716,620,North Dakota,1336
6/19/2013,12119,2871,Ohio,14990
6/19/2013,4039,2727,Oklahoma,6766
6/19/2013,4143,973,Oregon,5116
6/19/2013,28870,7369,Pennsylvania,36239
6/19/2013,3113,689,Rhode Island,3802
6/19/2013,6084,4182,South Carolina,10266
6/19/2013,1750,486,South Dakota,2236
6/19/2013,8633,3220,Tennessee,11853
6/19/2013,23114,7144,Texas,30258
6/19/2013,655,332,Vermont,987
6/19/2013,109,174,Virgin Islands,283
6/19/2013,12278,2029,Virginia,14307
6/19/2013,7012,642,Washington,7654
6/19/2013,4276,608,West Virginia,4884
6/19/2013,9111,1436,Wisconsin,10547
6/15/2013,11595,1202,Arizona,12797
6/15/2013,2027,1512,Arkansas,3539
6/15/2013,68715,0,California,68715
6/15/2013,5019,3544,Colorado,8563
6/15/2013,6337,2408,Connecticut,8745
6/15/2013,2661,353,Delaware,3014
6/15/2013,1430,272,Dist. of Columbia,1702
6/15/2013,46900,11313,Florida,58213
6/15/2013,13822,1383,Georgia,15205
6/15/2013,3559,654,Idaho,4213
6/15/2013,16060,2040,Illinois,18100
6/15/2013,10117,2040,Indiana,12157
6/15/2013,4831,1636,Iowa,6467
6/15/2013,4516,418,Kansas,4934
6/15/2013,9264,1110,Kentucky,10374
6/15/2013,10231,2312,Louisiana,12543
6/15/2013,1471,1070,Maine,2541
6/15/2013,10397,1167,Maryland,11564
6/15/2013,9267,998,Massachusetts,10265
6/15/2013,12370,1341,Michigan,13711
6/15/2013,8352,652,Minnesota,9004
6/15/2013,11373,789,Missouri,12162
6/15/2013,1293,509,Montana,1802
6/15/2013,3867,654,Nebraska,4521
6/15/2013,3719,495,New Hampshire,4214
6/15/2013,20823,2173,New Jersey,22996
6/15/2013,3141,757,New Mexico,3898
6/15/2013,38587,2627,New York,41214
6/15/2013,12120,4183,North Carolina,16303
6/15/2013,627,520,North Dakota,1147
6/15/2013,10883,2636,Ohio,13519
6/15/2013,3177,2279,Oklahoma,5456
6/15/2013,3596,912,Oregon,4508
6/15/2013,22648,5974,Pennsylvania,28622
6/15/2013,3105,662,Rhode Island,3767
6/15/2013,5713,3821,South Carolina,9534
6/15/2013,1480,440,South Dakota,1920
6/15/2013,7917,2905,Tennessee,10822
6/15/2013,20388,6446,Texas,26834
6/15/2013,663,396,Vermont,1059
6/15/2013,139,200,Virgin Islands,339
6/15/2013,10853,1853,Virginia,12706
6/15/2013,5793,509,Washington,6302
6/15/2013,3815,536,West Virginia,4351
6/15/2013,8749,1507,Wisconsin,10256
6/12/2013,10002,1022,Arizona,11024
6/12/2013,1819,1372,Arkansas,3191
6/12/2013,61440,0,California,61440
6/12/2013,4513,3262,Colorado,7775
6/12/2013,5552,2058,Connecticut,7610
6/12/2013,2307,292,Delaware,2599
6/12/2013,1407,243,Dist. of Columbia,1650
6/12/2013,38298,9474,Florida,47772
6/12/2013,11539,1121,Georgia,12660
6/12/2013,3555,685,Idaho,4240
6/12/2013,13646,1785,Illinois,15431
6/12/2013,8065,1628,Indiana,9693
6/12/2013,4162,1279,Iowa,5441
6/12/2013,3738,418,Kansas,4156
6/12/2013,8013,978,Kentucky,8991
6/12/2013,8635,2016,Louisiana,10651
6/12/2013,1228,900,Maine,2128
6/12/2013,9110,1019,Maryland,10129
6/12/2013,8204,868,Massachusetts,9072
6/12/2013,10614,1161,Michigan,11775
6/12/2013,7224,548,Minnesota,7772
6/12/2013,10206,736,Missouri,10942
6/12/2013,1169,485,Montana,1654
6/12/2013,3607,590,Nebraska,4197
6/12/2013,3018,454,New Hampshire,3472
6/12/2013,19227,2124,New Jersey,21351
6/12/2013,2686,653,New Mexico,3339
6/12/2013,32723,2231,New York,34954
6/12/2013,10666,4014,North Carolina,14680
6/12/2013,606,510,North Dakota,1116
6/12/2013,8865,2421,Ohio,11286
6/12/2013,2849,2056,Oklahoma,4905
6/12/2013,3224,827,Oregon,4051
6/12/2013,20313,5491,Pennsylvania,25804
6/12/2013,2422,602,Rhode Island,3024
6/12/2013,4764,3393,South Carolina,8157
6/12/2013,1324,340,South Dakota,1664
6/12/2013,6834,2579,Tennessee,9413
6/12/2013,17382,5658,Texas,23040
6/12/2013,540,323,Vermont,863
6/12/2013,92,173,Virgin Islands,265
6/12/2013,9357,1662,Virginia,11019
6/12/2013,5249,478,Washington,5727
6/12/2013,3496,435,West Virginia,3931
6/12/2013,7483,1176,Wisconsin,8659
6/8/2013,12275,1389,Arizona,13664
6/8/2013,2474,1979,Arkansas,4453
6/8/2013,73322,0,California,73322
6/8/2013,5453,4027,Colorado,9480
6/8/2013,7372,2739,Connecticut,10111
6/8/2013,2928,432,Delaware,3360
6/8/2013,1733,333,Dist. of Columbia,2066
6/8/2013,56630,14579,Florida,71209
6/8/2013,15177,1533,Georgia,16710
6/8/2013,3953,769,Idaho,4722
6/8/2013,16722,2351,Illinois,19073
6/8/2013,11037,2461,Indiana,13498
6/8/2013,5245,1730,Iowa,6975
6/8/2013,4784,597,Kansas,5381
6/8/2013,9693,1241,Kentucky,10934
6/8/2013,10888,2646,Louisiana,13534
6/8/2013,1593,1355,Maine,2948
6/8/2013,11841,1513,Maryland,13354
6/8/2013,10872,1210,Massachusetts,12082
6/8/2013,13088,1501,Michigan,14589
6/8/2013,8453,741,Minnesota,9194
6/8/2013,12546,1000,Missouri,13546
6/8/2013,1353,576,Montana,1929
6/8/2013,4256,749,Nebraska,5005
6/8/2013,4036,622,New Hampshire,4658
6/8/2013,21231,2367,New Jersey,23598
6/8/2013,3262,834,New Mexico,4096
6/8/2013,38597,3036,New York,41633
6/8/2013,15266,5681,North Carolina,20947
6/8/2013,687,633,North Dakota,1320
6/8/2013,11055,3047,Ohio,14102
6/8/2013,3792,2865,Oklahoma,6657
6/8/2013,3673,1008,Oregon,4681
6/8/2013,24602,7116,Pennsylvania,31718
6/8/2013,3403,793,Rhode Island,4196
6/8/2013,6710,4999,South Carolina,11709
6/8/2013,1617,451,South Dakota,2068
6/8/2013,9447,3744,Tennessee,13191
6/8/2013,22157,7274,Texas,29431
6/8/2013,782,448,Vermont,1230
6/8/2013,143,194,Virgin Islands,337
6/8/2013,12246,2284,Virginia,14530
6/8/2013,5605,621,Washington,6226
6/8/2013,4524,668,West Virginia,5192
6/8/2013,8922,1511,Wisconsin,10433
6/5/2013,9298,1031,Arizona,10329
6/5/2013,1766,1341,Arkansas,3107
6/5/2013,58349,0,California,58349
6/5/2013,4168,3016,Colorado,7184
6/5/2013,5180,1977,Connecticut,7157
6/5/2013,2212,283,Delaware,2495
6/5/2013,1372,236,Dist. of Columbia,1608
6/5/2013,36162,9312,Florida,45474
6/5/2013,10495,1057,Georgia,11552
6/5/2013,3378,645,Idaho,4023
6/5/2013,13017,1726,Illinois,14743
6/5/2013,7741,1633,Indiana,9374
6/5/2013,3963,1296,Iowa,5259
6/5/2013,3605,409,Kansas,4014
6/5/2013,7640,899,Kentucky,8539
6/5/2013,8174,1945,Louisiana,10119
6/5/2013,1058,855,Maine,1913
6/5/2013,8777,977,Maryland,9754
6/5/2013,7557,812,Massachusetts,8369
6/5/2013,9808,1107,Michigan,10915
6/5/2013,6698,511,Minnesota,7209
6/5/2013,10060,715,Missouri,10775
6/5/2013,1095,466,Montana,1561
6/5/2013,3266,573,Nebraska,3839
6/5/2013,2723,419,New Hampshire,3142
6/5/2013,17368,1896,New Jersey,19264
6/5/2013,2468,580,New Mexico,3048
6/5/2013,29894,2186,New York,32080
6/5/2013,10072,3791,North Carolina,13863
6/5/2013,563,494,North Dakota,1057
6/5/2013,8254,2260,Ohio,10514
6/5/2013,2514,1965,Oklahoma,4479
6/5/2013,3109,765,Oregon,3874
6/5/2013,18444,5200,Pennsylvania,23644
6/5/2013,2367,543,Rhode Island,2910
6/5/2013,4373,3185,South Carolina,7558
6/5/2013,1243,328,South Dakota,1571
6/5/2013,6593,2342,Tennessee,8935
6/5/2013,15529,5189,Texas,20718
6/5/2013,483,295,Vermont,778
6/5/2013,104,184,Virgin Islands,288
6/5/2013,8731,1573,Virginia,10304
6/5/2013,4811,437,Washington,5248
6/5/2013,3396,475,West Virginia,3871
6/5/2013,7249,1184,Wisconsin,8433
6/1/2013,11432,1289,Arizona,12721
6/1/2013,2111,1771,Arkansas,3882
6/1/2013,69006,0,California,69006
6/1/2013,4203,3420,Colorado,7623
6/1/2013,5666,2244,Connecticut,7910
6/1/2013,2635,375,Delaware,3010
6/1/2013,1620,267,Dist. of Columbia,1887
6/1/2013,44927,11489,Florida,56416
6/1/2013,14436,1458,Georgia,15894
6/1/2013,4042,869,Idaho,4911
6/1/2013,15035,2049,Illinois,17084
6/1/2013,10095,2352,Indiana,12447
6/1/2013,4506,1557,Iowa,6063
6/1/2013,4289,464,Kansas,4753
6/1/2013,9193,1134,Kentucky,10327
6/1/2013,9978,2413,Louisiana,12391
6/1/2013,1283,992,Maine,2275
6/1/2013,9688,1193,Maryland,10881
6/1/2013,7903,905,Massachusetts,8808
6/1/2013,11352,1193,Michigan,12545
6/1/2013,7350,588,Minnesota,7938
6/1/2013,11419,876,Missouri,12295
6/1/2013,1204,618,Montana,1822
6/1/2013,3791,636,Nebraska,4427
6/1/2013,3221,463,New Hampshire,3684
6/1/2013,19077,2182,New Jersey,21259
6/1/2013,3020,812,New Mexico,3832
6/1/2013,35350,2535,New York,37885
6/1/2013,12286,4804,North Carolina,17090
6/1/2013,617,558,North Dakota,1175
6/1/2013,9491,2596,Ohio,12087
6/1/2013,2948,2382,Oklahoma,5330
6/1/2013,4110,1030,Oregon,5140
6/1/2013,20740,6328,Pennsylvania,27068
6/1/2013,2992,660,Rhode Island,3652
6/1/2013,5520,4109,South Carolina,9629
6/1/2013,1327,340,South Dakota,1667
6/1/2013,7985,3162,Tennessee,11147
6/1/2013,17429,6077,Texas,23506
6/1/2013,588,394,Vermont,982
6/1/2013,140,233,Virgin Islands,373
6/1/2013,10066,1828,Virginia,11894
6/1/2013,5196,555,Washington,5751
6/1/2013,3706,560,West Virginia,4266
6/1/2013,8376,1472,Wisconsin,9848
5/29/2013,9375,1010,Arizona,10385
5/29/2013,1718,1255,Arkansas,2973
5/29/2013,59573,0,California,59573
5/29/2013,3835,2804,Colorado,6639
5/29/2013,4962,1936,Connecticut,6898
5/29/2013,1990,291,Delaware,2281
5/29/2013,1183,222,Dist. of Columbia,1405
5/29/2013,36496,9616,Florida,46112
5/29/2013,10592,1093,Georgia,11685
5/29/2013,3764,714,Idaho,4478
5/29/2013,12563,1757,Illinois,14320
5/29/2013,7449,1697,Indiana,9146
5/29/2013,3957,1357,Iowa,5314
5/29/2013,3365,402,Kansas,3767
5/29/2013,6735,870,Kentucky,7605
5/29/2013,7738,1891,Louisiana,9629
5/29/2013,1202,953,Maine,2155
5/29/2013,8105,986,Maryland,9091
5/29/2013,7239,870,Massachusetts,8109
5/29/2013,9432,1074,Michigan,10506
5/29/2013,6274,504,Minnesota,6778
5/29/2013,9101,687,Missouri,9788
5/29/2013,1163,507,Montana,1670
5/29/2013,3216,582,Nebraska,3798
5/29/2013,2936,414,New Hampshire,3350
5/29/2013,15876,1841,New Jersey,17717
5/29/2013,2396,589,New Mexico,2985
5/29/2013,27114,2087,New York,29201
5/29/2013,10006,3826,North Carolina,13832
5/29/2013,529,497,North Dakota,1026
5/29/2013,7724,2100,Ohio,9824
5/29/2013,2604,2057,Oklahoma,4661
5/29/2013,3932,914,Oregon,4846
5/29/2013,16638,5242,Pennsylvania,21880
5/29/2013,2331,565,Rhode Island,2896
5/29/2013,4524,3172,South Carolina,7696
5/29/2013,1297,323,South Dakota,1620
5/29/2013,6557,2542,Tennessee,9099
5/29/2013,14067,4815,Texas,18882
5/29/2013,557,307,Vermont,864
5/29/2013,108,221,Virgin Islands,329
5/29/2013,8293,1537,Virginia,9830
5/29/2013,4306,474,Washington,4780
5/29/2013,3158,452,West Virginia,3610
5/29/2013,6868,1211,Wisconsin,8079
5/25/2013,12720,1352,Arizona,14072
5/25/2013,2446,1955,Arkansas,4401
5/25/2013,81752,0,California,81752
5/25/2013,4976,3849,Colorado,8825
5/25/2013,7351,2779,Connecticut,10130
5/25/2013,2842,411,Delaware,3253
5/25/2013,1684,319,Dist. of Columbia,2003
5/25/2013,56796,14488,Florida,71284
5/25/2013,15317,1561,Georgia,16878
5/25/2013,4242,851,Idaho,5093
5/25/2013,17292,2490,Illinois,19782
5/25/2013,11321,2492,Indiana,13813
5/25/2013,5277,1773,Iowa,7050
5/25/2013,4435,530,Kansas,4965
5/25/2013,9665,1282,Kentucky,10947
5/25/2013,10208,2569,Louisiana,12777
5/25/2013,1700,1296,Maine,2996
5/25/2013,11876,1395,Maryland,13271
5/25/2013,10301,1268,Massachusetts,11569
5/25/2013,12744,1446,Michigan,14190
5/25/2013,8197,660,Minnesota,8857
5/25/2013,12176,1006,Missouri,13182
5/25/2013,1378,589,Montana,1967
5/25/2013,4222,784,Nebraska,5006
5/25/2013,4281,632,New Hampshire,4913
5/25/2013,21771,2659,New Jersey,24430
5/25/2013,3143,772,New Mexico,3915
5/25/2013,40425,3075,New York,43500
5/25/2013,14812,5573,North Carolina,20385
5/25/2013,714,620,North Dakota,1334
5/25/2013,10856,2978,Ohio,13834
5/25/2013,3472,2612,Oklahoma,6084
5/25/2013,3754,1003,Oregon,4757
5/25/2013,24858,7603,Pennsylvania,32461
5/25/2013,3369,734,Rhode Island,4103
5/25/2013,6502,4770,South Carolina,11272
5/25/2013,1604,405,South Dakota,2009
5/25/2013,9497,3565,Tennessee,13062
5/25/2013,20759,6925,Texas,27684
5/25/2013,692,478,Vermont,1170
5/25/2013,136,289,Virgin Islands,425
5/25/2013,12226,2280,Virginia,14506
5/25/2013,5366,543,Washington,5909
5/25/2013,4464,645,West Virginia,5109
5/25/2013,8717,1636,Wisconsin,10353
5/22/2013,11372,1176,Arizona,12548
5/22/2013,1929,1493,Arkansas,3422
5/22/2013,72082,0,California,72082
5/22/2013,4231,3173,Colorado,7404
5/22/2013,5485,2031,Connecticut,7516
5/22/2013,2259,313,Delaware,2572
5/22/2013,1451,187,Dist. of Columbia,1638
5/22/2013,40833,10604,Florida,51437
5/22/2013,11909,1223,Georgia,13132
5/22/2013,4613,857,Idaho,5470
5/22/2013,14615,2071,Illinois,16686
5/22/2013,8682,1829,Indiana,10511
5/22/2013,4373,1284,Iowa,5657
5/22/2013,3692,388,Kansas,4080
5/22/2013,7653,949,Kentucky,8602
5/22/2013,8563,2061,Louisiana,10624
5/22/2013,1135,919,Maine,2054
5/22/2013,8992,1100,Maryland,10092
5/22/2013,7787,918,Massachusetts,8705
5/22/2013,11310,1115,Michigan,12425
5/22/2013,7078,545,Minnesota,7623
5/22/2013,9336,780,Missouri,10116
5/22/2013,1199,519,Montana,1718
5/22/2013,3716,621,Nebraska,4337
5/22/2013,2938,437,New Hampshire,3375
5/22/2013,18303,2050,New Jersey,20353
5/22/2013,2513,632,New Mexico,3145
5/22/2013,31109,2291,New York,33400
5/22/2013,11193,4149,North Carolina,15342
5/22/2013,622,556,North Dakota,1178
5/22/2013,9698,2380,Ohio,12078
5/22/2013,2670,2069,Oklahoma,4739
5/22/2013,5346,1273,Oregon,6619
5/22/2013,18881,5683,Pennsylvania,24564
5/22/2013,2479,594,Rhode Island,3073
5/22/2013,4519,3352,South Carolina,7871
5/22/2013,1426,377,South Dakota,1803
5/22/2013,7855,3008,Tennessee,10863
5/22/2013,16037,5475,Texas,21512
5/22/2013,528,347,Vermont,875
5/22/2013,113,211,Virgin Islands,324
5/22/2013,9125,1639,Virginia,10764
5/22/2013,5096,565,Washington,5661
5/22/2013,3592,494,West Virginia,4086
5/22/2013,7224,1263,Wisconsin,8487
5/18/2013,189877,8710,Arizona,198587
5/18/2013,31592,19653,Arkansas,51245
5/18/2013,769585,0,California,769585
5/18/2013,79702,42345,Colorado,122047
5/18/2013,105927,21393,Connecticut,127320
5/18/2013,35718,2656,Delaware,38374
5/18/2013,19485,1477,Dist. of Columbia,20962
5/18/2013,555252,87803,Florida,643055
5/18/2013,229721,10792,Georgia,240513
5/18/2013,40213,4965,Idaho,45178
5/18/2013,283217,19398,Illinois,302615
5/18/2013,133578,15102,Indiana,148680
5/18/2013,63968,13672,Iowa,77640
5/18/2013,59933,3488,Kansas,63421
5/18/2013,92588,6098,Kentucky,98686
5/18/2013,126564,15685,Louisiana,142249
5/18/2013,16896,9700,Maine,26596
5/18/2013,173012,8287,Maryland,181299
5/18/2013,207226,8184,Massachusetts,215410
5/18/2013,213997,8094,Michigan,222091
5/18/2013,122358,3957,Minnesota,126315
5/18/2013,145610,4889,Missouri,150499
5/18/2013,16412,4906,Montana,21318
5/18/2013,41417,3703,Nebraska,45120
5/18/2013,45994,3095,New Hampshire,49089
5/18/2013,370030,15318,New Jersey,385348
5/18/2013,49130,7464,New Mexico,56594
5/18/2013,612353,17769,New York,630122
5/18/2013,182366,36844,North Carolina,219210
5/18/2013,11753,6330,North Dakota,18083
5/18/2013,200502,23783,Ohio,224285
5/18/2013,51222,27944,Oklahoma,79166
5/18/2013,65839,9424,Oregon,75263
5/18/2013,383118,63364,Pennsylvania,446482
5/18/2013,33630,4346,Rhode Island,37976
5/18/2013,78204,36050,South Carolina,114254
5/18/2013,18587,3251,South Dakota,21838
5/18/2013,125310,31890,Tennessee,157200
5/18/2013,401136,70727,Texas,471863
5/18/2013,7839,3323,Vermont,11162
5/18/2013,1413,1930,Virgin Islands,3343
5/18/2013,196489,18415,Virginia,214904
5/18/2013,111161,5109,Washington,116270
5/18/2013,47954,3590,West Virginia,51544
5/18/2013,126555,9191,Wisconsin,135746
5/15/2013,67309,3656,Arizona,70965
5/15/2013,10603,6526,Arkansas,17129
5/15/2013,234071,0,California,234071
5/15/2013,26292,14358,Colorado,40650
5/15/2013,37322,8718,Connecticut,46040
5/15/2013,14006,1003,Delaware,15009
5/15/2013,7878,719,Dist. of Columbia,8597
5/15/2013,189664,34544,Florida,224208
5/15/2013,79280,4242,Georgia,83522
5/15/2013,12418,1728,Idaho,14146
5/15/2013,96639,7571,Illinois,104210
5/15/2013,47376,6603,Indiana,53979
5/15/2013,25263,5892,Iowa,31155
5/15/2013,21407,1445,Kansas,22852
5/15/2013,33740,2698,Kentucky,36438
5/15/2013,46130,6858,Louisiana,52988
5/15/2013,5665,3144,Maine,8809
5/15/2013,57581,3339,Maryland,60920
5/15/2013,77609,3495,Massachusetts,81104
5/15/2013,76244,3621,Michigan,79865
5/15/2013,47079,1745,Minnesota,48824
5/15/2013,58756,2241,Missouri,60997
5/15/2013,4503,1524,Montana,6027
5/15/2013,16877,1752,Nebraska,18629
5/15/2013,18664,1397,New Hampshire,20061
5/15/2013,157053,7475,New Jersey,164528
5/15/2013,16676,2657,New Mexico,19333
5/15/2013,249452,8642,New York,258094
5/15/2013,57400,14456,North Carolina,71856
5/15/2013,3553,2155,North Dakota,5708
5/15/2013,67831,8991,Ohio,76822
5/15/2013,17358,9269,Oklahoma,26627
5/15/2013,21767,3265,Oregon,25032
5/15/2013,159698,27476,Pennsylvania,187174
5/15/2013,12852,2037,Rhode Island,14889
5/15/2013,24967,12472,South Carolina,37439
5/15/2013,6186,1176,South Dakota,7362
5/15/2013,38866,10438,Tennessee,49304
5/15/2013,116119,24470,Texas,140589
5/15/2013,2505,1020,Vermont,3525
5/15/2013,390,615,Virgin Islands,1005
5/15/2013,58305,6226,Virginia,64531
5/15/2013,33907,1867,Washington,35774
5/15/2013,17599,1651,West Virginia,19250
5/15/2013,45748,4036,Wisconsin,49784
5/11/2013,36037,2660,Arizona,38697
5/11/2013,5705,3755,Arkansas,9460
5/11/2013,147238,0,California,147238
5/11/2013,13547,7743,Colorado,21290
5/11/2013,19102,5125,Connecticut,24227
5/11/2013,7550,684,Delaware,8234
5/11/2013,3576,473,Dist. of Columbia,4049
5/11/2013,121490,25796,Florida,147286
5/11/2013,39052,2846,Georgia,41898
5/11/2013,7663,1355,Idaho,9018
5/11/2013,52121,5173,Illinois,57294
5/11/2013,25437,4172,Indiana,29609
5/11/2013,15057,3857,Iowa,18914
5/11/2013,9676,880,Kansas,10556
5/11/2013,21681,2039,Kentucky,23720
5/11/2013,23666,4382,Louisiana,28048
5/11/2013,3336,2076,Maine,5412
5/11/2013,27885,2315,Maryland,30200
5/11/2013,29746,2070,Massachusetts,31816
5/11/2013,37782,2604,Michigan,40386
5/11/2013,25941,1323,Minnesota,27264
5/11/2013,28850,1545,Missouri,30395
5/11/2013,2425,988,Montana,3413
5/11/2013,9470,1227,Nebraska,10697
5/11/2013,10763,1048,New Hampshire,11811
5/11/2013,77129,5055,New Jersey,82184
5/11/2013,8147,1630,New Mexico,9777
5/11/2013,138891,6140,New York,145031
5/11/2013,29187,8706,North Carolina,37893
5/11/2013,1695,1096,North Dakota,2791
5/11/2013,33197,5585,Ohio,38782
5/11/2013,9154,5419,Oklahoma,14573
5/11/2013,11674,2128,Oregon,13802
5/11/2013,85506,16962,Pennsylvania,102468
5/11/2013,7708,1404,Rhode Island,9112
5/11/2013,13406,7669,South Carolina,21075
5/11/2013,3440,709,South Dakota,4149
5/11/2013,19734,6207,Tennessee,25941
5/11/2013,47909,12796,Texas,60705
5/11/2013,1461,668,Vermont,2129
5/11/2013,252,426,Virgin Islands,678
5/11/2013,27114,3814,Virginia,30928
5/11/2013,16647,1174,Washington,17821
5/11/2013,10198,1225,West Virginia,11423
5/11/2013,23003,2790,Wisconsin,25793
5/8/2013,27261,2097,Arizona,29358
5/8/2013,4432,3022,Arkansas,7454
5/8/2013,132922,0,California,132922
5/8/2013,11660,6822,Colorado,18482
5/8/2013,15433,4405,Connecticut,19838
5/8/2013,6079,613,Delaware,6692
5/8/2013,2854,433,Dist. of Columbia,3287
5/8/2013,96689,21397,Florida,118086
5/8/2013,31768,2400,Georgia,34168
5/8/2013,6562,1063,Idaho,7625
5/8/2013,40984,4322,Illinois,45306
5/8/2013,20345,3549,Indiana,23894
5/8/2013,12153,3200,Iowa,15353
5/8/2013,7970,769,Kansas,8739
5/8/2013,17591,1818,Kentucky,19409
5/8/2013,19149,3567,Louisiana,22716
5/8/2013,2630,1645,Maine,4275
5/8/2013,21610,2008,Maryland,23618
5/8/2013,23533,1823,Massachusetts,25356
5/8/2013,31139,2316,Michigan,33455
5/8/2013,21189,1147,Minnesota,22336
5/8/2013,22519,1365,Missouri,23884
5/8/2013,1935,720,Montana,2655
5/8/2013,7949,1019,Nebraska,8968
5/8/2013,7418,885,New Hampshire,8303
5/8/2013,63473,4557,New Jersey,68030
5/8/2013,6639,1307,New Mexico,7946
5/8/2013,113760,5443,New York,119203
5/8/2013,23689,7355,North Carolina,31044
5/8/2013,1395,990,North Dakota,2385
5/8/2013,26793,4598,Ohio,31391
5/8/2013,7326,4403,Oklahoma,11729
5/8/2013,10309,1765,Oregon,12074
5/8/2013,70589,13988,Pennsylvania,84577
5/8/2013,6306,1198,Rhode Island,7504
5/8/2013,10181,6147,South Carolina,16328
5/8/2013,2951,620,South Dakota,3571
5/8/2013,15589,4917,Tennessee,20506
5/8/2013,40013,11131,Texas,51144
5/8/2013,1094,569,Vermont,1663
5/8/2013,192,346,Virgin Islands,538
5/8/2013,21891,3213,Virginia,25104
5/8/2013,15592,1045,Washington,16637
5/8/2013,8308,976,West Virginia,9284
5/8/2013,17278,2286,Wisconsin,19564
5/4/2013,21687,1817,Arizona,23504
5/4/2013,4160,2906,Arkansas,7066
5/4/2013,107551,0,California,107551
5/4/2013,10010,6287,Colorado,16297
5/4/2013,12655,3898,Connecticut,16553
5/4/2013,5320,594,Delaware,5914
5/4/2013,2453,416,Dist. of Columbia,2869
5/4/2013,91916,21901,Florida,113817
5/4/2013,26011,2258,Georgia,28269
5/4/2013,5823,1022,Idaho,6845
5/4/2013,33328,4125,Illinois,37453
5/4/2013,18544,3581,Indiana,22125
5/4/2013,10751,2899,Iowa,13650
5/4/2013,7082,738,Kansas,7820
5/4/2013,15479,1683,Kentucky,17162
5/4/2013,16165,3410,Louisiana,19575
5/4/2013,2498,1659,Maine,4157
5/4/2013,18838,1928,Maryland,20766
5/4/2013,19796,1756,Massachusetts,21552
5/4/2013,26839,2351,Michigan,29190
5/4/2013,17400,1131,Minnesota,18531
5/4/2013,19832,1308,Missouri,21140
5/4/2013,1955,778,Montana,2733
5/4/2013,6852,977,Nebraska,7829
5/4/2013,6625,770,New Hampshire,7395
5/4/2013,50205,3988,New Jersey,54193
5/4/2013,5801,1236,New Mexico,7037
5/4/2013,95666,4831,New York,100497
5/4/2013,22173,7507,North Carolina,29680
5/4/2013,1233,1000,North Dakota,2233
5/4/2013,22228,4439,Ohio,26667
5/4/2013,6727,4307,Oklahoma,11034
5/4/2013,7539,1546,Oregon,9085
5/4/2013,54928,12274,Pennsylvania,67202
5/4/2013,5608,1109,Rhode Island,6717
5/4/2013,10119,6534,South Carolina,16653
5/4/2013,2502,579,South Dakota,3081
5/4/2013,14449,5007,Tennessee,19456
5/4/2013,33958,9985,Texas,43943
5/4/2013,1045,577,Vermont,1622
5/4/2013,156,303,Virgin Islands,459
5/4/2013,19225,3127,Virginia,22352
5/4/2013,10083,928,Washington,11011
5/4/2013,7349,915,West Virginia,8264
5/4/2013,14863,2100,Wisconsin,16963
5/1/2013,16305,1520,Arizona,17825
5/1/2013,3307,2341,Arkansas,5648
5/1/2013,98155,0,California,98155
5/1/2013,8297,5232,Colorado,13529
5/1/2013,9875,3053,Connecticut,12928
5/1/2013,4352,509,Delaware,4861
5/1/2013,2124,345,Dist. of Columbia,2469
5/1/2013,72609,17622,Florida,90231
5/1/2013,20014,1769,Georgia,21783
5/1/2013,4663,927,Idaho,5590
5/1/2013,25589,3125,Illinois,28714
5/1/2013,13309,2585,Indiana,15894
5/1/2013,8249,2349,Iowa,10598
5/1/2013,5614,644,Kansas,6258
5/1/2013,11909,1420,Kentucky,13329
5/1/2013,12123,2656,Louisiana,14779
5/1/2013,1886,1329,Maine,3215
5/1/2013,15387,1689,Maryland,17076
5/1/2013,16419,1486,Massachusetts,17905
5/1/2013,21024,1857,Michigan,22881
5/1/2013,13709,860,Minnesota,14569
5/1/2013,15130,1033,Missouri,16163
5/1/2013,1406,637,Montana,2043
5/1/2013,5440,774,Nebraska,6214
5/1/2013,4787,674,New Hampshire,5461
5/1/2013,39746,3251,New Jersey,42997
5/1/2013,4609,1026,New Mexico,5635
5/1/2013,75682,4165,New York,79847
5/1/2013,17624,6371,North Carolina,23995
5/1/2013,974,742,North Dakota,1716
5/1/2013,17779,3609,Ohio,21388
5/1/2013,5414,3585,Oklahoma,8999
5/1/2013,6192,1167,Oregon,7359
5/1/2013,46069,11377,Pennsylvania,57446
5/1/2013,4214,813,Rhode Island,5027
5/1/2013,8156,5297,South Carolina,13453
5/1/2013,2096,445,South Dakota,2541
5/1/2013,11428,3963,Tennessee,15391
5/1/2013,28638,8438,Texas,37076
5/1/2013,815,415,Vermont,1230
5/1/2013,135,258,Virgin Islands,393
5/1/2013,15971,2561,Virginia,18532
5/1/2013,8502,678,Washington,9180
5/1/2013,5679,790,West Virginia,6469
5/1/2013,11521,1762,Wisconsin,13283
4/27/2013,16801,1690,Arizona,18491
4/27/2013,3246,2286,Arkansas,5532
4/27/2013,94257,0,California,94257
4/27/2013,8057,5477,Colorado,13534
4/27/2013,9930,3281,Connecticut,13211
4/27/2013,4118,534,Delaware,4652
4/27/2013,2159,405,Dist. of Columbia,2564
4/27/2013,70490,17381,Florida,87871
4/27/2013,21944,1885,Georgia,23829
4/27/2013,4769,993,Idaho,5762
4/27/2013,26460,3507,Illinois,29967
4/27/2013,15207,3123,Indiana,18330
4/27/2013,7567,2272,Iowa,9839
4/27/2013,6204,639,Kansas,6843
4/27/2013,13038,1461,Kentucky,14499
4/27/2013,13516,3112,Louisiana,16628
4/27/2013,2003,1483,Maine,3486
4/27/2013,14876,1644,Maryland,16520
4/27/2013,18062,1759,Massachusetts,19821
4/27/2013,22061,2031,Michigan,24092
4/27/2013,12744,921,Minnesota,13665
4/27/2013,15799,1149,Missouri,16948
4/27/2013,1636,750,Montana,2386
4/27/2013,5862,873,Nebraska,6735
4/27/2013,5463,803,New Hampshire,6266
4/27/2013,36085,3391,New Jersey,39476
4/27/2013,4776,1089,New Mexico,5865
4/27/2013,72329,4281,New York,76610
4/27/2013,18074,6621,North Carolina,24695
4/27/2013,877,761,North Dakota,1638
4/27/2013,16463,3565,Ohio,20028
4/27/2013,5147,3451,Oklahoma,8598
4/27/2013,5195,1255,Oregon,6450
4/27/2013,41953,11084,Pennsylvania,53037
4/27/2013,4947,1062,Rhode Island,6009
4/27/2013,8350,5711,South Carolina,14061
4/27/2013,2075,462,South Dakota,2537
4/27/2013,11315,4140,Tennessee,15455
4/27/2013,26749,8170,Texas,34919
4/27/2013,965,536,Vermont,1501
4/27/2013,149,293,Virgin Islands,442
4/27/2013,15473,2684,Virginia,18157
4/27/2013,7884,719,Washington,8603
4/27/2013,5672,730,West Virginia,6402
4/27/2013,11954,1842,Wisconsin,13796
4/24/2013,13714,1330,Arizona,15044
4/24/2013,2394,1632,Arkansas,4026
4/24/2013,87389,0,California,87389
4/24/2013,6771,4432,Colorado,11203
4/24/2013,7565,2655,Connecticut,10220
4/24/2013,3160,354,Delaware,3514
4/24/2013,1882,302,Dist. of Columbia,2184
4/24/2013,54557,14116,Florida,68673
4/24/2013,15736,1400,Georgia,17136
4/24/2013,3873,825,Idaho,4698
4/24/2013,20583,2948,Illinois,23531
4/24/2013,11429,2210,Indiana,13639
4/24/2013,6393,1958,Iowa,8351
4/24/2013,4945,590,Kansas,5535
4/24/2013,10161,1220,Kentucky,11381
4/24/2013,10193,2281,Louisiana,12474
4/24/2013,1487,1072,Maine,2559
4/24/2013,11811,1330,Maryland,13141
4/24/2013,13517,1251,Massachusetts,14768
4/24/2013,16763,1661,Michigan,18424
4/24/2013,10338,731,Minnesota,11069
4/24/2013,12033,900,Missouri,12933
4/24/2013,1398,588,Montana,1986
4/24/2013,4616,726,Nebraska,5342
4/24/2013,3948,524,New Hampshire,4472
4/24/2013,28934,2745,New Jersey,31679
4/24/2013,3735,830,New Mexico,4565
4/24/2013,56510,3390,New York,59900
4/24/2013,13384,4703,North Carolina,18087
4/24/2013,792,671,North Dakota,1463
4/24/2013,12651,2910,Ohio,15561
4/24/2013,4127,2972,Oklahoma,7099
4/24/2013,4239,965,Oregon,5204
4/24/2013,32462,8895,Pennsylvania,41357
4/24/2013,3307,730,Rhode Island,4037
4/24/2013,6197,4118,South Carolina,10315
4/24/2013,1691,409,South Dakota,2100
4/24/2013,8745,3130,Tennessee,11875
4/24/2013,21024,6835,Texas,27859
4/24/2013,739,386,Vermont,1125
4/24/2013,112,208,Virgin Islands,320
4/24/2013,12467,2183,Virginia,14650
4/24/2013,6927,722,Washington,7649
4/24/2013,4345,588,West Virginia,4933
4/24/2013,9643,1518,Wisconsin,11161
4/20/2013,13201,1394,Arizona,14595
4/20/2013,2422,1825,Arkansas,4247
4/20/2013,81182,0,California,81182
4/20/2013,6405,4610,Colorado,11015
4/20/2013,7188,2575,Connecticut,9763
4/20/2013,2986,389,Delaware,3375
4/20/2013,1673,325,Dist. of Columbia,1998
4/20/2013,56499,14059,Florida,70558
4/20/2013,14878,1497,Georgia,16375
4/20/2013,3949,774,Idaho,4723
4/20/2013,18779,2719,Illinois,21498
4/20/2013,12185,2621,Indiana,14806
4/20/2013,6057,1970,Iowa,8027
4/20/2013,5135,581,Kansas,5716
4/20/2013,10619,1261,Kentucky,11880
4/20/2013,10800,2757,Louisiana,13557
4/20/2013,1410,1146,Maine,2556
4/20/2013,11448,1357,Maryland,12805
4/20/2013,10669,1147,Massachusetts,11816
4/20/2013,14780,1664,Michigan,16444
4/20/2013,9460,729,Minnesota,10189
4/20/2013,11824,936,Missouri,12760
4/20/2013,1424,611,Montana,2035
4/20/2013,4511,742,Nebraska,5253
4/20/2013,3833,494,New Hampshire,4327
4/20/2013,24047,2516,New Jersey,26563
4/20/2013,3590,876,New Mexico,4466
4/20/2013,45175,3188,New York,48363
4/20/2013,13786,5288,North Carolina,19074
4/20/2013,745,596,North Dakota,1341
4/20/2013,11517,2872,Ohio,14389
4/20/2013,4010,2976,Oklahoma,6986
4/20/2013,4077,1098,Oregon,5175
4/20/2013,28378,8441,Pennsylvania,36819
4/20/2013,3485,736,Rhode Island,4221
4/20/2013,6609,4583,South Carolina,11192
4/20/2013,1632,421,South Dakota,2053
4/20/2013,8776,3410,Tennessee,12186
4/20/2013,20294,6895,Texas,27189
4/20/2013,732,443,Vermont,1175
4/20/2013,156,295,Virgin Islands,451
4/20/2013,11965,2155,Virginia,14120
4/20/2013,6167,596,Washington,6763
4/20/2013,4560,682,West Virginia,5242
4/20/2013,9542,1631,Wisconsin,11173
4/17/2013,11050,1176,Arizona,12226
4/17/2013,1952,1392,Arkansas,3344
4/17/2013,76173,0,California,76173
4/17/2013,4811,3465,Colorado,8276
4/17/2013,6066,2244,Connecticut,8310
4/17/2013,2415,344,Delaware,2759
4/17/2013,1448,271,Dist. of Columbia,1719
4/17/2013,44034,11331,Florida,55365
4/17/2013,11631,1197,Georgia,12828
4/17/2013,3203,610,Idaho,3813
4/17/2013,15103,2340,Illinois,17443
4/17/2013,9179,2137,Indiana,11316
4/17/2013,4792,1637,Iowa,6429
4/17/2013,4193,430,Kansas,4623
4/17/2013,8503,1041,Kentucky,9544
4/17/2013,8800,2083,Louisiana,10883
4/17/2013,1230,951,Maine,2181
4/17/2013,9606,1144,Maryland,10750
4/17/2013,8775,952,Massachusetts,9727
4/17/2013,11890,1347,Michigan,13237
4/17/2013,8306,672,Minnesota,8978
4/17/2013,9882,796,Missouri,10678
4/17/2013,1193,546,Montana,1739
4/17/2013,3835,621,Nebraska,4456
4/17/2013,3223,463,New Hampshire,3686
4/17/2013,21433,2311,New Jersey,23744
4/17/2013,2933,738,New Mexico,3671
4/17/2013,37152,2687,New York,39839
4/17/2013,10679,4114,North Carolina,14793
4/17/2013,605,514,North Dakota,1119
4/17/2013,9627,2498,Ohio,12125
4/17/2013,3177,2347,Oklahoma,5524
4/17/2013,3436,873,Oregon,4309
4/17/2013,21963,7285,Pennsylvania,29248
4/17/2013,2614,596,Rhode Island,3210
4/17/2013,4969,3524,South Carolina,8493
4/17/2013,1444,339,South Dakota,1783
4/17/2013,7075,2558,Tennessee,9633
4/17/2013,16994,5831,Texas,22825
4/17/2013,633,346,Vermont,979
4/17/2013,111,203,Virgin Islands,314
4/17/2013,9872,1886,Virginia,11758
4/17/2013,5402,533,Washington,5935
4/17/2013,3655,537,West Virginia,4192
4/17/2013,7666,1365,Wisconsin,9031
4/13/2013,13080,1385,Arizona,14465
4/13/2013,2173,1780,Arkansas,3953
4/13/2013,79644,0,California,79644
4/13/2013,5811,4355,Colorado,10166
4/13/2013,7136,2674,Connecticut,9810
4/13/2013,2713,373,Delaware,3086
4/13/2013,1654,272,Dist. of Columbia,1926
4/13/2013,52382,13751,Florida,66133
4/13/2013,13634,1462,Georgia,15096
4/13/2013,3698,784,Idaho,4482
4/13/2013,16651,2605,Illinois,19256
4/13/2013,11019,2499,Indiana,13518
4/13/2013,5422,1847,Iowa,7269
4/13/2013,4857,526,Kansas,5383
4/13/2013,9914,1215,Kentucky,11129
4/13/2013,10074,2532,Louisiana,12606
4/13/2013,1490,1201,Maine,2691
4/13/2013,10789,1329,Maryland,12118
4/13/2013,10104,1201,Massachusetts,11305
4/13/2013,12700,1480,Michigan,14180
4/13/2013,8729,717,Minnesota,9446
4/13/2013,11645,911,Missouri,12556
4/13/2013,1417,633,Montana,2050
4/13/2013,4341,788,Nebraska,5129
4/13/2013,4096,626,New Hampshire,4722
4/13/2013,22349,2641,New Jersey,24990
4/13/2013,3330,830,New Mexico,4160
4/13/2013,39986,2924,New York,42910
4/13/2013,12661,4960,North Carolina,17621
4/13/2013,751,681,North Dakota,1432
4/13/2013,10831,2895,Ohio,13726
4/13/2013,3653,2767,Oklahoma,6420
4/13/2013,3758,979,Oregon,4737
4/13/2013,25249,8243,Pennsylvania,33492
4/13/2013,3336,753,Rhode Island,4089
4/13/2013,5712,4126,South Carolina,9838
4/13/2013,1540,369,South Dakota,1909
4/13/2013,8522,3233,Tennessee,11755
4/13/2013,21575,7390,Texas,28965
4/13/2013,681,402,Vermont,1083
4/13/2013,118,200,Virgin Islands,318
4/13/2013,11317,2048,Virginia,13365
4/13/2013,5716,631,Washington,6347
4/13/2013,4397,651,West Virginia,5048
4/13/2013,9033,1652,Wisconsin,10685
4/10/2013,10648,1212,Arizona,11860
4/10/2013,1848,1447,Arkansas,3295
4/10/2013,123634,0,California,123634
4/10/2013,4535,3452,Colorado,7987
4/10/2013,5673,2159,Connecticut,7832
4/10/2013,2251,312,Delaware,2563
4/10/2013,1439,242,Dist. of Columbia,1681
4/10/2013,42572,11109,Florida,53681
4/10/2013,10727,1173,Georgia,11900
4/10/2013,3320,671,Idaho,3991
4/10/2013,14117,2185,Illinois,16302
4/10/2013,9065,2019,Indiana,11084
4/10/2013,4641,1583,Iowa,6224
4/10/2013,3923,471,Kansas,4394
4/10/2013,7952,1013,Kentucky,8965
4/10/2013,8691,2158,Louisiana,10849
4/10/2013,1170,919,Maine,2089
4/10/2013,9042,1136,Maryland,10178
4/10/2013,8591,1049,Massachusetts,9640
4/10/2013,11280,1266,Michigan,12546
4/10/2013,7608,598,Minnesota,8206
4/10/2013,9496,765,Missouri,10261
4/10/2013,1244,552,Montana,1796
4/10/2013,3491,621,Nebraska,4112
4/10/2013,3068,436,New Hampshire,3504
4/10/2013,18300,1979,New Jersey,20279
4/10/2013,2780,695,New Mexico,3475
4/10/2013,31275,2374,New York,33649
4/10/2013,10446,4124,North Carolina,14570
4/10/2013,616,512,North Dakota,1128
4/10/2013,8625,2290,Ohio,10915
4/10/2013,2965,2328,Oklahoma,5293
4/10/2013,3164,887,Oregon,4051
4/10/2013,20008,7016,Pennsylvania,27024
4/10/2013,2629,637,Rhode Island,3266
4/10/2013,4754,3509,South Carolina,8263
4/10/2013,1131,314,South Dakota,1445
4/10/2013,6873,2757,Tennessee,9630
4/10/2013,14767,5461,Texas,20228
4/10/2013,525,342,Vermont,867
4/10/2013,142,231,Virgin Islands,373
4/10/2013,8979,1710,Virginia,10689
4/10/2013,4943,510,Washington,5453
4/10/2013,3597,505,West Virginia,4102
4/10/2013,7316,1318,Wisconsin,8634
4/6/2013,12943,1447,Arizona,14390
4/6/2013,2256,1739,Arkansas,3995
4/6/2013,5253,4112,Colorado,9365
4/6/2013,6850,2694,Connecticut,9544
4/6/2013,2717,400,Delaware,3117
4/6/2013,1769,318,Dist. of Columbia,2087
4/6/2013,51771,14007,Florida,65778
4/6/2013,14055,1538,Georgia,15593
4/6/2013,3658,829,Idaho,4487
4/6/2013,15807,2496,Illinois,18303
4/6/2013,10907,2441,Indiana,13348
4/6/2013,5298,1850,Iowa,7148
4/6/2013,4395,517,Kansas,4912
4/6/2013,9688,1214,Kentucky,10902
4/6/2013,9964,2597,Louisiana,12561
4/6/2013,1476,1185,Maine,2661
4/6/2013,11127,1421,Maryland,12548
4/6/2013,9496,1155,Massachusetts,10651
4/6/2013,12753,1550,Michigan,14303
4/6/2013,8502,695,Minnesota,9197
4/6/2013,11343,979,Missouri,12322
4/6/2013,1359,637,Montana,1996
4/6/2013,4240,832,Nebraska,5072
4/6/2013,3816,573,New Hampshire,4389
4/6/2013,21186,2562,New Jersey,23748
4/6/2013,3315,848,New Mexico,4163
4/6/2013,37855,3075,New York,40930
4/6/2013,12837,5265,North Carolina,18102
4/6/2013,738,628,North Dakota,1366
4/6/2013,10116,2936,Ohio,13052
4/6/2013,3540,2794,Oklahoma,6334
4/6/2013,3278,909,Oregon,4187
4/6/2013,23870,8757,Pennsylvania,32627
4/6/2013,3429,837,Rhode Island,4266
4/6/2013,6091,4380,South Carolina,10471
4/6/2013,1417,391,South Dakota,1808
4/6/2013,8611,3560,Tennessee,12171
4/6/2013,17837,6599,Texas,24436
4/6/2013,687,462,Vermont,1149
4/6/2013,140,227,Virgin Islands,367
4/6/2013,11312,2210,Virginia,13522
4/6/2013,5090,586,Washington,5676
4/6/2013,4526,665,West Virginia,5191
4/6/2013,8739,1576,Wisconsin,10315
4/3/2013,11731,1428,Arizona,13159
4/3/2013,2026,1568,Arkansas,3594
4/3/2013,4595,3755,Colorado,8350
4/3/2013,5860,2346,Connecticut,8206
4/3/2013,2343,368,Delaware,2711
4/3/2013,1637,339,Dist. of Columbia,1976
4/3/2013,45523,12477,Florida,58000
4/3/2013,11960,1340,Georgia,13300
4/3/2013,3660,780,Idaho,4440
4/3/2013,13778,2394,Illinois,16172
4/3/2013,8878,2046,Indiana,10924
4/3/2013,4812,1647,Iowa,6459
4/3/2013,4094,525,Kansas,4619
4/3/2013,8172,1106,Kentucky,9278
4/3/2013,8767,2343,Louisiana,11110
4/3/2013,1409,1218,Maine,2627
4/3/2013,9309,1230,Maryland,10539
4/3/2013,8942,1184,Massachusetts,10126
4/3/2013,11337,1509,Michigan,12846
4/3/2013,7571,655,Minnesota,8226
4/3/2013,10070,915,Missouri,10985
4/3/2013,1352,579,Montana,1931
4/3/2013,3888,649,Nebraska,4537
4/3/2013,3602,609,New Hampshire,4211
4/3/2013,18875,2326,New Jersey,21201
4/3/2013,2983,790,New Mexico,3773
4/3/2013,32144,2712,New York,34856
4/3/2013,11488,4843,North Carolina,16331
4/3/2013,634,558,North Dakota,1192
4/3/2013,8874,2614,Ohio,11488
4/3/2013,2926,2351,Oklahoma,5277
4/3/2013,2987,870,Oregon,3857
4/3/2013,20551,7841,Pennsylvania,28392
4/3/2013,2889,753,Rhode Island,3642
4/3/2013,5343,3936,South Carolina,9279
4/3/2013,1385,397,South Dakota,1782
4/3/2013,7686,3295,Tennessee,10981
4/3/2013,14955,5720,Texas,20675
4/3/2013,616,403,Vermont,1019
4/3/2013,125,242,Virgin Islands,367
4/3/2013,9716,2075,Virginia,11791
4/3/2013,4524,553,Washington,5077
4/3/2013,4044,659,West Virginia,4703
4/3/2013,7645,1435,Wisconsin,9080
3/30/2013,12621,1450,Arizona,14071
3/30/2013,2231,1807,Arkansas,4038
3/30/2013,5042,3893,Colorado,8935
3/30/2013,6582,2543,Connecticut,9125
3/30/2013,2604,378,Delaware,2982
3/30/2013,1704,323,Dist. of Columbia,2027
3/30/2013,50895,13385,Florida,64280
3/30/2013,13822,1492,Georgia,15314
3/30/2013,3634,739,Idaho,4373
3/30/2013,15405,2383,Illinois,17788
3/30/2013,10398,2652,Indiana,13050
3/30/2013,5297,1809,Iowa,7106
3/30/2013,4546,524,Kansas,5070
3/30/2013,9362,1207,Kentucky,10569
3/30/2013,9796,2467,Louisiana,12263
3/30/2013,1449,1091,Maine,2540
3/30/2013,10740,1253,Maryland,11993
3/30/2013,9337,1078,Massachusetts,10415
3/30/2013,12351,1426,Michigan,13777
3/30/2013,8051,687,Minnesota,8738
3/30/2013,11142,919,Missouri,12061
3/30/2013,1183,551,Montana,1734
3/30/2013,4145,653,Nebraska,4798
3/30/2013,3786,527,New Hampshire,4313
3/30/2013,20231,2437,New Jersey,22668
3/30/2013,3107,788,New Mexico,3895
3/30/2013,36125,2799,New York,38924
3/30/2013,12676,4977,North Carolina,17653
3/30/2013,671,615,North Dakota,1286
3/30/2013,10027,2742,Ohio,12769
3/30/2013,3447,2537,Oklahoma,5984
3/30/2013,3269,884,Oregon,4153
3/30/2013,23575,6865,Pennsylvania,30440
3/30/2013,3387,735,Rhode Island,4122
3/30/2013,5961,4296,South Carolina,10257
3/30/2013,1425,370,South Dakota,1795
3/30/2013,8509,3433,Tennessee,11942
3/30/2013,17423,6463,Texas,23886
3/30/2013,682,442,Vermont,1124
3/30/2013,112,269,Virgin Islands,381
3/30/2013,10938,2126,Virginia,13064
3/30/2013,5046,553,Washington,5599
3/30/2013,4321,635,West Virginia,4956
3/30/2013,8209,1480,Wisconsin,9689
3/27/2013,11074,1209,Arizona,12283
3/27/2013,1709,1380,Arkansas,3089
3/27/2013,3913,3029,Colorado,6942
3/27/2013,4860,1902,Connecticut,6762
3/27/2013,1868,253,Delaware,2121
3/27/2013,1293,231,Dist. of Columbia,1524
3/27/2013,37514,10035,Florida,47549
3/27/2013,10621,1170,Georgia,11791
3/27/2013,3467,671,Idaho,4138
3/27/2013,12261,1904,Illinois,14165
3/27/2013,7643,2068,Indiana,9711
3/27/2013,4084,1373,Iowa,5457
3/27/2013,3377,382,Kansas,3759
3/27/2013,7173,922,Kentucky,8095
3/27/2013,7550,1993,Louisiana,9543
3/27/2013,1011,822,Maine,1833
3/27/2013,8179,1004,Maryland,9183
3/27/2013,7178,872,Massachusetts,8050
3/27/2013,10273,1109,Michigan,11382
3/27/2013,6420,504,Minnesota,6924
3/27/2013,8521,708,Missouri,9229
3/27/2013,1119,486,Montana,1605
3/27/2013,3325,512,Nebraska,3837
3/27/2013,2790,402,New Hampshire,3192
3/27/2013,16484,1798,New Jersey,18282
3/27/2013,2655,700,New Mexico,3355
3/27/2013,28112,2217,New York,30329
3/27/2013,9697,3862,North Carolina,13559
3/27/2013,545,537,North Dakota,1082
3/27/2013,8456,2347,Ohio,10803
3/27/2013,2790,2055,Oklahoma,4845
3/27/2013,2856,761,Oregon,3617
3/27/2013,17569,5143,Pennsylvania,22712
3/27/2013,2337,545,Rhode Island,2882
3/27/2013,4438,3169,South Carolina,7607
3/27/2013,1188,320,South Dakota,1508
3/27/2013,6617,2561,Tennessee,9178
3/27/2013,12933,4814,Texas,17747
3/27/2013,477,315,Vermont,792
3/27/2013,102,172,Virgin Islands,274
3/27/2013,8013,1583,Virginia,9596
3/27/2013,4372,491,Washington,4863
3/27/2013,3374,461,West Virginia,3835
3/27/2013,6572,1198,Wisconsin,7770
3/23/2013,68998,4345,Arizona,73343
3/23/2013,11419,7184,Arkansas,18603
3/23/2013,23429,12624,Colorado,36053
3/23/2013,40536,9461,Connecticut,49997
3/23/2013,12954,1009,Delaware,13963
3/23/2013,6581,733,Dist. of Columbia,7314
3/23/2013,179397,34091,Florida,213488
3/23/2013,76521,4742,Georgia,81263
3/23/2013,12911,1939,Idaho,14850
3/23/2013,109405,9421,Illinois,118826
3/23/2013,47479,7967,Indiana,55446
3/23/2013,28124,6590,Iowa,34714
3/23/2013,18228,1489,Kansas,19717
3/23/2013,34874,3054,Kentucky,37928
3/23/2013,43020,6763,Louisiana,49783
3/23/2013,6279,3810,Maine,10089
3/23/2013,60844,3841,Maryland,64685
3/23/2013,86461,4001,Massachusetts,90462
3/23/2013,83936,4291,Michigan,88227
3/23/2013,48571,2217,Minnesota,50788
3/23/2013,54898,2352,Missouri,57250
3/23/2013,4689,1566,Montana,6255
3/23/2013,16598,1701,Nebraska,18299
3/23/2013,22880,2048,New Hampshire,24928
3/23/2013,144869,7961,New Jersey,152830
3/23/2013,15419,2801,New Mexico,18220
3/23/2013,249666,9159,New York,258825
3/23/2013,55255,14694,North Carolina,69949
3/23/2013,3521,2134,North Dakota,5655
3/23/2013,69916,10174,Ohio,80090
3/23/2013,17013,9546,Oklahoma,26559
3/23/2013,20613,3506,Oregon,24119
3/23/2013,162588,28907,Pennsylvania,191495
3/23/2013,14364,2229,Rhode Island,16593
3/23/2013,26999,14756,South Carolina,41755
3/23/2013,5511,1060,South Dakota,6571
3/23/2013,38639,11039,Tennessee,49678
3/23/2013,98575,24287,Texas,122862
3/23/2013,3020,1258,Vermont,4278
3/23/2013,305,571,Virgin Islands,876
3/23/2013,57183,6692,Virginia,63875
3/23/2013,37078,2105,Washington,39183
3/23/2013,18453,1939,West Virginia,20392
3/23/2013,51343,4886,Wisconsin,56229
3/20/2013,41171,2850,Arizona,44021
3/20/2013,5458,3417,Arkansas,8875
3/20/2013,14961,8130,Colorado,23091
3/20/2013,18729,4710,Connecticut,23439
3/20/2013,7130,694,Delaware,7824
3/20/2013,3828,486,Dist. of Columbia,4314
3/20/2013,106416,23354,Florida,129770
3/20/2013,43425,3128,Georgia,46553
3/20/2013,7954,1412,Idaho,9366
3/20/2013,62369,6194,Illinois,68563
3/20/2013,25619,4627,Indiana,30246
3/20/2013,14616,3580,Iowa,18196
3/20/2013,9860,960,Kansas,10820
3/20/2013,21145,2096,Kentucky,23241
3/20/2013,25399,4515,Louisiana,29914
3/20/2013,2834,1751,Maine,4585
3/20/2013,29978,2508,Maryland,32486
3/20/2013,34485,2226,Massachusetts,36711
3/20/2013,46680,2866,Michigan,49546
3/20/2013,25215,1435,Minnesota,26650
3/20/2013,28701,1495,Missouri,30196
3/20/2013,2437,914,Montana,3351
3/20/2013,9272,1203,Nebraska,10475
3/20/2013,10859,1033,New Hampshire,11892
3/20/2013,91481,5782,New Jersey,97263
3/20/2013,8942,1731,New Mexico,10673
3/20/2013,159601,6851,New York,166452
3/20/2013,27978,8642,North Carolina,36620
3/20/2013,1922,1351,North Dakota,3273
3/20/2013,34784,5446,Ohio,40230
3/20/2013,8958,5088,Oklahoma,14046
3/20/2013,12839,2162,Oregon,15001
3/20/2013,86609,16178,Pennsylvania,102787
3/20/2013,7538,1343,Rhode Island,8881
3/20/2013,14375,8814,South Carolina,23189
3/20/2013,3374,667,South Dakota,4041
3/20/2013,19027,5775,Tennessee,24802
3/20/2013,49897,13590,Texas,63487
3/20/2013,1384,615,Vermont,1999
3/20/2013,191,335,Virgin Islands,526
3/20/2013,28062,3712,Virginia,31774
3/20/2013,23518,1522,Washington,25040
3/20/2013,9708,1179,West Virginia,10887
3/20/2013,23587,2847,Wisconsin,26434
3/16/2013,27877,2344,Arizona,30221
3/16/2013,4697,3106,Arkansas,7803
3/16/2013,12829,7326,Colorado,20155
3/16/2013,15691,4346,Connecticut,20037
3/16/2013,6031,625,Delaware,6656
3/16/2013,2890,421,Dist. of Columbia,3311
3/16/2013,97578,21433,Florida,119011
3/16/2013,33303,2567,Georgia,35870
3/16/2013,7158,1308,Idaho,8466
3/16/2013,50373,5184,Illinois,55557
3/16/2013,24167,4373,Indiana,28540
3/16/2013,13356,3409,Iowa,16765
3/16/2013,9032,817,Kansas,9849
3/16/2013,18761,1918,Kentucky,20679
3/16/2013,20744,3948,Louisiana,24692
3/16/2013,2486,1608,Maine,4094
3/16/2013,23806,2150,Maryland,25956
3/16/2013,32019,2210,Massachusetts,34229
3/16/2013,36441,2587,Michigan,39028
3/16/2013,20357,1139,Minnesota,21496
3/16/2013,24092,1363,Missouri,25455
3/16/2013,2115,810,Montana,2925
3/16/2013,8160,1088,Nebraska,9248
3/16/2013,9080,884,New Hampshire,9964
3/16/2013,66700,4642,New Jersey,71342
3/16/2013,7610,1595,New Mexico,9205
3/16/2013,128904,5937,New York,134841
3/16/2013,24634,7774,North Carolina,32408
3/16/2013,1601,1030,North Dakota,2631
3/16/2013,29609,5137,Ohio,34746
3/16/2013,8091,4807,Oklahoma,12898
3/16/2013,10348,1910,Oregon,12258
3/16/2013,71773,14234,Pennsylvania,86007
3/16/2013,6992,1240,Rhode Island,8232
3/16/2013,12119,7276,South Carolina,19395
3/16/2013,2868,626,South Dakota,3494
3/16/2013,17377,5423,Tennessee,22800
3/16/2013,40863,11480,Texas,52343
3/16/2013,1375,637,Vermont,2012
3/16/2013,208,351,Virgin Islands,559
3/16/2013,23527,3480,Virginia,27007
3/16/2013,16680,1240,Washington,17920
3/16/2013,8987,1056,West Virginia,10043
3/16/2013,18782,2486,Wisconsin,21268
3/13/2013,20850,2046,Arizona,22896
3/13/2013,3753,2526,Arkansas,6279
3/13/2013,10031,6021,Colorado,16052
3/13/2013,13039,3831,Connecticut,16870
3/13/2013,4542,555,Delaware,5097
3/13/2013,2473,354,Dist. of Columbia,2827
3/13/2013,74411,17600,Florida,92011
3/13/2013,24827,2220,Georgia,27047
3/13/2013,5721,1061,Idaho,6782
3/13/2013,37248,4504,Illinois,41752
3/13/2013,18404,3785,Indiana,22189
3/13/2013,9350,2652,Iowa,12002
3/13/2013,7065,655,Kansas,7720
3/13/2013,14854,1650,Kentucky,16504
3/13/2013,15965,3476,Louisiana,19441
3/13/2013,2098,1384,Maine,3482
3/13/2013,17962,1816,Maryland,19778
3/13/2013,25423,1981,Massachusetts,27404
3/13/2013,28976,2394,Michigan,31370
3/13/2013,15091,999,Minnesota,16090
3/13/2013,19211,1311,Missouri,20522
3/13/2013,1695,695,Montana,2390
3/13/2013,6326,937,Nebraska,7263
3/13/2013,6748,888,New Hampshire,7636
3/13/2013,50967,4276,New Jersey,55243
3/13/2013,5811,1274,New Mexico,7085
3/13/2013,92967,4987,New York,97954
3/13/2013,18583,6638,North Carolina,25221
3/13/2013,1216,897,North Dakota,2113
3/13/2013,23277,4397,Ohio,27674
3/13/2013,6046,3854,Oklahoma,9900
3/13/2013,7917,1679,Oregon,9596
3/13/2013,54371,11530,Pennsylvania,65901
3/13/2013,5130,1075,Rhode Island,6205
3/13/2013,8818,5721,South Carolina,14539
3/13/2013,2389,530,South Dakota,2919
3/13/2013,13457,4625,Tennessee,18082
3/13/2013,32910,10053,Texas,42963
3/13/2013,1018,597,Vermont,1615
3/13/2013,144,291,Virgin Islands,435
3/13/2013,18199,2847,Virginia,21046
3/13/2013,12151,998,Washington,13149
3/13/2013,6850,858,West Virginia,7708
3/13/2013,14357,2223,Wisconsin,16580
3/9/2013,19432,1826,Arizona,21258
3/9/2013,3722,2525,Arkansas,6247
3/9/2013,8892,5528,Colorado,14420
3/9/2013,10536,3280,Connecticut,13816
3/9/2013,4240,566,Delaware,4806
3/9/2013,2218,369,Dist. of Columbia,2587
3/9/2013,79083,18664,Florida,97747
3/9/2013,22944,1927,Georgia,24871
3/9/2013,5323,941,Idaho,6264
3/9/2013,32036,3924,Illinois,35960
3/9/2013,17375,3667,Indiana,21042
3/9/2013,7906,2260,Iowa,10166
3/9/2013,6593,669,Kansas,7262
3/9/2013,14517,1567,Kentucky,16084
3/9/2013,15548,3402,Louisiana,18950
3/9/2013,1866,1341,Maine,3207
3/9/2013,17370,1755,Maryland,19125
3/9/2013,19401,1517,Massachusetts,20918
3/9/2013,25205,2189,Michigan,27394
3/9/2013,13229,903,Minnesota,14132
3/9/2013,16397,1155,Missouri,17552
3/9/2013,1779,683,Montana,2462
3/9/2013,6133,874,Nebraska,7007
3/9/2013,5836,725,New Hampshire,6561
3/9/2013,40107,3544,New Jersey,43651
3/9/2013,5427,1175,New Mexico,6602
3/9/2013,79099,4384,New York,83483
3/9/2013,19598,6965,North Carolina,26563
3/9/2013,992,698,North Dakota,1690
3/9/2013,19871,3810,Ohio,23681
3/9/2013,5997,4005,Oklahoma,10002
3/9/2013,6444,1469,Oregon,7913
3/9/2013,47030,10613,Pennsylvania,57643
3/9/2013,4950,986,Rhode Island,5936
3/9/2013,9168,5926,South Carolina,15094
3/9/2013,2154,536,South Dakota,2690
3/9/2013,13111,4740,Tennessee,17851
3/9/2013,30641,9358,Texas,39999
3/9/2013,1011,510,Vermont,1521
3/9/2013,175,322,Virgin Islands,497
3/9/2013,17187,2808,Virginia,19995
3/9/2013,9263,837,Washington,10100
3/9/2013,6703,842,West Virginia,7545
3/9/2013,13380,2030,Wisconsin,15410
3/6/2013,15342,1486,Arizona,16828
3/6/2013,2806,1930,Arkansas,4736
3/6/2013,7678,4516,Colorado,12194
3/6/2013,9299,2975,Connecticut,12274
3/6/2013,3351,391,Delaware,3742
3/6/2013,1676,315,Dist. of Columbia,1991
3/6/2013,57847,14116,Florida,71963
3/6/2013,17120,1562,Georgia,18682
3/6/2013,4335,785,Idaho,5120
3/6/2013,25171,3067,Illinois,28238
3/6/2013,12064,2646,Indiana,14710
3/6/2013,6245,1783,Iowa,8028
3/6/2013,5366,530,Kansas,5896
3/6/2013,11557,1284,Kentucky,12841
3/6/2013,11816,2629,Louisiana,14445
3/6/2013,1636,1090,Maine,2726
3/6/2013,12788,1389,Maryland,14177
3/6/2013,17563,1452,Massachusetts,19015
3/6/2013,20297,1815,Michigan,22112
3/6/2013,10565,731,Minnesota,11296
3/6/2013,13281,901,Missouri,14182
3/6/2013,1446,576,Montana,2022
3/6/2013,4883,684,Nebraska,5567
3/6/2013,4511,570,New Hampshire,5081
3/6/2013,35030,2983,New Jersey,38013
3/6/2013,4230,927,New Mexico,5157
3/6/2013,67909,3922,New York,71831
3/6/2013,14100,4757,North Carolina,18857
3/6/2013,781,591,North Dakota,1372
3/6/2013,15430,3097,Ohio,18527
3/6/2013,4555,2808,Oklahoma,7363
3/6/2013,5007,1099,Oregon,6106
3/6/2013,36788,8098,Pennsylvania,44886
3/6/2013,3758,777,Rhode Island,4535
3/6/2013,6641,4165,South Carolina,10806
3/6/2013,1865,422,South Dakota,2287
3/6/2013,9625,3503,Tennessee,13128
3/6/2013,25066,7702,Texas,32768
3/6/2013,776,403,Vermont,1179
3/6/2013,109,197,Virgin Islands,306
3/6/2013,12826,2108,Virginia,14934
3/6/2013,8150,635,Washington,8785
3/6/2013,4671,613,West Virginia,5284
3/6/2013,10383,1620,Wisconsin,12003
3/2/2013,15240,1522,Arizona,16762
3/2/2013,2758,1999,Arkansas,4757
3/2/2013,7535,4805,Colorado,12340
3/2/2013,8737,2985,Connecticut,11722
3/2/2013,3507,422,Delaware,3929
3/2/2013,1994,329,Dist. of Columbia,2323
3/2/2013,61866,15078,Florida,76944
3/2/2013,18742,1769,Georgia,20511
3/2/2013,4548,855,Idaho,5403
3/2/2013,23912,2967,Illinois,26879
3/2/2013,14006,3131,Indiana,17137
3/2/2013,6559,1885,Iowa,8444
3/2/2013,5288,581,Kansas,5869
3/2/2013,12226,1375,Kentucky,13601
3/2/2013,13440,2939,Louisiana,16379
3/2/2013,1570,997,Maine,2567
3/2/2013,13350,1464,Maryland,14814
3/2/2013,14901,1378,Massachusetts,16279
3/2/2013,18664,1732,Michigan,20396
3/2/2013,10786,709,Minnesota,11495
3/2/2013,13854,976,Missouri,14830
3/2/2013,1493,644,Montana,2137
3/2/2013,4958,783,Nebraska,5741
3/2/2013,4513,559,New Hampshire,5072
3/2/2013,31771,2842,New Jersey,34613
3/2/2013,4346,1005,New Mexico,5351
3/2/2013,67375,3846,New York,71221
3/2/2013,15549,5585,North Carolina,21134
3/2/2013,772,663,North Dakota,1435
3/2/2013,14691,3255,Ohio,17946
3/2/2013,4829,3203,Oklahoma,8032
3/2/2013,4697,1038,Oregon,5735
3/2/2013,35899,8398,Pennsylvania,44297
3/2/2013,3768,751,Rhode Island,4519
3/2/2013,7359,5049,South Carolina,12408
3/2/2013,1865,427,South Dakota,2292
3/2/2013,10328,3804,Tennessee,14132
3/2/2013,24717,7871,Texas,32588
3/2/2013,831,511,Vermont,1342
3/2/2013,122,231,Virgin Islands,353
3/2/2013,14530,2433,Virginia,16963
3/2/2013,7900,743,Washington,8643
3/2/2013,5008,684,West Virginia,5692
3/2/2013,10613,1739,Wisconsin,12352
2/27/2013,12734,1432,Arizona,14166
2/27/2013,2288,1617,Arkansas,3905
2/27/2013,5573,3676,Colorado,9249
2/27/2013,6371,2342,Connecticut,8713
2/27/2013,2629,398,Delaware,3027
2/27/2013,1698,255,Dist. of Columbia,1953
2/27/2013,49782,13013,Florida,62795
2/27/2013,14427,1339,Georgia,15766
2/27/2013,3772,749,Idaho,4521
2/27/2013,17968,2480,Illinois,20448
2/27/2013,10756,2638,Indiana,13394
2/27/2013,5246,1588,Iowa,6834
2/27/2013,4512,563,Kansas,5075
2/27/2013,9683,1198,Kentucky,10881
2/27/2013,10106,2545,Louisiana,12651
2/27/2013,1097,865,Maine,1962
2/27/2013,10506,1278,Maryland,11784
2/27/2013,10289,1099,Massachusetts,11388
2/27/2013,13433,1473,Michigan,14906
2/27/2013,9051,642,Minnesota,9693
2/27/2013,10685,773,Missouri,11458
2/27/2013,1307,559,Montana,1866
2/27/2013,4204,710,Nebraska,4914
2/27/2013,3178,471,New Hampshire,3649
2/27/2013,23345,2432,New Jersey,25777
2/27/2013,3370,832,New Mexico,4202
2/27/2013,49346,3050,New York,52396
2/27/2013,12288,4904,North Carolina,17192
2/27/2013,716,662,North Dakota,1378
2/27/2013,10784,2628,Ohio,13412
2/27/2013,3790,2656,Oklahoma,6446
2/27/2013,3850,942,Oregon,4792
2/27/2013,26035,6606,Pennsylvania,32641
2/27/2013,2786,653,Rhode Island,3439
2/27/2013,5743,4106,South Carolina,9849
2/27/2013,1618,412,South Dakota,2030
2/27/2013,8339,3155,Tennessee,11494
2/27/2013,19278,6498,Texas,25776
2/27/2013,683,391,Vermont,1074
2/27/2013,97,196,Virgin Islands,293
2/27/2013,11417,1951,Virginia,13368
2/27/2013,6741,606,Washington,7347
2/27/2013,4220,590,West Virginia,4810
2/27/2013,8041,1549,Wisconsin,9590
2/23/2013,12743,1463,Arizona,14206
2/23/2013,2255,1723,Arkansas,3978
2/23/2013,5768,4171,Colorado,9939
2/23/2013,6856,2564,Connecticut,9420
2/23/2013,2687,379,Delaware,3066
2/23/2013,1554,280,Dist. of Columbia,1834
2/23/2013,51416,13187,Florida,64603
2/23/2013,14293,1474,Georgia,15767
2/23/2013,3446,707,Idaho,4153
2/23/2013,17050,2464,Illinois,19514
2/23/2013,11402,2970,Indiana,14372
2/23/2013,5472,1636,Iowa,7108
2/23/2013,4161,469,Kansas,4630
2/23/2013,9970,1225,Kentucky,11195
2/23/2013,10772,2616,Louisiana,13388
2/23/2013,1494,1126,Maine,2620
2/23/2013,11030,1249,Maryland,12279
2/23/2013,10770,1213,Massachusetts,11983
2/23/2013,13357,1553,Michigan,14910
2/23/2013,8661,718,Minnesota,9379
2/23/2013,10285,810,Missouri,11095
2/23/2013,1254,564,Montana,1818
2/23/2013,3922,704,Nebraska,4626
2/23/2013,4014,599,New Hampshire,4613
2/23/2013,21483,2514,New Jersey,23997
2/23/2013,3450,839,New Mexico,4289
2/23/2013,45116,2939,New York,48055
2/23/2013,12711,4790,North Carolina,17501
2/23/2013,703,595,North Dakota,1298
2/23/2013,10847,2842,Ohio,13689
2/23/2013,3609,2662,Oklahoma,6271
2/23/2013,3605,1001,Oregon,4606
2/23/2013,25582,6840,Pennsylvania,32422
2/23/2013,3342,815,Rhode Island,4157
2/23/2013,6146,4394,South Carolina,10540
2/23/2013,1495,409,South Dakota,1904
2/23/2013,8654,3277,Tennessee,11931
2/23/2013,19426,6884,Texas,26310
2/23/2013,752,494,Vermont,1246
2/23/2013,124,255,Virgin Islands,379
2/23/2013,11645,2107,Virginia,13752
2/23/2013,6049,580,Washington,6629
2/23/2013,4383,642,West Virginia,5025
2/23/2013,8459,1510,Wisconsin,9969
2/20/2013,11592,1304,Arizona,12896
2/20/2013,2147,1582,Arkansas,3729
2/20/2013,5511,4063,Colorado,9574
2/20/2013,6115,2291,Connecticut,8406
2/20/2013,2557,399,Delaware,2956
2/20/2013,1494,333,Dist. of Columbia,1827
2/20/2013,52946,14367,Florida,67313
2/20/2013,12811,1360,Georgia,14171
2/20/2013,3579,785,Idaho,4364
2/20/2013,14967,2290,Illinois,17257
2/20/2013,8894,2288,Indiana,11182
2/20/2013,5361,1652,Iowa,7013
2/20/2013,4482,506,Kansas,4988
2/20/2013,9101,1111,Kentucky,10212
2/20/2013,9049,2265,Louisiana,11314
2/20/2013,1196,849,Maine,2045
2/20/2013,9675,1131,Maryland,10806
2/20/2013,9177,1100,Massachusetts,10277
2/20/2013,11590,1395,Michigan,12985
2/20/2013,7843,668,Minnesota,8511
2/20/2013,11201,900,Missouri,12101
2/20/2013,1383,569,Montana,1952
2/20/2013,4232,756,Nebraska,4988
2/20/2013,3445,506,New Hampshire,3951
2/20/2013,19508,2335,New Jersey,21843
2/20/2013,3080,841,New Mexico,3921
2/20/2013,39545,2818,New York,42363
2/20/2013,12076,4870,North Carolina,16946
2/20/2013,661,597,North Dakota,1258
2/20/2013,9725,2368,Ohio,12093
2/20/2013,3524,2536,Oklahoma,6060
2/20/2013,3174,860,Oregon,4034
2/20/2013,23137,6332,Pennsylvania,29469
2/20/2013,2762,641,Rhode Island,3403
2/20/2013,5763,4200,South Carolina,9963
2/20/2013,1507,429,South Dakota,1936
2/20/2013,8438,3392,Tennessee,11830
2/20/2013,16990,6027,Texas,23017
2/20/2013,589,370,Vermont,959
2/20/2013,116,198,Virgin Islands,314
2/20/2013,10710,1865,Virginia,12575
2/20/2013,5494,634,Washington,6128
2/20/2013,4123,593,West Virginia,4716
2/20/2013,7860,1532,Wisconsin,9392
2/16/2013,11855,1415,Arizona,13270
2/16/2013,2148,1626,Arkansas,3774
2/16/2013,4936,3809,Colorado,8745
2/16/2013,6033,2357,Connecticut,8390
2/16/2013,2413,382,Delaware,2795
2/16/2013,1458,258,Dist. of Columbia,1716
2/16/2013,46623,12098,Florida,58721
2/16/2013,13194,1323,Georgia,14517
2/16/2013,3458,706,Idaho,4164
2/16/2013,15456,2311,Illinois,17767
2/16/2013,10384,2724,Indiana,13108
2/16/2013,5137,1638,Iowa,6775
2/16/2013,4660,512,Kansas,5172
2/16/2013,9319,1155,Kentucky,10474
2/16/2013,9985,2474,Louisiana,12459
2/16/2013,1295,1069,Maine,2364
2/16/2013,9594,1112,Maryland,10706
2/16/2013,9140,1081,Massachusetts,10221
2/16/2013,11840,1360,Michigan,13200
2/16/2013,7728,650,Minnesota,8378
2/16/2013,10843,858,Missouri,11701
2/16/2013,1205,525,Montana,1730
2/16/2013,3926,698,Nebraska,4624
2/16/2013,3628,581,New Hampshire,4209
2/16/2013,18727,2362,New Jersey,21089
2/16/2013,3038,779,New Mexico,3817
2/16/2013,39183,2766,New York,41949
2/16/2013,11308,4588,North Carolina,15896
2/16/2013,613,549,North Dakota,1162
2/16/2013,9927,2634,Ohio,12561
2/16/2013,3337,2523,Oklahoma,5860
2/16/2013,3232,901,Oregon,4133
2/16/2013,22413,6187,Pennsylvania,28600
2/16/2013,3256,712,Rhode Island,3968
2/16/2013,5556,4173,South Carolina,9729
2/16/2013,1375,407,South Dakota,1782
2/16/2013,8031,3099,Tennessee,11130
2/16/2013,16765,6286,Texas,23051
2/16/2013,762,398,Vermont,1160
2/16/2013,102,207,Virgin Islands,309
2/16/2013,10359,1950,Virginia,12309
2/16/2013,5317,553,Washington,5870
2/16/2013,4051,583,West Virginia,4634
2/16/2013,8082,1568,Wisconsin,9650
2/13/2013,10958,1244,Arizona,12202
2/13/2013,1883,1402,Arkansas,3285
2/13/2013,4538,3243,Colorado,7781
2/13/2013,5289,2156,Connecticut,7445
2/13/2013,2150,311,Delaware,2461
2/13/2013,1405,238,Dist. of Columbia,1643
2/13/2013,40872,11034,Florida,51906
2/13/2013,11115,1237,Georgia,12352
2/13/2013,3139,653,Idaho,3792
2/13/2013,13948,2191,Illinois,16139
2/13/2013,8832,2439,Indiana,11271
2/13/2013,4558,1451,Iowa,6009
2/13/2013,3994,465,Kansas,4459
2/13/2013,8083,1065,Kentucky,9148
2/13/2013,8053,2152,Louisiana,10205
2/13/2013,1182,876,Maine,2058
2/13/2013,8522,1064,Maryland,9586
2/13/2013,8242,1021,Massachusetts,9263
2/13/2013,10798,1315,Michigan,12113
2/13/2013,6663,572,Minnesota,7235
2/13/2013,9639,825,Missouri,10464
2/13/2013,1083,534,Montana,1617
2/13/2013,3705,643,Nebraska,4348
2/13/2013,3168,544,New Hampshire,3712
2/13/2013,17941,2117,New Jersey,20058
2/13/2013,2856,696,New Mexico,3552
2/13/2013,36229,2601,New York,38830
2/13/2013,10029,4150,North Carolina,14179
2/13/2013,537,521,North Dakota,1058
2/13/2013,8755,2382,Ohio,11137
2/13/2013,2943,2258,Oklahoma,5201
2/13/2013,3116,865,Oregon,3981
2/13/2013,19582,5702,Pennsylvania,25284
2/13/2013,2745,638,Rhode Island,3383
2/13/2013,4817,3542,South Carolina,8359
2/13/2013,1252,323,South Dakota,1575
2/13/2013,6918,2885,Tennessee,9803
2/13/2013,14577,5379,Texas,19956
2/13/2013,607,383,Vermont,990
2/13/2013,95,159,Virgin Islands,254
2/13/2013,8828,1720,Virginia,10548
2/13/2013,4878,547,Washington,5425
2/13/2013,3719,524,West Virginia,4243
2/13/2013,7230,1440,Wisconsin,8670
2/9/2013,12511,1311,Arizona,13822
2/9/2013,2283,1712,Arkansas,3995
2/9/2013,4742,3786,Colorado,8528
2/9/2013,3696,1319,Connecticut,5015
2/9/2013,2470,300,Delaware,2770
2/9/2013,1437,283,Dist. of Columbia,1720
2/9/2013,48325,12192,Florida,60517
2/9/2013,12597,1321,Georgia,13918
2/9/2013,3368,666,Idaho,4034
2/9/2013,14493,2115,Illinois,16608
2/9/2013,10363,2626,Indiana,12989
2/9/2013,5213,1705,Iowa,6918
2/9/2013,4538,429,Kansas,4967
2/9/2013,9162,1117,Kentucky,10279
2/9/2013,9708,2258,Louisiana,11966
2/9/2013,1103,872,Maine,1975
2/9/2013,9286,1073,Maryland,10359
2/9/2013,6988,806,Massachusetts,7794
2/9/2013,11656,1368,Michigan,13024
2/9/2013,8005,679,Minnesota,8684
2/9/2013,10754,854,Missouri,11608
2/9/2013,1306,577,Montana,1883
2/9/2013,4025,683,Nebraska,4708
2/9/2013,3183,487,New Hampshire,3670
2/9/2013,15718,1902,New Jersey,17620
2/9/2013,2962,765,New Mexico,3727
2/9/2013,33775,2370,New York,36145
2/9/2013,12192,4858,North Carolina,17050
2/9/2013,643,551,North Dakota,1194
2/9/2013,9835,2496,Ohio,12331
2/9/2013,3370,2714,Oklahoma,6084
2/9/2013,3297,846,Oregon,4143
2/9/2013,21412,5770,Pennsylvania,27182
2/9/2013,2183,458,Rhode Island,2641
2/9/2013,6143,4417,South Carolina,10560
2/9/2013,1453,418,South Dakota,1871
2/9/2013,8774,3504,Tennessee,12278
2/9/2013,16235,5780,Texas,22015
2/9/2013,680,424,Vermont,1104
2/9/2013,125,252,Virgin Islands,377
2/9/2013,9167,1771,Virginia,10938
2/9/2013,4840,521,Washington,5361
2/9/2013,4228,589,West Virginia,4817
2/9/2013,7717,1374,Wisconsin,9091
2/6/2013,27411,2191,Arizona,29602
2/6/2013,5516,3948,Arkansas,9464
2/6/2013,12434,6993,Colorado,19427
2/6/2013,14628,3950,Connecticut,18578
2/6/2013,5826,598,Delaware,6424
2/6/2013,2984,436,Dist. of Columbia,3420
2/6/2013,99114,21992,Florida,121106
2/6/2013,33386,2529,Georgia,35915
2/6/2013,6545,1112,Idaho,7657
2/6/2013,54098,5282,Illinois,59380
2/6/2013,23555,4497,Indiana,28052
2/6/2013,11846,2953,Iowa,14799
2/6/2013,8466,747,Kansas,9213
2/6/2013,18184,1764,Kentucky,19948
2/6/2013,19656,3737,Louisiana,23393
2/6/2013,1898,1070,Maine,2968
2/6/2013,20574,1900,Maryland,22474
2/6/2013,31584,2093,Massachusetts,33677
2/6/2013,34257,2502,Michigan,36759
2/6/2013,17293,1038,Minnesota,18331
2/6/2013,21666,1294,Missouri,22960
2/6/2013,1998,754,Montana,2752
2/6/2013,8177,1085,Nebraska,9262
2/6/2013,8798,861,New Hampshire,9659
2/6/2013,67910,4828,New Jersey,72738
2/6/2013,6633,1410,New Mexico,8043
2/6/2013,148654,5843,New York,154497
2/6/2013,24417,7933,North Carolina,32350
2/6/2013,1337,900,North Dakota,2237
2/6/2013,26488,4180,Ohio,30668
2/6/2013,8241,5202,Oklahoma,13443
2/6/2013,9779,1823,Oregon,11602
2/6/2013,70670,13344,Pennsylvania,84014
2/6/2013,6569,1161,Rhode Island,7730
2/6/2013,11229,6756,South Carolina,17985
2/6/2013,2893,584,South Dakota,3477
2/6/2013,16917,5632,Tennessee,22549
2/6/2013,41844,11608,Texas,53452
2/6/2013,1189,595,Vermont,1784
2/6/2013,222,307,Virgin Islands,529
2/6/2013,22491,3178,Virginia,25669
2/6/2013,13668,1004,Washington,14672
2/6/2013,7920,982,West Virginia,8902
2/6/2013,16674,2287,Wisconsin,18961
2/2/2013,19020,1678,Arizona,20698
2/2/2013,3409,2412,Arkansas,5821
2/2/2013,9319,5488,Colorado,14807
2/2/2013,10915,3159,Connecticut,14074
2/2/2013,4487,519,Delaware,5006
2/2/2013,2051,316,Dist. of Columbia,2367
2/2/2013,73730,16128,Florida,89858
2/2/2013,24897,1943,Georgia,26840
2/2/2013,4969,879,Idaho,5848
2/2/2013,34730,3793,Illinois,38523
2/2/2013,18010,3575,Indiana,21585
2/2/2013,8203,2184,Iowa,10387
2/2/2013,6590,658,Kansas,7248
2/2/2013,13523,1448,Kentucky,14971
2/2/2013,14986,2949,Louisiana,17935
2/2/2013,1550,1025,Maine,2575
2/2/2013,15819,1533,Maryland,17352
2/2/2013,22566,1637,Massachusetts,24203
2/2/2013,24383,1970,Michigan,26353
2/2/2013,14726,876,Minnesota,15602
2/2/2013,17295,1071,Missouri,18366
2/2/2013,1601,627,Montana,2228
2/2/2013,5823,796,Nebraska,6619
2/2/2013,6906,696,New Hampshire,7602
2/2/2013,45513,3627,New Jersey,49140
2/2/2013,5146,1107,New Mexico,6253
2/2/2013,101601,4361,New York,105962
2/2/2013,18591,6043,North Carolina,24634
2/2/2013,890,712,North Dakota,1602
2/2/2013,19479,3544,Ohio,23023
2/2/2013,6363,4130,Oklahoma,10493
2/2/2013,7024,1460,Oregon,8484
2/2/2013,49487,10069,Pennsylvania,59556
2/2/2013,5229,986,Rhode Island,6215
2/2/2013,8967,5618,South Carolina,14585
2/2/2013,2264,534,South Dakota,2798
2/2/2013,12107,4304,Tennessee,16411
2/2/2013,32593,9490,Texas,42083
2/2/2013,1017,534,Vermont,1551
2/2/2013,167,246,Virgin Islands,413
2/2/2013,16330,2580,Virginia,18910
2/2/2013,9720,720,Washington,10440
2/2/2013,6096,690,West Virginia,6786
2/2/2013,13263,1809,Wisconsin,15072
1/30/2013,15865,1487,Arizona,17352
1/30/2013,2614,1850,Arkansas,4464
1/30/2013,7914,4581,Colorado,12495
1/30/2013,8502,2647,Connecticut,11149
1/30/2013,3432,436,Delaware,3868
1/30/2013,1994,270,Dist. of Columbia,2264
1/30/2013,62695,14377,Florida,77072
1/30/2013,19402,1575,Georgia,20977
1/30/2013,4120,772,Idaho,4892
1/30/2013,27507,3233,Illinois,30740
1/30/2013,15014,2943,Indiana,17957
1/30/2013,6269,1695,Iowa,7964
1/30/2013,5340,572,Kansas,5912
1/30/2013,11654,1253,Kentucky,12907
1/30/2013,12016,2436,Louisiana,14452
1/30/2013,1302,863,Maine,2165
1/30/2013,12696,1317,Maryland,14013
1/30/2013,18525,1354,Massachusetts,19879
1/30/2013,19449,1551,Michigan,21000
1/30/2013,11030,664,Minnesota,11694
1/30/2013,13698,839,Missouri,14537
1/30/2013,1420,561,Montana,1981
1/30/2013,4793,638,Nebraska,5431
1/30/2013,5076,561,New Hampshire,5637
1/30/2013,37792,3023,New Jersey,40815
1/30/2013,4485,917,New Mexico,5402
1/30/2013,75802,3912,New York,79714
1/30/2013,14931,4967,North Carolina,19898
1/30/2013,743,629,North Dakota,1372
1/30/2013,16961,2977,Ohio,19938
1/30/2013,4980,3230,Oklahoma,8210
1/30/2013,5646,1143,Oregon,6789
1/30/2013,41669,8843,Pennsylvania,50512
1/30/2013,4116,791,Rhode Island,4907
1/30/2013,6960,4279,South Carolina,11239
1/30/2013,1957,433,South Dakota,2390
1/30/2013,10244,3360,Tennessee,13604
1/30/2013,25687,7410,Texas,33097
1/30/2013,820,380,Vermont,1200
1/30/2013,150,202,Virgin Islands,352
1/30/2013,13289,2028,Virginia,15317
1/30/2013,8568,653,Washington,9221
1/30/2013,5152,600,West Virginia,5752
1/30/2013,10290,1403,Wisconsin,11693
1/26/2013,15179,1463,Arizona,16642
1/26/2013,3040,2320,Arkansas,5360
1/26/2013,7978,5232,Colorado,13210
1/26/2013,8808,2786,Connecticut,11594
1/26/2013,3559,396,Delaware,3955
1/26/2013,1628,291,Dist. of Columbia,1919
1/26/2013,75284,17963,Florida,93247
1/26/2013,18917,1662,Georgia,20579
1/26/2013,4083,834,Idaho,4917
1/26/2013,21972,2908,Illinois,24880
1/26/2013,14801,3221,Indiana,18022
1/26/2013,7383,2151,Iowa,9534
1/26/2013,5554,554,Kansas,6108
1/26/2013,11583,1343,Kentucky,12926
1/26/2013,13362,2818,Louisiana,16180
1/26/2013,1569,1069,Maine,2638
1/26/2013,13045,1396,Maryland,14441
1/26/2013,15757,1335,Massachusetts,17092
1/26/2013,15785,1545,Michigan,17330
1/26/2013,10601,742,Minnesota,11343
1/26/2013,13865,908,Missouri,14773
1/26/2013,1371,592,Montana,1963
1/26/2013,5174,725,Nebraska,5899
1/26/2013,4824,654,New Hampshire,5478
1/26/2013,29689,2776,New Jersey,32465
1/26/2013,4421,965,New Mexico,5386
1/26/2013,60671,3329,New York,64000
1/26/2013,16021,6017,North Carolina,22038
1/26/2013,764,658,North Dakota,1422
1/26/2013,14947,3079,Ohio,18026
1/26/2013,5428,3798,Oklahoma,9226
1/26/2013,4744,1081,Oregon,5825
1/26/2013,38367,8821,Pennsylvania,47188
1/26/2013,4047,809,Rhode Island,4856
1/26/2013,8004,5292,South Carolina,13296
1/26/2013,1938,473,South Dakota,2411
1/26/2013,11197,4219,Tennessee,15416
1/26/2013,25230,7768,Texas,32998
1/26/2013,855,422,Vermont,1277
1/26/2013,140,260,Virgin Islands,400
1/26/2013,12695,1989,Virginia,14684
1/26/2013,6841,583,Washington,7424
1/26/2013,4892,645,West Virginia,5537
1/26/2013,10669,1716,Wisconsin,12385
1/23/2013,14695,1653,Arizona,16348
1/23/2013,2296,1750,Arkansas,4046
1/23/2013,6664,4393,Colorado,11057
1/23/2013,7316,2388,Connecticut,9704
1/23/2013,2951,392,Delaware,3343
1/23/2013,1601,303,Dist. of Columbia,1904
1/23/2013,58772,14751,Florida,73523
1/23/2013,16597,1587,Georgia,18184
1/23/2013,3855,734,Idaho,4589
1/23/2013,19128,2593,Illinois,21721
1/23/2013,11948,2779,Indiana,14727
1/23/2013,5903,1715,Iowa,7618
1/23/2013,4948,573,Kansas,5521
1/23/2013,10245,1227,Kentucky,11472
1/23/2013,11719,2610,Louisiana,14329
1/23/2013,1181,871,Maine,2052
1/23/2013,10649,1296,Maryland,11945
1/23/2013,13919,1293,Massachusetts,15212
1/23/2013,13933,1491,Michigan,15424
1/23/2013,9605,793,Minnesota,10398
1/23/2013,12366,892,Missouri,13258
1/23/2013,1373,572,Montana,1945
1/23/2013,4704,720,Nebraska,5424
1/23/2013,3911,545,New Hampshire,4456
1/23/2013,27436,2678,New Jersey,30114
1/23/2013,3974,1027,New Mexico,5001
1/23/2013,52021,3202,New York,55223
1/23/2013,13721,5358,North Carolina,19079
1/23/2013,732,594,North Dakota,1326
1/23/2013,12413,2596,Ohio,15009
1/23/2013,4473,3076,Oklahoma,7549
1/23/2013,4181,1056,Oregon,5237
1/23/2013,31246,7387,Pennsylvania,38633
1/23/2013,3324,759,Rhode Island,4083
1/23/2013,6421,4489,South Carolina,10910
1/23/2013,1640,389,South Dakota,2029
1/23/2013,9328,3548,Tennessee,12876
1/23/2013,21209,7193,Texas,28402
1/23/2013,682,366,Vermont,1048
1/23/2013,121,168,Virgin Islands,289
1/23/2013,11639,1982,Virginia,13621
1/23/2013,6594,608,Washington,7202
1/23/2013,4272,539,West Virginia,4811
1/23/2013,9383,1570,Wisconsin,10953
1/19/2013,14885,1557,Arizona,16442
1/19/2013,2503,2001,Arkansas,4504
1/19/2013,7140,4681,Colorado,11821
1/19/2013,8493,3035,Connecticut,11528
1/19/2013,3290,445,Delaware,3735
1/19/2013,1939,326,Dist. of Columbia,2265
1/19/2013,60917,14403,Florida,75320
1/19/2013,17703,1589,Georgia,19292
1/19/2013,3922,715,Idaho,4637
1/19/2013,21565,2850,Illinois,24415
1/19/2013,14061,3182,Indiana,17243
1/19/2013,6475,1944,Iowa,8419
1/19/2013,5545,537,Kansas,6082
1/19/2013,11978,1370,Kentucky,13348
1/19/2013,13482,3082,Louisiana,16564
1/19/2013,1507,1067,Maine,2574
1/19/2013,12200,1344,Maryland,13544
1/19/2013,14648,1341,Massachusetts,15989
1/19/2013,16977,1721,Michigan,18698
1/19/2013,11055,850,Minnesota,11905
1/19/2013,13978,961,Missouri,14939
1/19/2013,1459,588,Montana,2047
1/19/2013,5283,818,Nebraska,6101
1/19/2013,4610,591,New Hampshire,5201
1/19/2013,30744,3094,New Jersey,33838
1/19/2013,4252,940,New Mexico,5192
1/19/2013,61068,3707,New York,64775
1/19/2013,14523,5393,North Carolina,19916
1/19/2013,709,595,North Dakota,1304
1/19/2013,14517,3319,Ohio,17836
1/19/2013,4563,3211,Oklahoma,7774
1/19/2013,4574,1172,Oregon,5746
1/19/2013,33822,8091,Pennsylvania,41913
1/19/2013,4278,829,Rhode Island,5107
1/19/2013,7196,4985,South Carolina,12181
1/19/2013,1913,453,South Dakota,2366
1/19/2013,9718,3777,Tennessee,13495
1/19/2013,23484,7665,Texas,31149
1/19/2013,802,495,Vermont,1297
1/19/2013,185,292,Virgin Islands,477
1/19/2013,12504,2193,Virginia,14697
1/19/2013,6826,614,Washington,7440
1/19/2013,5278,654,West Virginia,5932
1/19/2013,11021,1789,Wisconsin,12810
1/16/2013,11646,1270,Arizona,12916
1/16/2013,1886,1391,Arkansas,3277
1/16/2013,5331,3698,Colorado,9029
1/16/2013,6037,2274,Connecticut,8311
1/16/2013,2510,350,Delaware,2860
1/16/2013,1626,286,Dist. of Columbia,1912
1/16/2013,46788,11721,Florida,58509
1/16/2013,12649,1214,Georgia,13863
1/16/2013,3045,576,Idaho,3621
1/16/2013,16261,2295,Illinois,18556
1/16/2013,9294,2316,Indiana,11610
1/16/2013,5118,1546,Iowa,6664
1/16/2013,4583,411,Kansas,4994
1/16/2013,9186,1091,Kentucky,10277
1/16/2013,9081,2340,Louisiana,11421
1/16/2013,1400,990,Maine,2390
1/16/2013,9485,1169,Maryland,10654
1/16/2013,9401,1126,Massachusetts,10527
1/16/2013,12181,1399,Michigan,13580
1/16/2013,8683,706,Minnesota,9389
1/16/2013,10902,856,Missouri,11758
1/16/2013,1257,508,Montana,1765
1/16/2013,4217,721,Nebraska,4938
1/16/2013,3735,478,New Hampshire,4213
1/16/2013,21641,2438,New Jersey,24079
1/16/2013,3096,705,New Mexico,3801
1/16/2013,38705,2752,New York,41457
1/16/2013,11597,4370,North Carolina,15967
1/16/2013,676,516,North Dakota,1192
1/16/2013,10041,2570,Ohio,12611
1/16/2013,3433,2455,Oklahoma,5888
1/16/2013,3579,907,Oregon,4486
1/16/2013,23055,5842,Pennsylvania,28897
1/16/2013,3044,651,Rhode Island,3695
1/16/2013,5560,3941,South Carolina,9501
1/16/2013,1558,389,South Dakota,1947
1/16/2013,7478,2820,Tennessee,10298
1/16/2013,17284,6040,Texas,23324
1/16/2013,702,399,Vermont,1101
1/16/2013,169,250,Virgin Islands,419
1/16/2013,9885,1852,Virginia,11737
1/16/2013,5528,501,Washington,6029
1/16/2013,4081,490,West Virginia,4571
1/16/2013,8213,1484,Wisconsin,9697
1/12/2013,12964,1537,Arizona,14501
1/12/2013,2234,1725,Arkansas,3959
1/12/2013,5404,4163,Colorado,9567
1/12/2013,6683,2488,Connecticut,9171
1/12/2013,2838,406,Delaware,3244
1/12/2013,1649,342,Dist. of Columbia,1991
1/12/2013,59424,15580,Florida,75004
1/12/2013,14372,1543,Georgia,15915
1/12/2013,3290,737,Idaho,4027
1/12/2013,17084,2559,Illinois,19643
1/12/2013,10502,2889,Indiana,13391
1/12/2013,5709,1782,Iowa,7491
1/12/2013,4990,506,Kansas,5496
1/12/2013,10197,1284,Kentucky,11481
1/12/2013,9971,2479,Louisiana,12450
1/12/2013,1486,1078,Maine,2564
1/12/2013,10299,1267,Maryland,11566
1/12/2013,10290,1244,Massachusetts,11534
1/12/2013,12906,1675,Michigan,14581
1/12/2013,8579,704,Minnesota,9283
1/12/2013,11964,907,Missouri,12871
1/12/2013,1277,586,Montana,1863
1/12/2013,4392,741,Nebraska,5133
1/12/2013,3866,567,New Hampshire,4433
1/12/2013,19056,2459,New Jersey,21515
1/12/2013,3504,916,New Mexico,4420
1/12/2013,38080,2939,New York,41019
1/12/2013,14274,5760,North Carolina,20034
1/12/2013,656,553,North Dakota,1209
1/12/2013,9945,2669,Ohio,12614
1/12/2013,3668,2911,Oklahoma,6579
1/12/2013,3510,918,Oregon,4428
1/12/2013,25583,7042,Pennsylvania,32625
1/12/2013,3433,759,Rhode Island,4192
1/12/2013,6673,4951,South Carolina,11624
1/12/2013,1481,365,South Dakota,1846
1/12/2013,9242,3799,Tennessee,13041
1/12/2013,18955,6622,Texas,25577
1/12/2013,764,462,Vermont,1226
1/12/2013,161,293,Virgin Islands,454
1/12/2013,10906,2056,Virginia,12962
1/12/2013,5451,560,Washington,6011
1/12/2013,4525,645,West Virginia,5170
1/12/2013,9017,1633,Wisconsin,10650
1/9/2013,10535,1177,Arizona,11712
1/9/2013,1704,1423,Arkansas,3127
1/9/2013,4831,3346,Colorado,8177
1/9/2013,5561,2011,Connecticut,7572
1/9/2013,2249,294,Delaware,2543
1/9/2013,1354,206,Dist. of Columbia,1560
1/9/2013,43024,10923,Florida,53947
1/9/2013,10823,1080,Georgia,11903
1/9/2013,2864,554,Idaho,3418
1/9/2013,13462,2127,Illinois,15589
1/9/2013,7981,1981,Indiana,9962
1/9/2013,4686,1515,Iowa,6201
1/9/2013,3882,371,Kansas,4253
1/9/2013,8058,968,Kentucky,9026
1/9/2013,7735,1875,Louisiana,9610
1/9/2013,1102,792,Maine,1894
1/9/2013,8427,982,Maryland,9409
1/9/2013,7992,979,Massachusetts,8971
1/9/2013,10428,1167,Michigan,11595
1/9/2013,7292,574,Minnesota,7866
1/9/2013,9778,827,Missouri,10605
1/9/2013,1124,495,Montana,1619
1/9/2013,3663,590,Nebraska,4253
1/9/2013,3048,453,New Hampshire,3501
1/9/2013,17229,2084,New Jersey,19313
1/9/2013,2689,617,New Mexico,3306
1/9/2013,30536,2444,New York,32980
1/9/2013,10684,4177,North Carolina,14861
1/9/2013,593,529,North Dakota,1122
1/9/2013,8382,2195,Ohio,10577
1/9/2013,2924,2061,Oklahoma,4985
1/9/2013,3010,747,Oregon,3757
1/9/2013,20008,5274,Pennsylvania,25282
1/9/2013,2676,556,Rhode Island,3232
1/9/2013,4986,3555,South Carolina,8541
1/9/2013,1467,337,South Dakota,1804
1/9/2013,6983,2788,Tennessee,9771
1/9/2013,14486,5115,Texas,19601
1/9/2013,526,351,Vermont,877
1/9/2013,127,180,Virgin Islands,307
1/9/2013,8614,1602,Virginia,10216
1/9/2013,4970,533,Washington,5503
1/9/2013,3547,481,West Virginia,4028
1/9/2013,7562,1325,Wisconsin,8887
1/5/2013,10878,1190,Arizona,12068
1/5/2013,2015,1560,Arkansas,3575
1/5/2013,4634,3539,Colorado,8173
1/5/2013,5983,2295,Connecticut,8278
1/5/2013,2503,368,Delaware,2871
1/5/2013,1352,301,Dist. of Columbia,1653
1/5/2013,48047,12058,Florida,60105
1/5/2013,12258,1314,Georgia,13572
1/5/2013,2903,548,Idaho,3451
1/5/2013,13544,2058,Illinois,15602
1/5/2013,9126,2363,Indiana,11489
1/5/2013,4934,1500,Iowa,6434
1/5/2013,4070,403,Kansas,4473
1/5/2013,8879,1057,Kentucky,9936
1/5/2013,8587,2247,Louisiana,10834
1/5/2013,1319,995,Maine,2314
1/5/2013,9367,1183,Maryland,10550
1/5/2013,8448,998,Massachusetts,9446
1/5/2013,10727,1202,Michigan,11929
1/5/2013,7242,513,Minnesota,7755
1/5/2013,10378,815,Missouri,11193
1/5/2013,1173,494,Montana,1667
1/5/2013,3627,593,Nebraska,4220
1/5/2013,3458,519,New Hampshire,3977
1/5/2013,16891,2130,New Jersey,19021
1/5/2013,2858,692,New Mexico,3550
1/5/2013,31399,2378,New York,33777
1/5/2013,12351,4790,North Carolina,17141
1/5/2013,578,509,North Dakota,1087
1/5/2013,8679,2287,Ohio,10966
1/5/2013,3266,2356,Oklahoma,5622
1/5/2013,3018,781,Oregon,3799
1/5/2013,21894,6064,Pennsylvania,27958
1/5/2013,3004,642,Rhode Island,3646
1/5/2013,5956,4371,South Carolina,10327
1/5/2013,1342,365,South Dakota,1707
1/5/2013,8015,3218,Tennessee,11233
1/5/2013,15659,5612,Texas,21271
1/5/2013,620,387,Vermont,1007
1/5/2013,102,171,Virgin Islands,273
1/5/2013,9459,1713,Virginia,11172
1/5/2013,4692,479,Washington,5171
1/5/2013,4005,515,West Virginia,4520
1/5/2013,7817,1407,Wisconsin,9224
1/2/2013,9389,1070,Arizona,10459
1/2/2013,1626,1267,Arkansas,2893
1/2/2013,4347,3109,Colorado,7456
1/2/2013,4645,1800,Connecticut,6445
1/2/2013,1995,287,Delaware,2282
1/2/2013,1125,220,Dist. of Columbia,1345
1/2/2013,37531,9935,Florida,47466
1/2/2013,9978,1082,Georgia,11060
1/2/2013,2684,541,Idaho,3225
1/2/2013,11610,1842,Illinois,13452
1/2/2013,7470,1992,Indiana,9462
1/2/2013,4062,1311,Iowa,5373
1/2/2013,3437,387,Kansas,3824
1/2/2013,7074,928,Kentucky,8002
1/2/2013,7590,1840,Louisiana,9430
1/2/2013,1004,759,Maine,1763
1/2/2013,7779,1013,Maryland,8792
1/2/2013,7202,893,Massachusetts,8095
1/2/2013,9438,1151,Michigan,10589
1/2/2013,6119,497,Minnesota,6616
1/2/2013,8350,706,Missouri,9056
1/2/2013,1041,469,Montana,1510
1/2/2013,3167,522,Nebraska,3689
1/2/2013,2598,363,New Hampshire,2961
1/2/2013,14668,1740,New Jersey,16408
1/2/2013,2417,633,New Mexico,3050
1/2/2013,25187,2000,New York,27187
1/2/2013,9812,3836,North Carolina,13648
1/2/2013,510,452,North Dakota,962
1/2/2013,6926,1834,Ohio,8760
1/2/2013,2751,2135,Oklahoma,4886
1/2/2013,2913,786,Oregon,3699
1/2/2013,16974,4690,Pennsylvania,21664
1/2/2013,2313,489,Rhode Island,2802
1/2/2013,4746,3455,South Carolina,8201
1/2/2013,1176,335,South Dakota,1511
1/2/2013,6495,2626,Tennessee,9121
1/2/2013,12916,4661,Texas,17577
1/2/2013,485,310,Vermont,795
1/2/2013,94,142,Virgin Islands,236
1/2/2013,7828,1456,Virginia,9284
1/2/2013,4539,391,Washington,4930
1/2/2013,3273,454,West Virginia,3727
1/2/2013,6489,1231,Wisconsin,7720
12/29/2012,10919,1277,Arizona,12196
12/29/2012,1812,1275,Arkansas,3087
12/29/2012,4231,3277,Colorado,7508
12/29/2012,4925,1894,Connecticut,6819
12/29/2012,2243,321,Delaware,2564
12/29/2012,1353,244,Dist. of Columbia,1597
12/29/2012,42218,10831,Florida,53049
12/29/2012,12122,1291,Georgia,13413
12/29/2012,3331,634,Idaho,3965
12/29/2012,12616,1899,Illinois,14515
12/29/2012,8463,2251,Indiana,10714
12/29/2012,4384,1488,Iowa,5872
12/29/2012,3957,433,Kansas,4390
12/29/2012,8081,955,Kentucky,9036
12/29/2012,8605,2088,Louisiana,10693
12/29/2012,1079,844,Maine,1923
12/29/2012,8233,981,Maryland,9214
12/29/2012,7250,874,Massachusetts,8124
12/29/2012,9549,1153,Michigan,10702
12/29/2012,6769,573,Minnesota,7342
12/29/2012,9682,817,Missouri,10499
12/29/2012,1187,543,Montana,1730
12/29/2012,3452,598,Nebraska,4050
12/29/2012,2923,446,New Hampshire,3369
12/29/2012,15358,1918,New Jersey,17276
12/29/2012,2758,712,New Mexico,3470
12/29/2012,29079,2113,New York,31192
12/29/2012,10995,4374,North Carolina,15369
12/29/2012,557,483,North Dakota,1040
12/29/2012,7694,1972,Ohio,9666
12/29/2012,3127,2312,Oklahoma,5439
12/29/2012,2912,748,Oregon,3660
12/29/2012,18438,5170,Pennsylvania,23608
12/29/2012,2875,571,Rhode Island,3446
12/29/2012,5323,3782,South Carolina,9105
12/29/2012,1218,310,South Dakota,1528
12/29/2012,7544,3011,Tennessee,10555
12/29/2012,13878,5112,Texas,18990
12/29/2012,556,344,Vermont,900
12/29/2012,120,179,Virgin Islands,299
12/29/2012,8397,1482,Virginia,9879
12/29/2012,4334,487,Washington,4821
12/29/2012,3571,516,West Virginia,4087
12/29/2012,7243,1301,Wisconsin,8544
12/26/2012,10916,1192,Arizona,12108
12/26/2012,1531,935,Arkansas,2466
12/26/2012,4733,3349,Colorado,8082
12/26/2012,5404,1835,Connecticut,7239
12/26/2012,2293,281,Delaware,2574
12/26/2012,1055,168,Dist. of Columbia,1223
12/26/2012,41324,10808,Florida,52132
12/26/2012,10862,1222,Georgia,12084
12/26/2012,3769,604,Idaho,4373
12/26/2012,12486,1949,Illinois,14435
12/26/2012,6873,1669,Indiana,8542
12/26/2012,4347,1421,Iowa,5768
12/26/2012,3995,411,Kansas,4406
12/26/2012,7317,927,Kentucky,8244
12/26/2012,7852,1816,Louisiana,9668
12/26/2012,1634,1136,Maine,2770
12/26/2012,7591,846,Maryland,8437
12/26/2012,8291,986,Massachusetts,9277
12/26/2012,9514,1132,Michigan,10646
12/26/2012,7255,572,Minnesota,7827
12/26/2012,9632,699,Missouri,10331
12/26/2012,1291,469,Montana,1760
12/26/2012,3662,612,Nebraska,4274
12/26/2012,3952,489,New Hampshire,4441
12/26/2012,15232,1861,New Jersey,17093
12/26/2012,2808,639,New Mexico,3447
12/26/2012,27103,2245,New York,29348
12/26/2012,10469,3897,North Carolina,14366
12/26/2012,587,462,North Dakota,1049
12/26/2012,6971,1843,Ohio,8814
12/26/2012,2659,1939,Oklahoma,4598
12/26/2012,3118,733,Oregon,3851
12/26/2012,17935,4718,Pennsylvania,22653
12/26/2012,2902,576,Rhode Island,3478
12/26/2012,4925,3449,South Carolina,8374
12/26/2012,1361,338,South Dakota,1699
12/26/2012,7564,2678,Tennessee,10242
12/26/2012,13295,4648,Texas,17943
12/26/2012,724,380,Vermont,1104
12/26/2012,77,165,Virgin Islands,242
12/26/2012,7994,1451,Virginia,9445
12/26/2012,4990,472,Washington,5462
12/26/2012,3313,453,West Virginia,3766
12/26/2012,7143,1219,Wisconsin,8362
12/22/2012,12357,1395,Arizona,13752
12/22/2012,2341,1683,Arkansas,4024
12/22/2012,5101,4008,Colorado,9109
12/22/2012,6381,2402,Connecticut,8783
12/22/2012,2736,415,Delaware,3151
12/22/2012,1481,276,Dist. of Columbia,1757
12/22/2012,51956,14020,Florida,65976
12/22/2012,12512,1368,Georgia,13880
12/22/2012,3837,803,Idaho,4640
12/22/2012,14131,2311,Illinois,16442
12/22/2012,10124,2664,Indiana,12788
12/22/2012,4755,1564,Iowa,6319
12/22/2012,4427,496,Kansas,4923
12/22/2012,9070,1160,Kentucky,10230
12/22/2012,9615,2486,Louisiana,12101
12/22/2012,1517,1153,Maine,2670
12/22/2012,10481,1272,Maryland,11753
12/22/2012,8745,1128,Massachusetts,9873
12/22/2012,11182,1379,Michigan,12561
12/22/2012,8099,682,Minnesota,8781
12/22/2012,10780,874,Missouri,11654
12/22/2012,1397,617,Montana,2014
12/22/2012,3875,664,Nebraska,4539
12/22/2012,3981,568,New Hampshire,4549
12/22/2012,17026,2127,New Jersey,19153
12/22/2012,3328,859,New Mexico,4187
12/22/2012,31257,2580,New York,33837
12/22/2012,13572,5454,North Carolina,19026
12/22/2012,703,568,North Dakota,1271
12/22/2012,9105,2457,Ohio,11562
12/22/2012,3624,2758,Oklahoma,6382
12/22/2012,3229,935,Oregon,4164
12/22/2012,23367,6455,Pennsylvania,29822
12/22/2012,3412,673,Rhode Island,4085
12/22/2012,6225,4643,South Carolina,10868
12/22/2012,1504,388,South Dakota,1892
12/22/2012,9121,3807,Tennessee,12928
12/22/2012,16891,5966,Texas,22857
12/22/2012,659,380,Vermont,1039
12/22/2012,126,241,Virgin Islands,367
12/22/2012,10202,1945,Virginia,12147
12/22/2012,4751,556,Washington,5307
12/22/2012,4338,602,West Virginia,4940
12/22/2012,7684,1341,Wisconsin,9025
12/19/2012,11711,1316,Arizona,13027
12/19/2012,2181,1391,Arkansas,3572
12/19/2012,4604,3451,Colorado,8055
12/19/2012,5752,2187,Connecticut,7939
12/19/2012,2503,339,Delaware,2842
12/19/2012,1561,290,Dist. of Columbia,1851
12/19/2012,44466,11740,Florida,56206
12/19/2012,11713,1256,Georgia,12969
12/19/2012,3620,713,Idaho,4333
12/19/2012,14586,2224,Illinois,16810
12/19/2012,9309,2447,Indiana,11756
12/19/2012,5431,1725,Iowa,7156
12/19/2012,4192,448,Kansas,4640
12/19/2012,8839,1102,Kentucky,9941
12/19/2012,8900,2127,Louisiana,11027
12/19/2012,1370,1070,Maine,2440
12/19/2012,9343,1106,Maryland,10449
12/19/2012,8781,1127,Massachusetts,9908
12/19/2012,11717,1411,Michigan,13128
12/19/2012,7741,714,Minnesota,8455
12/19/2012,10916,887,Missouri,11803
12/19/2012,1314,555,Montana,1869
12/19/2012,4092,649,Nebraska,4741
12/19/2012,3374,558,New Hampshire,3932
12/19/2012,17611,2072,New Jersey,19683
12/19/2012,3017,695,New Mexico,3712
12/19/2012,31439,2567,New York,34006
12/19/2012,12098,4741,North Carolina,16839
12/19/2012,656,571,North Dakota,1227
12/19/2012,9074,2420,Ohio,11494
12/19/2012,3399,2363,Oklahoma,5762
12/19/2012,3072,844,Oregon,3916
12/19/2012,22004,6137,Pennsylvania,28141
12/19/2012,2968,625,Rhode Island,3593
12/19/2012,5740,4028,South Carolina,9768
12/19/2012,1541,386,South Dakota,1927
12/19/2012,8198,3216,Tennessee,11414
12/19/2012,15548,5423,Texas,20971
12/19/2012,629,391,Vermont,1020
12/19/2012,125,188,Virgin Islands,313
12/19/2012,9466,1773,Virginia,11239
12/19/2012,4851,549,Washington,5400
12/19/2012,3959,556,West Virginia,4515
12/19/2012,8328,1399,Wisconsin,9727
12/15/2012,11231,1289,Arizona,12520
12/15/2012,2001,1320,Arkansas,3321
12/15/2012,4437,3521,Colorado,7958
12/15/2012,5486,2065,Connecticut,7551
12/15/2012,2250,345,Delaware,2595
12/15/2012,1471,244,Dist. of Columbia,1715
12/15/2012,42601,11247,Florida,53848
12/15/2012,12469,1258,Georgia,13727
12/15/2012,3608,676,Idaho,4284
12/15/2012,13124,2021,Illinois,15145
12/15/2012,9770,2549,Indiana,12319
12/15/2012,4768,1557,Iowa,6325
12/15/2012,4201,460,Kansas,4661
12/15/2012,9273,1012,Kentucky,10285
12/15/2012,9181,2161,Louisiana,11342
12/15/2012,1231,923,Maine,2154
12/15/2012,8765,986,Maryland,9751
12/15/2012,7563,881,Massachusetts,8444
12/15/2012,10574,1169,Michigan,11743
12/15/2012,7288,619,Minnesota,7907
12/15/2012,10657,851,Missouri,11508
12/15/2012,1215,560,Montana,1775
12/15/2012,3945,628,Nebraska,4573
12/15/2012,3052,481,New Hampshire,3533
12/15/2012,16092,2140,New Jersey,18232
12/15/2012,2906,743,New Mexico,3649
12/15/2012,31617,2321,New York,33938
12/15/2012,11775,4576,North Carolina,16351
12/15/2012,583,536,North Dakota,1119
12/15/2012,8471,2170,Ohio,10641
12/15/2012,3381,2593,Oklahoma,5974
12/15/2012,2898,790,Oregon,3688
12/15/2012,20381,5995,Pennsylvania,26376
12/15/2012,2967,575,Rhode Island,3542
12/15/2012,5483,4221,South Carolina,9704
12/15/2012,1365,354,South Dakota,1719
12/15/2012,8067,3233,Tennessee,11300
12/15/2012,14936,5364,Texas,20300
12/15/2012,638,355,Vermont,993
12/15/2012,118,206,Virgin Islands,324
12/15/2012,8673,1684,Virginia,10357
12/15/2012,4413,490,Washington,4903
12/15/2012,3758,536,West Virginia,4294
12/15/2012,7803,1336,Wisconsin,9139
12/12/2012,12299,1288,Arizona,13587
12/12/2012,2134,1418,Arkansas,3552
12/12/2012,5204,3807,Colorado,9011
12/12/2012,6063,2216,Connecticut,8279
12/12/2012,2488,321,Delaware,2809
12/12/2012,1552,257,Dist. of Columbia,1809
12/12/2012,43991,11192,Florida,55183
12/12/2012,11576,1190,Georgia,12766
12/12/2012,3767,685,Idaho,4452
12/12/2012,15385,2132,Illinois,17517
12/12/2012,9405,2384,Indiana,11789
12/12/2012,5325,1674,Iowa,6999
12/12/2012,4194,424,Kansas,4618
12/12/2012,8662,1009,Kentucky,9671
12/12/2012,9084,2014,Louisiana,11098
12/12/2012,1195,928,Maine,2123
12/12/2012,9358,1078,Maryland,10436
12/12/2012,8853,911,Massachusetts,9764
12/12/2012,11829,1295,Michigan,13124
12/12/2012,7547,558,Minnesota,8105
12/12/2012,10793,837,Missouri,11630
12/12/2012,1263,567,Montana,1830
12/12/2012,4119,629,Nebraska,4748
12/12/2012,3380,482,New Hampshire,3862
12/12/2012,18388,2128,New Jersey,20516
12/12/2012,3148,751,New Mexico,3899
12/12/2012,32039,2299,New York,34338
12/12/2012,11854,4418,North Carolina,16272
12/12/2012,670,545,North Dakota,1215
12/12/2012,9519,2372,Ohio,11891
12/12/2012,3416,2351,Oklahoma,5767
12/12/2012,3469,944,Oregon,4413
12/12/2012,21849,5932,Pennsylvania,27781
12/12/2012,2858,592,Rhode Island,3450
12/12/2012,5400,3768,South Carolina,9168
12/12/2012,1514,356,South Dakota,1870
12/12/2012,8100,3019,Tennessee,11119
12/12/2012,16654,5602,Texas,22256
12/12/2012,622,378,Vermont,1000
12/12/2012,117,188,Virgin Islands,305
12/12/2012,9832,1775,Virginia,11607
12/12/2012,5283,470,Washington,5753
12/12/2012,3790,476,West Virginia,4266
12/12/2012,7949,1341,Wisconsin,9290
12/8/2012,12020,1360,Arizona,13380
12/8/2012,2118,1664,Arkansas,3782
12/8/2012,4653,3646,Colorado,8299
12/8/2012,5965,2351,Connecticut,8316
12/8/2012,2497,367,Delaware,2864
12/8/2012,1524,251,Dist. of Columbia,1775
12/8/2012,47298,12814,Florida,60112
12/8/2012,12742,1327,Georgia,14069
12/8/2012,4028,754,Idaho,4782
12/8/2012,14822,2350,Illinois,17172
12/8/2012,10681,2772,Indiana,13453
12/8/2012,5085,1588,Iowa,6673
12/8/2012,4545,468,Kansas,5013
12/8/2012,9034,1186,Kentucky,10220
12/8/2012,10182,2446,Louisiana,12628
12/8/2012,1253,963,Maine,2216
12/8/2012,9395,1184,Maryland,10579
12/8/2012,8628,1076,Massachusetts,9704
12/8/2012,11979,1373,Michigan,13352
12/8/2012,7917,607,Minnesota,8524
12/8/2012,11101,880,Missouri,11981
12/8/2012,1224,531,Montana,1755
12/8/2012,4027,680,Nebraska,4707
12/8/2012,3342,450,New Hampshire,3792
12/8/2012,16440,2097,New Jersey,18537
12/8/2012,3070,780,New Mexico,3850
12/8/2012,31567,2317,New York,33884
12/8/2012,12628,4959,North Carolina,17587
12/8/2012,655,570,North Dakota,1225
12/8/2012,9453,2530,Ohio,11983
12/8/2012,3586,2621,Oklahoma,6207
12/8/2012,3458,908,Oregon,4366
12/8/2012,21564,6275,Pennsylvania,27839
12/8/2012,3079,607,Rhode Island,3686
12/8/2012,5913,4445,South Carolina,10358
12/8/2012,1367,361,South Dakota,1728
12/8/2012,8658,3436,Tennessee,12094
12/8/2012,16790,5878,Texas,22668
12/8/2012,683,356,Vermont,1039
12/8/2012,119,215,Virgin Islands,334
12/8/2012,9621,1762,Virginia,11383
12/8/2012,4544,508,Washington,5052
12/8/2012,4046,565,West Virginia,4611
12/8/2012,8294,1400,Wisconsin,9694
12/5/2012,12606,1411,Arizona,14017
12/5/2012,2358,1786,Arkansas,4144
12/5/2012,5014,4083,Colorado,9097
12/5/2012,6292,2276,Connecticut,8568
12/5/2012,2597,389,Delaware,2986
12/5/2012,1684,311,Dist. of Columbia,1995
12/5/2012,53131,14157,Florida,67288
12/5/2012,13758,1437,Georgia,15195
12/5/2012,4364,843,Idaho,5207
12/5/2012,15464,2307,Illinois,17771
12/5/2012,10338,2500,Indiana,12838
12/5/2012,5307,1584,Iowa,6891
12/5/2012,4448,474,Kansas,4922
12/5/2012,8815,1070,Kentucky,9885
12/5/2012,9747,2459,Louisiana,12206
12/5/2012,1173,907,Maine,2080
12/5/2012,10196,1222,Maryland,11418
12/5/2012,8755,1052,Massachusetts,9807
12/5/2012,12286,1417,Michigan,13703
12/5/2012,7978,662,Minnesota,8640
12/5/2012,11370,869,Missouri,12239
12/5/2012,1314,589,Montana,1903
12/5/2012,4137,667,Nebraska,4804
12/5/2012,3168,448,New Hampshire,3616
12/5/2012,18192,2171,New Jersey,20363
12/5/2012,3225,792,New Mexico,4017
12/5/2012,35077,2662,New York,37739
12/5/2012,13766,5399,North Carolina,19165
12/5/2012,680,583,North Dakota,1263
12/5/2012,9655,2437,Ohio,12092
12/5/2012,3681,2768,Oklahoma,6449
12/5/2012,3604,1016,Oregon,4620
12/5/2012,22056,6522,Pennsylvania,28578
12/5/2012,3185,673,Rhode Island,3858
12/5/2012,6279,4372,South Carolina,10651
12/5/2012,1513,420,South Dakota,1933
12/5/2012,9065,3802,Tennessee,12867
12/5/2012,18011,5978,Texas,23989
12/5/2012,591,388,Vermont,979
12/5/2012,161,211,Virgin Islands,372
12/5/2012,10416,1840,Virginia,12256
12/5/2012,5261,598,Washington,5859
12/5/2012,4005,525,West Virginia,4530
12/5/2012,8204,1336,Wisconsin,9540
12/1/2012,14006,1510,Arizona,15516
12/1/2012,2375,1799,Arkansas,4174
12/1/2012,4798,3709,Colorado,8507
12/1/2012,5644,2220,Connecticut,7864
12/1/2012,2521,352,Delaware,2873
12/1/2012,1626,299,Dist. of Columbia,1925
12/1/2012,49976,12725,Florida,62701
12/1/2012,13959,1462,Georgia,15421
12/1/2012,5103,950,Idaho,6053
12/1/2012,14840,2141,Illinois,16981
12/1/2012,10919,2604,Indiana,13523
12/1/2012,5281,1654,Iowa,6935
12/1/2012,4375,464,Kansas,4839
12/1/2012,8645,1091,Kentucky,9736
12/1/2012,10370,2407,Louisiana,12777
12/1/2012,1364,1024,Maine,2388
12/1/2012,9685,1251,Maryland,10936
12/1/2012,9071,1159,Massachusetts,10230
12/1/2012,12695,1432,Michigan,14127
12/1/2012,8140,724,Minnesota,8864
12/1/2012,10775,970,Missouri,11745
12/1/2012,1384,579,Montana,1963
12/1/2012,4345,652,Nebraska,4997
12/1/2012,3372,527,New Hampshire,3899
12/1/2012,15947,1977,New Jersey,17924
12/1/2012,3383,759,New Mexico,4142
12/1/2012,33640,2531,New York,36171
12/1/2012,13801,5259,North Carolina,19060
12/1/2012,665,717,North Dakota,1382
12/1/2012,10243,2532,Ohio,12775
12/1/2012,3574,2789,Oklahoma,6363
12/1/2012,4080,1072,Oregon,5152
12/1/2012,21162,6483,Pennsylvania,27645
12/1/2012,3043,613,Rhode Island,3656
12/1/2012,6314,4635,South Carolina,10949
12/1/2012,1567,355,South Dakota,1922
12/1/2012,10213,4119,Tennessee,14332
12/1/2012,17261,5773,Texas,23034
12/1/2012,620,397,Vermont,1017
12/1/2012,132,231,Virgin Islands,363
12/1/2012,9488,1823,Virginia,11311
12/1/2012,4864,543,Washington,5407
12/1/2012,4011,529,West Virginia,4540
12/1/2012,8387,1399,Wisconsin,9786
11/28/2012,249410,9759,Arizona,259169
11/28/2012,40654,21671,Arkansas,62325
11/28/2012,115281,55379,Colorado,170660
11/28/2012,126974,21581,Connecticut,148555
11/28/2012,41205,2317,Delaware,43522
11/28/2012,32021,1875,Dist. of Columbia,33896
11/28/2012,671306,94498,Florida,765804
11/28/2012,314209,12394,Georgia,326603
11/28/2012,51441,5496,Idaho,56937
11/28/2012,409233,21928,Illinois,431161
11/28/2012,182254,24321,Indiana,206575
11/28/2012,96444,17751,Iowa,114195
11/28/2012,79895,4193,Kansas,84088
11/28/2012,117493,6689,Kentucky,124182
11/28/2012,154893,16553,Louisiana,171446
11/28/2012,23866,11447,Maine,35313
11/28/2012,217315,8275,Maryland,225590
11/28/2012,287303,9801,Massachusetts,297104
11/28/2012,304338,9612,Michigan,313950
11/28/2012,167318,4754,Minnesota,172072
11/28/2012,186625,5241,Missouri,191866
11/28/2012,21962,5402,Montana,27364
11/28/2012,58550,4333,Nebraska,62883
11/28/2012,57494,3469,New Hampshire,60963
11/28/2012,434528,16253,New Jersey,450781
11/28/2012,66624,8071,New Mexico,74695
11/28/2012,902481,18568,New York,921049
11/28/2012,227636,42297,North Carolina,269933
11/28/2012,17249,8974,North Dakota,26223
11/28/2012,276721,27706,Ohio,304427
11/28/2012,73211,36198,Oklahoma,109409
11/28/2012,89747,11122,Oregon,100869
11/28/2012,469058,67439,Pennsylvania,536497
11/28/2012,43733,4187,Rhode Island,47920
11/28/2012,98045,42390,South Carolina,140435
11/28/2012,25736,4038,South Dakota,29774
11/28/2012,154058,36534,Tennessee,190592
11/28/2012,566377,83989,Texas,650366
11/28/2012,10609,4031,Vermont,14640
11/28/2012,1600,1830,Virgin Islands,3430
11/28/2012,240909,19177,Virginia,260086
11/28/2012,150068,5635,Washington,155703
11/28/2012,58970,3541,West Virginia,62511
11/28/2012,177609,10953,Wisconsin,188562
11/24/2012,52655,3103,Arizona,55758
11/24/2012,8811,4793,Arkansas,13604
11/24/2012,26385,14398,Colorado,40783
11/24/2012,28406,6319,Connecticut,34725
11/24/2012,12370,996,Delaware,13366
11/24/2012,4220,477,Dist. of Columbia,4697
11/24/2012,167674,30126,Florida,197800
11/24/2012,64563,3745,Georgia,68308
11/24/2012,11993,1698,Idaho,13691
11/24/2012,84245,6613,Illinois,90858
11/24/2012,48670,7843,Indiana,56513
11/24/2012,23021,5380,Iowa,28401
11/24/2012,16326,1174,Kansas,17500
11/24/2012,29490,2367,Kentucky,31857
11/24/2012,34755,5182,Louisiana,39937
11/24/2012,5608,3007,Maine,8615
11/24/2012,44831,2690,Maryland,47521
11/24/2012,68900,3295,Massachusetts,72195
11/24/2012,64150,3471,Michigan,67621
11/24/2012,41172,1671,Minnesota,42843
11/24/2012,43534,1870,Missouri,45404
11/24/2012,4418,1367,Montana,5785
11/24/2012,14475,1645,Nebraska,16120
11/24/2012,16257,1328,New Hampshire,17585
11/24/2012,104146,5926,New Jersey,110072
11/24/2012,13436,1954,New Mexico,15390
11/24/2012,217817,6892,New York,224709
11/24/2012,54400,13617,North Carolina,68017
11/24/2012,3239,1939,North Dakota,5178
11/24/2012,55685,7387,Ohio,63072
11/24/2012,15750,8399,Oklahoma,24149
11/24/2012,18473,2954,Oregon,21427
11/24/2012,134116,22732,Pennsylvania,156848
11/24/2012,12842,1710,Rhode Island,14552
11/24/2012,23414,11729,South Carolina,35143
11/24/2012,6067,1147,South Dakota,7214
11/24/2012,33588,9191,Tennessee,42779
11/24/2012,86049,20025,Texas,106074
11/24/2012,2776,1132,Vermont,3908
11/24/2012,299,441,Virgin Islands,740
11/24/2012,45004,5133,Virginia,50137
11/24/2012,27081,1542,Washington,28623
11/24/2012,14579,1254,West Virginia,15833
11/24/2012,41806,3818,Wisconsin,45624
11/21/2012,31264,2382,Arizona,33646
11/21/2012,5494,3074,Arkansas,8568
11/21/2012,15271,8214,Colorado,23485
11/21/2012,18379,4402,Connecticut,22781
11/21/2012,8326,730,Delaware,9056
11/21/2012,3568,430,Dist. of Columbia,3998
11/21/2012,116405,23646,Florida,140051
11/21/2012,39247,2668,Georgia,41915
11/21/2012,7377,1152,Idaho,8529
11/21/2012,53936,5009,Illinois,58945
11/21/2012,31761,5735,Indiana,37496
11/21/2012,15467,3572,Iowa,19039
11/21/2012,9439,743,Kansas,10182
11/21/2012,21384,2080,Kentucky,23464
11/21/2012,21911,3800,Louisiana,25711
11/21/2012,2623,1474,Maine,4097
11/21/2012,28372,2230,Maryland,30602
11/21/2012,41533,2391,Massachusetts,43924
11/21/2012,40871,2607,Michigan,43478
11/21/2012,25019,1293,Minnesota,26312
11/21/2012,26083,1509,Missouri,27592
11/21/2012,2376,839,Montana,3215
11/21/2012,10137,1317,Nebraska,11454
11/21/2012,10317,995,New Hampshire,11312
11/21/2012,74636,5053,New Jersey,79689
11/21/2012,7432,1233,New Mexico,8665
11/21/2012,158333,5978,New York,164311
11/21/2012,29780,8690,North Carolina,38470
11/21/2012,1783,1240,North Dakota,3023
11/21/2012,34609,5049,Ohio,39658
11/21/2012,9718,5313,Oklahoma,15031
11/21/2012,10651,1908,Oregon,12559
11/21/2012,89100,16042,Pennsylvania,105142
11/21/2012,8630,1338,Rhode Island,9968
11/21/2012,13446,7154,South Carolina,20600
11/21/2012,3669,763,South Dakota,4432
11/21/2012,19776,5821,Tennessee,25597
11/21/2012,45527,12045,Texas,57572
11/21/2012,1503,640,Vermont,2143
11/21/2012,172,241,Virgin Islands,413
11/21/2012,26138,3387,Virginia,29525
11/21/2012,14329,1053,Washington,15382
11/21/2012,9428,958,West Virginia,10386
11/21/2012,22325,2595,Wisconsin,24920
11/17/2012,23500,1860,Arizona,25360
11/17/2012,4355,2662,Arkansas,7017
11/17/2012,12296,6907,Colorado,19203
11/17/2012,14681,3897,Connecticut,18578
11/17/2012,5980,582,Delaware,6562
11/17/2012,2713,365,Dist. of Columbia,3078
11/17/2012,92721,19844,Florida,112565
11/17/2012,30700,2102,Georgia,32802
11/17/2012,6183,1067,Idaho,7250
11/17/2012,43273,4342,Illinois,47615
11/17/2012,25054,4885,Indiana,29939
11/17/2012,12337,3145,Iowa,15482
11/17/2012,8046,690,Kansas,8736
11/17/2012,17721,1708,Kentucky,19429
11/17/2012,18247,3564,Louisiana,21811
11/17/2012,2029,1146,Maine,3175
11/17/2012,20878,1764,Maryland,22642
11/17/2012,28843,1946,Massachusetts,30789
11/17/2012,31346,2357,Michigan,33703
11/17/2012,19479,1115,Minnesota,20594
11/17/2012,21031,1248,Missouri,22279
11/17/2012,1955,647,Montana,2602
11/17/2012,8184,1147,Nebraska,9331
11/17/2012,7453,751,New Hampshire,8204
11/17/2012,54794,4024,New Jersey,58818
11/17/2012,6220,1129,New Mexico,7349
11/17/2012,128707,4966,New York,133673
11/17/2012,22860,7196,North Carolina,30056
11/17/2012,1320,1081,North Dakota,2401
11/17/2012,26731,4133,Ohio,30864
11/17/2012,7854,4519,Oklahoma,12373
11/17/2012,9097,1682,Oregon,10779
11/17/2012,68962,13366,Pennsylvania,82328
11/17/2012,6623,1100,Rhode Island,7723
11/17/2012,10927,6316,South Carolina,17243
11/17/2012,2872,611,South Dakota,3483
11/17/2012,16030,4992,Tennessee,21022
11/17/2012,38248,10270,Texas,48518
11/17/2012,1282,632,Vermont,1914
11/17/2012,210,292,Virgin Islands,502
11/17/2012,20322,2802,Virginia,23124
11/17/2012,11628,855,Washington,12483
11/17/2012,7823,846,West Virginia,8669
11/17/2012,17581,2277,Wisconsin,19858
11/14/2012,18329,1752,Arizona,20081
11/14/2012,3559,2138,Arkansas,5697
11/14/2012,9795,5758,Colorado,15553
11/14/2012,11393,3345,Connecticut,14738
11/14/2012,4927,547,Delaware,5474
11/14/2012,2516,371,Dist. of Columbia,2887
11/14/2012,77205,18218,Florida,95423
11/14/2012,25761,2093,Georgia,27854
11/14/2012,5577,1043,Idaho,6620
11/14/2012,34980,3852,Illinois,38832
11/14/2012,18341,3922,Indiana,22263
11/14/2012,9708,2597,Iowa,12305
11/14/2012,6568,676,Kansas,7244
11/14/2012,14909,1675,Kentucky,16584
11/14/2012,14750,3115,Louisiana,17865
11/14/2012,1743,1089,Maine,2832
11/14/2012,16158,1603,Maryland,17761
11/14/2012,23832,1895,Massachusetts,25727
11/14/2012,26643,2320,Michigan,28963
11/14/2012,15646,1032,Minnesota,16678
11/14/2012,17370,1237,Missouri,18607
11/14/2012,1839,764,Montana,2603
11/14/2012,6813,1059,Nebraska,7872
11/14/2012,5773,715,New Hampshire,6488
11/14/2012,47327,4036,New Jersey,51363
11/14/2012,5376,1191,New Mexico,6567
11/14/2012,107127,5203,New York,112330
11/14/2012,18598,6491,North Carolina,25089
11/14/2012,1106,938,North Dakota,2044
11/14/2012,21916,3795,Ohio,25711
11/14/2012,6294,3667,Oklahoma,9961
11/14/2012,7261,1492,Oregon,8753
11/14/2012,56429,11886,Pennsylvania,68315
11/14/2012,5421,1037,Rhode Island,6458
11/14/2012,8961,5626,South Carolina,14587
11/14/2012,2620,550,South Dakota,3170
11/14/2012,13321,4470,Tennessee,17791
11/14/2012,30737,9163,Texas,39900
11/14/2012,1136,561,Vermont,1697
11/14/2012,148,260,Virgin Islands,408
11/14/2012,16792,2509,Virginia,19301
11/14/2012,10422,934,Washington,11356
11/14/2012,6486,784,West Virginia,7270
11/14/2012,14617,2122,Wisconsin,16739
11/10/2012,15457,1410,Arizona,16867
11/10/2012,2984,1790,Arkansas,4774
11/10/2012,8638,5172,Colorado,13810
11/10/2012,9702,2778,Connecticut,12480
11/10/2012,4045,440,Delaware,4485
11/10/2012,2000,268,Dist. of Columbia,2268
11/10/2012,63437,14123,Florida,77560
11/10/2012,21200,1570,Georgia,22770
11/10/2012,4378,780,Idaho,5158
11/10/2012,27617,2960,Illinois,30577
11/10/2012,15234,3100,Indiana,18334
11/10/2012,8101,2245,Iowa,10346
11/10/2012,5996,490,Kansas,6486
11/10/2012,13137,1444,Kentucky,14581
11/10/2012,13221,2598,Louisiana,15819
11/10/2012,1652,1013,Maine,2665
11/10/2012,14569,1330,Maryland,15899
11/10/2012,19087,1373,Massachusetts,20460
11/10/2012,21384,1754,Michigan,23138
11/10/2012,13465,855,Minnesota,14320
11/10/2012,15040,973,Missouri,16013
11/10/2012,1410,528,Montana,1938
11/10/2012,5947,883,Nebraska,6830
11/10/2012,5156,581,New Hampshire,5737
11/10/2012,34420,2883,New Jersey,37303
11/10/2012,4636,911,New Mexico,5547
11/10/2012,81881,3686,New York,85567
11/10/2012,16341,5526,North Carolina,21867
11/10/2012,897,703,North Dakota,1600
11/10/2012,18014,3092,Ohio,21106
11/10/2012,5371,3213,Oklahoma,8584
11/10/2012,5948,1217,Oregon,7165
11/10/2012,46914,9785,Pennsylvania,56699
11/10/2012,4667,797,Rhode Island,5464
11/10/2012,8021,4893,South Carolina,12914
11/10/2012,2099,465,South Dakota,2564
11/10/2012,11594,3844,Tennessee,15438
11/10/2012,26864,7852,Texas,34716
11/10/2012,1045,439,Vermont,1484
11/10/2012,119,210,Virgin Islands,329
11/10/2012,14408,2194,Virginia,16602
11/10/2012,8350,622,Washington,8972
11/10/2012,5646,635,West Virginia,6281
11/10/2012,12819,1693,Wisconsin,14512
11/7/2012,13911,1249,Arizona,15160
11/7/2012,2611,1744,Arkansas,4355
11/7/2012,7905,4726,Colorado,12631
11/7/2012,7943,2314,Connecticut,10257
11/7/2012,3444,408,Delaware,3852
11/7/2012,1900,237,Dist. of Columbia,2137
11/7/2012,55356,12875,Florida,68231
11/7/2012,16053,1383,Georgia,17436
11/7/2012,4266,753,Idaho,5019
11/7/2012,25303,2861,Illinois,28164
11/7/2012,13320,3008,Indiana,16328
11/7/2012,7480,2073,Iowa,9553
11/7/2012,5287,512,Kansas,5799
11/7/2012,11192,1232,Kentucky,12424
11/7/2012,11963,2547,Louisiana,14510
11/7/2012,1415,879,Maine,2294
11/7/2012,12585,1217,Maryland,13802
11/7/2012,17081,1332,Massachusetts,18413
11/7/2012,18285,1659,Michigan,19944
11/7/2012,11803,786,Minnesota,12589
11/7/2012,13353,942,Missouri,14295
11/7/2012,1466,588,Montana,2054
11/7/2012,5235,824,Nebraska,6059
11/7/2012,4425,525,New Hampshire,4950
11/7/2012,26083,2362,New Jersey,28445
11/7/2012,4135,800,New Mexico,4935
11/7/2012,61688,3126,New York,64814
11/7/2012,14415,5054,North Carolina,19469
11/7/2012,806,730,North Dakota,1536
11/7/2012,15767,2825,Ohio,18592
11/7/2012,4748,2980,Oklahoma,7728
11/7/2012,5530,1159,Oregon,6689
11/7/2012,39713,8748,Pennsylvania,48461
11/7/2012,3627,689,Rhode Island,4316
11/7/2012,6950,4338,South Carolina,11288
11/7/2012,2091,403,South Dakota,2494
11/7/2012,10157,3435,Tennessee,13592
11/7/2012,22374,6767,Texas,29141
11/7/2012,800,396,Vermont,1196
11/7/2012,135,193,Virgin Islands,328
11/7/2012,12819,2023,Virginia,14842
11/7/2012,8236,647,Washington,8883
11/7/2012,4627,594,West Virginia,5221
11/7/2012,11140,1563,Wisconsin,12703
11/3/2012,14560,1503,Arizona,16063
11/3/2012,2978,1947,Arkansas,4925
11/3/2012,7752,5038,Colorado,12790
11/3/2012,8881,3104,Connecticut,11985
11/3/2012,3871,531,Delaware,4402
11/3/2012,2106,377,Dist. of Columbia,2483
11/3/2012,66038,16056,Florida,82094
11/3/2012,18105,1720,Georgia,19825
11/3/2012,4372,863,Idaho,5235
11/3/2012,23430,2964,Illinois,26394
11/3/2012,14075,3384,Indiana,17459
11/3/2012,7992,2300,Iowa,10292
11/3/2012,5503,555,Kansas,6058
11/3/2012,12445,1458,Kentucky,13903
11/3/2012,13357,3004,Louisiana,16361
11/3/2012,1746,1248,Maine,2994
11/3/2012,13533,1420,Maryland,14953
11/3/2012,16751,1506,Massachusetts,18257
11/3/2012,18110,1811,Michigan,19921
11/3/2012,11984,800,Minnesota,12784
11/3/2012,14346,1044,Missouri,15390
11/3/2012,1570,626,Montana,2196
11/3/2012,5648,835,Nebraska,6483
11/3/2012,5352,692,New Hampshire,6044
11/3/2012,20573,2350,New Jersey,22923
11/3/2012,4444,901,New Mexico,5345
11/3/2012,56115,3226,New York,59341
11/3/2012,16858,6030,North Carolina,22888
11/3/2012,874,675,North Dakota,1549
11/3/2012,15763,3273,Ohio,19036
11/3/2012,4972,3156,Oklahoma,8128
11/3/2012,5314,1143,Oregon,6457
11/3/2012,39327,9430,Pennsylvania,48757
11/3/2012,4468,820,Rhode Island,5288
11/3/2012,8265,5692,South Carolina,13957
11/3/2012,2176,459,South Dakota,2635
11/3/2012,11125,3845,Tennessee,14970
11/3/2012,23447,7545,Texas,30992
11/3/2012,892,461,Vermont,1353
11/3/2012,115,211,Virgin Islands,326
11/3/2012,14033,2456,Virginia,16489
11/3/2012,7435,620,Washington,8055
11/3/2012,5231,648,West Virginia,5879
11/3/2012,12002,1817,Wisconsin,13819
10/31/2012,12687,1305,Arizona,13992
10/31/2012,2283,1456,Arkansas,3739
10/31/2012,6911,4571,Colorado,11482
10/31/2012,6328,2287,Connecticut,8615
10/31/2012,2578,393,Delaware,2971
10/31/2012,1497,287,Dist. of Columbia,1784
10/31/2012,51903,13198,Florida,65101
10/31/2012,14722,1398,Georgia,16120
10/31/2012,3978,788,Idaho,4766
10/31/2012,20051,2605,Illinois,22656
10/31/2012,10715,2657,Indiana,13372
10/31/2012,7013,1903,Iowa,8916
10/31/2012,4770,500,Kansas,5270
10/31/2012,10365,1119,Kentucky,11484
10/31/2012,10762,2433,Louisiana,13195
10/31/2012,1464,1062,Maine,2526
10/31/2012,9454,1188,Maryland,10642
10/31/2012,11381,1325,Massachusetts,12706
10/31/2012,15254,1582,Michigan,16836
10/31/2012,10823,836,Minnesota,11659
10/31/2012,12322,947,Missouri,13269
10/31/2012,1514,592,Montana,2106
10/31/2012,5179,835,Nebraska,6014
10/31/2012,3938,628,New Hampshire,4566
10/31/2012,13929,1582,New Jersey,15511
10/31/2012,3812,841,New Mexico,4653
10/31/2012,34908,2553,New York,37461
10/31/2012,13584,5349,North Carolina,18933
10/31/2012,755,701,North Dakota,1456
10/31/2012,12851,2729,Ohio,15580
10/31/2012,4009,2488,Oklahoma,6497
10/31/2012,4624,1069,Oregon,5693
10/31/2012,29238,7383,Pennsylvania,36621
10/31/2012,3408,773,Rhode Island,4181
10/31/2012,6739,4454,South Carolina,11193
10/31/2012,1973,434,South Dakota,2407
10/31/2012,9325,3309,Tennessee,12634
10/31/2012,18565,6037,Texas,24602
10/31/2012,794,435,Vermont,1229
10/31/2012,119,197,Virgin Islands,316
10/31/2012,10709,1886,Virginia,12595
10/31/2012,6923,675,Washington,7598
10/31/2012,3774,494,West Virginia,4268
10/31/2012,10089,1619,Wisconsin,11708
10/27/2012,12971,1395,Arizona,14366
10/27/2012,2369,1590,Arkansas,3959
10/27/2012,6721,4475,Colorado,11196
10/27/2012,8595,2724,Connecticut,11319
10/27/2012,3315,428,Delaware,3743
10/27/2012,1812,315,Dist. of Columbia,2127
10/27/2012,55037,13648,Florida,68685
10/27/2012,15653,1494,Georgia,17147
10/27/2012,3994,758,Idaho,4752
10/27/2012,19269,2405,Illinois,21674
10/27/2012,11792,2820,Indiana,14612
10/27/2012,6790,2061,Iowa,8851
10/27/2012,5029,506,Kansas,5535
10/27/2012,11026,1262,Kentucky,12288
10/27/2012,10697,2374,Louisiana,13071
10/27/2012,1571,1109,Maine,2680
10/27/2012,12054,1273,Maryland,13327
10/27/2012,13779,1242,Massachusetts,15021
10/27/2012,15659,1618,Michigan,17277
10/27/2012,10632,835,Minnesota,11467
10/27/2012,12683,951,Missouri,13634
10/27/2012,1508,563,Montana,2071
10/27/2012,4944,829,Nebraska,5773
10/27/2012,4599,621,New Hampshire,5220
10/27/2012,29775,2982,New Jersey,32757
10/27/2012,3877,876,New Mexico,4753
10/27/2012,56684,3440,New York,60124
10/27/2012,13695,5105,North Carolina,18800
10/27/2012,768,636,North Dakota,1404
10/27/2012,13170,2913,Ohio,16083
10/27/2012,4072,2699,Oklahoma,6771
10/27/2012,4416,1059,Oregon,5475
10/27/2012,34336,8379,Pennsylvania,42715
10/27/2012,3944,787,Rhode Island,4731
10/27/2012,6793,4311,South Carolina,11104
10/27/2012,1845,430,South Dakota,2275
10/27/2012,9741,3360,Tennessee,13101
10/27/2012,19500,6768,Texas,26268
10/27/2012,823,432,Vermont,1255
10/27/2012,118,204,Virgin Islands,322
10/27/2012,12434,2007,Virginia,14441
10/27/2012,6535,638,Washington,7173
10/27/2012,4713,578,West Virginia,5291
10/27/2012,10271,1625,Wisconsin,11896
10/24/2012,10584,1214,Arizona,11798
10/24/2012,1994,1315,Arkansas,3309
10/24/2012,5641,3781,Colorado,9422
10/24/2012,6599,2204,Connecticut,8803
10/24/2012,2689,356,Delaware,3045
10/24/2012,1573,250,Dist. of Columbia,1823
10/24/2012,45100,11436,Florida,56536
10/24/2012,12105,1210,Georgia,13315
10/24/2012,3377,714,Idaho,4091
10/24/2012,15525,2199,Illinois,17724
10/24/2012,9192,2225,Indiana,11417
10/24/2012,5816,1706,Iowa,7522
10/24/2012,4102,441,Kansas,4543
10/24/2012,8607,1033,Kentucky,9640
10/24/2012,8728,2007,Louisiana,10735
10/24/2012,1372,954,Maine,2326
10/24/2012,9301,1056,Maryland,10357
10/24/2012,9177,1114,Massachusetts,10291
10/24/2012,12742,1393,Michigan,14135
10/24/2012,9055,744,Minnesota,9799
10/24/2012,10317,817,Missouri,11134
10/24/2012,1361,519,Montana,1880
10/24/2012,4200,744,Nebraska,4944
10/24/2012,3494,507,New Hampshire,4001
10/24/2012,21897,2345,New Jersey,24242
10/24/2012,3231,725,New Mexico,3956
10/24/2012,39932,2879,New York,42811
10/24/2012,11226,4350,North Carolina,15576
10/24/2012,706,612,North Dakota,1318
10/24/2012,9686,2220,Ohio,11906
10/24/2012,3284,2154,Oklahoma,5438
10/24/2012,3563,817,Oregon,4380
10/24/2012,24881,6301,Pennsylvania,31182
10/24/2012,3006,627,Rhode Island,3633
10/24/2012,5657,3858,South Carolina,9515
10/24/2012,1656,403,South Dakota,2059
10/24/2012,7975,2849,Tennessee,10824
10/24/2012,14799,5232,Texas,20031
10/24/2012,678,350,Vermont,1028
10/24/2012,105,166,Virgin Islands,271
10/24/2012,9926,1699,Virginia,11625
10/24/2012,5672,565,Washington,6237
10/24/2012,3783,507,West Virginia,4290
10/24/2012,8511,1334,Wisconsin,9845
10/20/2012,11040,1205,Arizona,12245
10/20/2012,2164,1427,Arkansas,3591
10/20/2012,5344,3994,Colorado,9338
10/20/2012,6828,2369,Connecticut,9197
10/20/2012,2859,424,Delaware,3283
10/20/2012,1637,295,Dist. of Columbia,1932
10/20/2012,52016,13318,Florida,65334
10/20/2012,13021,1342,Georgia,14363
10/20/2012,3613,753,Idaho,4366
10/20/2012,15689,2106,Illinois,17795
10/20/2012,10662,2709,Indiana,13371
10/20/2012,5991,1916,Iowa,7907
10/20/2012,4555,488,Kansas,5043
10/20/2012,9352,1144,Kentucky,10496
10/20/2012,9542,2380,Louisiana,11922
10/20/2012,1323,1048,Maine,2371
10/20/2012,10059,1217,Maryland,11276
10/20/2012,9313,1022,Massachusetts,10335
10/20/2012,12950,1468,Michigan,14418
10/20/2012,9254,758,Minnesota,10012
10/20/2012,10805,916,Missouri,11721
10/20/2012,1338,628,Montana,1966
10/20/2012,4144,667,Nebraska,4811
10/20/2012,3722,504,New Hampshire,4226
10/20/2012,20156,2398,New Jersey,22554
10/20/2012,3458,764,New Mexico,4222
10/20/2012,37880,2770,New York,40650
10/20/2012,12375,4932,North Carolina,17307
10/20/2012,642,595,North Dakota,1237
10/20/2012,9863,2394,Ohio,12257
10/20/2012,3498,2521,Oklahoma,6019
10/20/2012,3538,932,Oregon,4470
10/20/2012,25685,6759,Pennsylvania,32444
10/20/2012,3395,695,Rhode Island,4090
10/20/2012,6248,4288,South Carolina,10536
10/20/2012,1571,359,South Dakota,1930
10/20/2012,8529,3191,Tennessee,11720
10/20/2012,16063,5599,Texas,21662
10/20/2012,685,417,Vermont,1102
10/20/2012,127,208,Virgin Islands,335
10/20/2012,10472,1889,Virginia,12361
10/20/2012,5242,566,Washington,5808
10/20/2012,4271,547,West Virginia,4818
10/20/2012,8788,1397,Wisconsin,10185
10/17/2012,10240,1236,Arizona,11476
10/17/2012,1871,1202,Arkansas,3073
10/17/2012,4876,3478,Colorado,8354
10/17/2012,6603,2485,Connecticut,9088
10/17/2012,2531,340,Delaware,2871
10/17/2012,1640,289,Dist. of Columbia,1929
10/17/2012,41246,10679,Florida,51925
10/17/2012,11117,1255,Georgia,12372
10/17/2012,3449,705,Idaho,4154
10/17/2012,13403,1962,Illinois,15365
10/17/2012,9142,2431,Indiana,11573
10/17/2012,5296,1701,Iowa,6997
10/17/2012,3987,427,Kansas,4414
10/17/2012,8859,1103,Kentucky,9962
10/17/2012,8897,2410,Louisiana,11307
10/17/2012,1281,942,Maine,2223
10/17/2012,8540,1162,Maryland,9702
10/17/2012,8607,1161,Massachusetts,9768
10/17/2012,11798,1432,Michigan,13230
10/17/2012,8710,759,Minnesota,9469
10/17/2012,10215,861,Missouri,11076
10/17/2012,1458,546,Montana,2004
10/17/2012,4164,735,Nebraska,4899
10/17/2012,3368,497,New Hampshire,3865
10/17/2012,20415,2500,New Jersey,22915
10/17/2012,3089,716,New Mexico,3805
10/17/2012,34326,3038,New York,37364
10/17/2012,10294,4290,North Carolina,14584
10/17/2012,636,556,North Dakota,1192
10/17/2012,9244,2459,Ohio,11703
10/17/2012,2956,2027,Oklahoma,4983
10/17/2012,3114,894,Oregon,4008
10/17/2012,21346,5989,Pennsylvania,27335
10/17/2012,3082,693,Rhode Island,3775
10/17/2012,5288,3676,South Carolina,8964
10/17/2012,1603,351,South Dakota,1954
10/17/2012,7314,2802,Tennessee,10116
10/17/2012,13916,5388,Texas,19304
10/17/2012,654,330,Vermont,984
10/17/2012,117,184,Virgin Islands,301
10/17/2012,8823,1705,Virginia,10528
10/17/2012,4836,531,Washington,5367
10/17/2012,3900,505,West Virginia,4405
10/17/2012,8180,1477,Wisconsin,9657
10/13/2012,10050,1131,Arizona,11181
10/13/2012,1962,1504,Arkansas,3466
10/13/2012,5064,3814,Colorado,8878
10/13/2012,6299,2397,Connecticut,8696
10/13/2012,2556,399,Delaware,2955
10/13/2012,1409,243,Dist. of Columbia,1652
10/13/2012,52216,13641,Florida,65857
10/13/2012,11263,1164,Georgia,12427
10/13/2012,3374,690,Idaho,4064
10/13/2012,13062,1949,Illinois,15011
10/13/2012,9483,2512,Indiana,11995
10/13/2012,5560,1859,Iowa,7419
10/13/2012,4022,442,Kansas,4464
10/13/2012,8625,1125,Kentucky,9750
10/13/2012,8738,2204,Louisiana,10942
10/13/2012,1414,1057,Maine,2471
10/13/2012,9319,1143,Maryland,10462
10/13/2012,7803,992,Massachusetts,8795
10/13/2012,10626,1301,Michigan,11927
10/13/2012,8062,684,Minnesota,8746
10/13/2012,10131,810,Missouri,10941
10/13/2012,1244,575,Montana,1819
10/13/2012,3793,721,Nebraska,4514
10/13/2012,3556,618,New Hampshire,4174
10/13/2012,16650,2107,New Jersey,18757
10/13/2012,3155,765,New Mexico,3920
10/13/2012,30427,2530,New York,32957
10/13/2012,12318,5101,North Carolina,17419
10/13/2012,618,576,North Dakota,1194
10/13/2012,8601,2414,Ohio,11015
10/13/2012,3397,2335,Oklahoma,5732
10/13/2012,2954,800,Oregon,3754
10/13/2012,23030,6649,Pennsylvania,29679
10/13/2012,3030,624,Rhode Island,3654
10/13/2012,5867,4355,South Carolina,10222
10/13/2012,1588,397,South Dakota,1985
10/13/2012,8316,3305,Tennessee,11621
10/13/2012,14867,5214,Texas,20081
10/13/2012,663,394,Vermont,1057
10/13/2012,83,210,Virgin Islands,293
10/13/2012,9432,1718,Virginia,11150
10/13/2012,4291,477,Washington,4768
10/13/2012,4093,575,West Virginia,4668
10/13/2012,7828,1298,Wisconsin,9126
10/10/2012,8598,966,Arizona,9564
10/10/2012,1518,1096,Arkansas,2614
10/10/2012,3922,2952,Colorado,6874
10/10/2012,5206,2060,Connecticut,7266
10/10/2012,2099,266,Delaware,2365
10/10/2012,1207,200,Dist. of Columbia,1407
10/10/2012,35804,9243,Florida,45047
10/10/2012,8624,985,Georgia,9609
10/10/2012,2915,545,Idaho,3460
10/10/2012,11275,1709,Illinois,12984
10/10/2012,7448,2084,Indiana,9532
10/10/2012,4616,1485,Iowa,6101
10/10/2012,3339,353,Kansas,3692
10/10/2012,7118,936,Kentucky,8054
10/10/2012,7353,1942,Louisiana,9295
10/10/2012,1115,816,Maine,1931
10/10/2012,7263,845,Maryland,8108
10/10/2012,6715,821,Massachusetts,7536
10/10/2012,9797,1131,Michigan,10928
10/10/2012,6773,585,Minnesota,7358
10/10/2012,8260,724,Missouri,8984
10/10/2012,1144,478,Montana,1622
10/10/2012,3285,588,Nebraska,3873
10/10/2012,2897,453,New Hampshire,3350
10/10/2012,15608,1864,New Jersey,17472
10/10/2012,2645,622,New Mexico,3267
10/10/2012,26079,2020,New York,28099
10/10/2012,8637,3624,North Carolina,12261
10/10/2012,565,497,North Dakota,1062
10/10/2012,7376,1917,Ohio,9293
10/10/2012,2507,1682,Oklahoma,4189
10/10/2012,2652,698,Oregon,3350
10/10/2012,17384,4994,Pennsylvania,22378
10/10/2012,2349,538,Rhode Island,2887
10/10/2012,4288,3295,South Carolina,7583
10/10/2012,1347,302,South Dakota,1649
10/10/2012,5972,2295,Tennessee,8267
10/10/2012,11388,4410,Texas,15798
10/10/2012,549,283,Vermont,832
10/10/2012,73,131,Virgin Islands,204
10/10/2012,7119,1329,Virginia,8448
10/10/2012,3794,386,Washington,4180
10/10/2012,3224,457,West Virginia,3681
10/10/2012,6730,1088,Wisconsin,7818
10/6/2012,10350,1124,Arizona,11474
10/6/2012,1767,1242,Arkansas,3009
10/6/2012,4280,3420,Colorado,7700
10/6/2012,6357,2490,Connecticut,8847
10/6/2012,2241,336,Delaware,2577
10/6/2012,1635,290,Dist. of Columbia,1925
10/6/2012,41458,10782,Florida,52240
10/6/2012,11059,1150,Georgia,12209
10/6/2012,3322,659,Idaho,3981
10/6/2012,13175,1874,Illinois,15049
10/6/2012,9913,2453,Indiana,12366
10/6/2012,5067,1616,Iowa,6683
10/6/2012,3957,412,Kansas,4369
10/6/2012,8875,1117,Kentucky,9992
10/6/2012,9279,2340,Louisiana,11619
10/6/2012,1360,995,Maine,2355
10/6/2012,8773,1020,Maryland,9793
10/6/2012,8120,1087,Massachusetts,9207
10/6/2012,11405,1418,Michigan,12823
10/6/2012,7956,723,Minnesota,8679
10/6/2012,10270,905,Missouri,11175
10/6/2012,1218,503,Montana,1721
10/6/2012,4024,697,Nebraska,4721
10/6/2012,3582,485,New Hampshire,4067
10/6/2012,18092,2252,New Jersey,20344
10/6/2012,3157,736,New Mexico,3893
10/6/2012,32212,2459,New York,34671
10/6/2012,10745,4322,North Carolina,15067
10/6/2012,585,538,North Dakota,1123
10/6/2012,9113,2498,Ohio,11611
10/6/2012,2871,2090,Oklahoma,4961
10/6/2012,2890,859,Oregon,3749
10/6/2012,20142,5778,Pennsylvania,25920
10/6/2012,3211,612,Rhode Island,3823
10/6/2012,5361,3899,South Carolina,9260
10/6/2012,1422,314,South Dakota,1736
10/6/2012,7511,2933,Tennessee,10444
10/6/2012,13872,5499,Texas,19371
10/6/2012,692,390,Vermont,1082
10/6/2012,109,216,Virgin Islands,325
10/6/2012,8665,1692,Virginia,10357
10/6/2012,4069,406,Washington,4475
10/6/2012,4095,573,West Virginia,4668
10/6/2012,7873,1358,Wisconsin,9231
10/3/2012,9389,1070,Arizona,10459
10/3/2012,1854,1267,Arkansas,3121
10/3/2012,4523,3413,Colorado,7936
10/3/2012,5604,2098,Connecticut,7702
10/3/2012,2259,331,Delaware,2590
10/3/2012,1486,250,Dist. of Columbia,1736
10/3/2012,41885,11312,Florida,53197
10/3/2012,10240,1219,Georgia,11459
10/3/2012,3288,739,Idaho,4027
10/3/2012,12869,2002,Illinois,14871
10/3/2012,8361,2291,Indiana,10652
10/3/2012,4821,1563,Iowa,6384
10/3/2012,3694,412,Kansas,4106
10/3/2012,7930,938,Kentucky,8868
10/3/2012,8069,2154,Louisiana,10223
10/3/2012,1104,857,Maine,1961
10/3/2012,8466,1074,Maryland,9540
10/3/2012,7180,937,Massachusetts,8117
10/3/2012,10956,1278,Michigan,12234
10/3/2012,7405,691,Minnesota,8096
10/3/2012,9189,771,Missouri,9960
10/3/2012,1215,561,Montana,1776
10/3/2012,3596,662,Nebraska,4258
10/3/2012,3009,433,New Hampshire,3442
10/3/2012,17117,2053,New Jersey,19170
10/3/2012,2834,663,New Mexico,3497
10/3/2012,30821,2457,New York,33278
10/3/2012,10493,4372,North Carolina,14865
10/3/2012,538,523,North Dakota,1061
10/3/2012,8528,2178,Ohio,10706
10/3/2012,2946,2154,Oklahoma,5100
10/3/2012,2845,799,Oregon,3644
10/3/2012,19775,5550,Pennsylvania,25325
10/3/2012,2664,569,Rhode Island,3233
10/3/2012,5197,3728,South Carolina,8925
10/3/2012,1450,318,South Dakota,1768
10/3/2012,7132,2753,Tennessee,9885
10/3/2012,13296,4813,Texas,18109
10/3/2012,591,335,Vermont,926
10/3/2012,101,152,Virgin Islands,253
10/3/2012,8463,1618,Virginia,10081
10/3/2012,4399,463,Washington,4862
10/3/2012,3685,491,West Virginia,4176
10/3/2012,6973,1257,Wisconsin,8230
9/29/2012,11149,1259,Arizona,12408
9/29/2012,1979,1417,Arkansas,3396
9/29/2012,4656,3621,Colorado,8277
9/29/2012,6198,2337,Connecticut,8535
9/29/2012,2470,355,Delaware,2825
9/29/2012,1651,249,Dist. of Columbia,1900
9/29/2012,46921,12421,Florida,59342
9/29/2012,11923,1250,Georgia,13173
9/29/2012,3627,737,Idaho,4364
9/29/2012,13930,2044,Illinois,15974
9/29/2012,9790,2647,Indiana,12437
9/29/2012,4848,1547,Iowa,6395
9/29/2012,4195,417,Kansas,4612
9/29/2012,8947,1118,Kentucky,10065
9/29/2012,9086,2381,Louisiana,11467
9/29/2012,1316,1025,Maine,2341
9/29/2012,9403,1156,Maryland,10559
9/29/2012,7961,1018,Massachusetts,8979
9/29/2012,11863,1408,Michigan,13271
9/29/2012,8159,711,Minnesota,8870
9/29/2012,10630,920,Missouri,11550
9/29/2012,1330,581,Montana,1911
9/29/2012,3909,881,Nebraska,4790
9/29/2012,3528,512,New Hampshire,4040
9/29/2012,17183,2287,New Jersey,19470
9/29/2012,3074,786,New Mexico,3860
9/29/2012,33176,2620,New York,35796
9/29/2012,11614,4882,North Carolina,16496
9/29/2012,664,598,North Dakota,1262
9/29/2012,9083,2453,Ohio,11536
9/29/2012,3229,2357,Oklahoma,5586
9/29/2012,3060,923,Oregon,3983
9/29/2012,21334,6239,Pennsylvania,27573
9/29/2012,3175,728,Rhode Island,3903
9/29/2012,5948,4245,South Carolina,10193
9/29/2012,1499,384,South Dakota,1883
9/29/2012,8157,3257,Tennessee,11414
9/29/2012,14033,5239,Texas,19272
9/29/2012,670,381,Vermont,1051
9/29/2012,97,248,Virgin Islands,345
9/29/2012,8953,1779,Virginia,10732
9/29/2012,4269,532,Washington,4801
9/29/2012,4027,592,West Virginia,4619
9/29/2012,7966,1384,Wisconsin,9350
9/26/2012,23474,1923,Arizona,25397
9/26/2012,4291,2528,Arkansas,6819
9/26/2012,11505,6447,Colorado,17952
9/26/2012,14087,3948,Connecticut,18035
9/26/2012,5873,576,Delaware,6449
9/26/2012,2779,376,Dist. of Columbia,3155
9/26/2012,86525,19630,Florida,106155
9/26/2012,28322,2295,Georgia,30617
9/26/2012,6339,1067,Idaho,7406
9/26/2012,39996,4117,Illinois,44113
9/26/2012,17530,3638,Indiana,21168
9/26/2012,10917,2808,Iowa,13725
9/26/2012,7370,674,Kansas,8044
9/26/2012,15858,1619,Kentucky,17477
9/26/2012,16778,3368,Louisiana,20146
9/26/2012,1889,1086,Maine,2975
9/26/2012,20356,1832,Maryland,22188
9/26/2012,20661,1760,Massachusetts,22421
9/26/2012,28434,2256,Michigan,30690
9/26/2012,17688,1400,Minnesota,19088
9/26/2012,19627,1232,Missouri,20859
9/26/2012,2095,790,Montana,2885
9/26/2012,7268,1584,Nebraska,8852
9/26/2012,7354,761,New Hampshire,8115
9/26/2012,58949,4367,New Jersey,63316
9/26/2012,6281,1038,New Mexico,7319
9/26/2012,110469,5372,New York,115841
9/26/2012,21528,7118,North Carolina,28646
9/26/2012,1421,1031,North Dakota,2452
9/26/2012,23863,3932,Ohio,27795
9/26/2012,7125,4043,Oklahoma,11168
9/26/2012,7815,1495,Oregon,9310
9/26/2012,63875,12410,Pennsylvania,76285
9/26/2012,5858,953,Rhode Island,6811
9/26/2012,10597,6224,South Carolina,16821
9/26/2012,3073,608,South Dakota,3681
9/26/2012,15093,4632,Tennessee,19725
9/26/2012,32375,9070,Texas,41445
9/26/2012,1135,598,Vermont,1733
9/26/2012,175,274,Virgin Islands,449
9/26/2012,19973,2860,Virginia,22833
9/26/2012,10835,840,Washington,11675
9/26/2012,7500,857,West Virginia,8357
9/26/2012,15170,2052,Wisconsin,17222
9/22/2012,19174,1917,Arizona,21091
9/22/2012,3208,2046,Arkansas,5254
9/22/2012,9058,5476,Colorado,14534
9/22/2012,11070,3453,Connecticut,14523
9/22/2012,4698,536,Delaware,5234
9/22/2012,2261,385,Dist. of Columbia,2646
9/22/2012,73617,17349,Florida,90966
9/22/2012,21757,1861,Georgia,23618
9/22/2012,5298,981,Idaho,6279
9/22/2012,30325,3462,Illinois,33787
9/22/2012,15605,3512,Indiana,19117
9/22/2012,9107,2383,Iowa,11490
9/22/2012,6359,579,Kansas,6938
9/22/2012,14377,1459,Kentucky,15836
9/22/2012,14156,2912,Louisiana,17068
9/22/2012,1938,1158,Maine,3096
9/22/2012,16127,1592,Maryland,17719
9/22/2012,16019,1457,Massachusetts,17476
9/22/2012,22638,1958,Michigan,24596
9/22/2012,15167,1035,Minnesota,16202
9/22/2012,17009,1165,Missouri,18174
9/22/2012,1833,662,Montana,2495
9/22/2012,5988,1192,Nebraska,7180
9/22/2012,5898,726,New Hampshire,6624
9/22/2012,43603,3720,New Jersey,47323
9/22/2012,5228,1041,New Mexico,6269
9/22/2012,84154,4330,New York,88484
9/22/2012,17896,6170,North Carolina,24066
9/22/2012,1069,811,North Dakota,1880
9/22/2012,18658,3640,Ohio,22298
9/22/2012,5920,3582,Oklahoma,9502
9/22/2012,6086,1372,Oregon,7458
9/22/2012,48341,10658,Pennsylvania,58999
9/22/2012,5124,892,Rhode Island,6016
9/22/2012,8670,5249,South Carolina,13919
9/22/2012,2403,510,South Dakota,2913
9/22/2012,12639,4128,Tennessee,16767
9/22/2012,28077,8604,Texas,36681
9/22/2012,1053,559,Vermont,1612
9/22/2012,163,238,Virgin Islands,401
9/22/2012,16287,2387,Virginia,18674
9/22/2012,8679,819,Washington,9498
9/22/2012,6119,746,West Virginia,6865
9/22/2012,13583,1952,Wisconsin,15535
9/19/2012,17516,1802,Arizona,19318
9/19/2012,2950,1911,Arkansas,4861
9/19/2012,7774,4676,Colorado,12450
9/19/2012,9032,2889,Connecticut,11921
9/19/2012,3884,469,Delaware,4353
9/19/2012,2110,323,Dist. of Columbia,2433
9/19/2012,60744,14803,Florida,75547
9/19/2012,19528,1836,Georgia,21364
9/19/2012,5071,1038,Idaho,6109
9/19/2012,27322,3253,Illinois,30575
9/19/2012,13033,3038,Indiana,16071
9/19/2012,8132,2189,Iowa,10321
9/19/2012,5760,519,Kansas,6279
9/19/2012,12717,1454,Kentucky,14171
9/19/2012,12325,2693,Louisiana,15018
9/19/2012,1559,1014,Maine,2573
9/19/2012,13489,1357,Maryland,14846
9/19/2012,13510,1315,Massachusetts,14825
9/19/2012,20442,1851,Michigan,22293
9/19/2012,12794,925,Minnesota,13719
9/19/2012,15174,1185,Missouri,16359
9/19/2012,1819,707,Montana,2526
9/19/2012,5672,1048,Nebraska,6720
9/19/2012,4509,613,New Hampshire,5122
9/19/2012,39443,3544,New Jersey,42987
9/19/2012,4575,1033,New Mexico,5608
9/19/2012,73975,4221,New York,78196
9/19/2012,15259,5698,North Carolina,20957
9/19/2012,906,667,North Dakota,1573
9/19/2012,16163,3154,Ohio,19317
9/19/2012,5054,3079,Oklahoma,8133
9/19/2012,5311,1252,Oregon,6563
9/19/2012,40866,9795,Pennsylvania,50661
9/19/2012,4340,857,Rhode Island,5197
9/19/2012,7358,4858,South Carolina,12216
9/19/2012,2306,461,South Dakota,2767
9/19/2012,10612,3716,Tennessee,14328
9/19/2012,23186,6965,Texas,30151
9/19/2012,839,419,Vermont,1258
9/19/2012,139,155,Virgin Islands,294
9/19/2012,13902,2180,Virginia,16082
9/19/2012,8410,741,Washington,9151
9/19/2012,5045,637,West Virginia,5682
9/19/2012,12015,1802,Wisconsin,13817
9/15/2012,14580,1352,Arizona,15932
9/15/2012,2367,1578,Arkansas,3945
9/15/2012,6716,4220,Colorado,10936
9/15/2012,8341,2735,Connecticut,11076
9/15/2012,3321,404,Delaware,3725
9/15/2012,1896,327,Dist. of Columbia,2223
9/15/2012,57398,13704,Florida,71102
9/15/2012,16437,1435,Georgia,17872
9/15/2012,4289,795,Idaho,5084
9/15/2012,21964,2657,Illinois,24621
9/15/2012,12455,2876,Indiana,15331
9/15/2012,6933,2036,Iowa,8969
9/15/2012,5294,539,Kansas,5833
9/15/2012,10941,1213,Kentucky,12154
9/15/2012,12517,2656,Louisiana,15173
9/15/2012,1633,1075,Maine,2708
9/15/2012,12502,1328,Maryland,13830
9/15/2012,12129,1167,Massachusetts,13296
9/15/2012,17271,1635,Michigan,18906
9/15/2012,11573,842,Minnesota,12415
9/15/2012,13077,907,Missouri,13984
9/15/2012,1544,612,Montana,2156
9/15/2012,4991,721,Nebraska,5712
9/15/2012,4460,605,New Hampshire,5065
9/15/2012,29726,2716,New Jersey,32442
9/15/2012,3944,812,New Mexico,4756
9/15/2012,57029,3271,New York,60300
9/15/2012,14086,4899,North Carolina,18985
9/15/2012,769,606,North Dakota,1375
9/15/2012,13734,2901,Ohio,16635
9/15/2012,4261,2650,Oklahoma,6911
9/15/2012,4691,1006,Oregon,5697
9/15/2012,33621,7677,Pennsylvania,41298
9/15/2012,3898,736,Rhode Island,4634
9/15/2012,6959,4392,South Carolina,11351
9/15/2012,1971,436,South Dakota,2407
9/15/2012,9733,3344,Tennessee,13077
9/15/2012,21055,6632,Texas,27687
9/15/2012,855,455,Vermont,1310
9/15/2012,113,193,Virgin Islands,306
9/15/2012,12496,2005,Virginia,14501
9/15/2012,6827,645,Washington,7472
9/15/2012,4854,601,West Virginia,5455
9/15/2012,10397,1456,Wisconsin,11853
9/12/2012,12807,1314,Arizona,14121
9/12/2012,2290,1537,Arkansas,3827
9/12/2012,5766,3841,Colorado,9607
9/12/2012,7316,2474,Connecticut,9790
9/12/2012,3095,359,Delaware,3454
9/12/2012,1850,318,Dist. of Columbia,2168
9/12/2012,53642,12927,Florida,66569
9/12/2012,14152,1355,Georgia,15507
9/12/2012,4210,789,Idaho,4999
9/12/2012,18757,2509,Illinois,21266
9/12/2012,10361,2594,Indiana,12955
9/12/2012,6435,1852,Iowa,8287
9/12/2012,4667,496,Kansas,5163
9/12/2012,10041,1126,Kentucky,11167
9/12/2012,10574,2456,Louisiana,13030
9/12/2012,1431,1009,Maine,2440
9/12/2012,10678,1220,Maryland,11898
9/12/2012,10287,1176,Massachusetts,11463
9/12/2012,14442,1600,Michigan,16042
9/12/2012,10581,783,Minnesota,11364
9/12/2012,11807,992,Missouri,12799
9/12/2012,1440,627,Montana,2067
9/12/2012,4719,743,Nebraska,5462
9/12/2012,3799,602,New Hampshire,4401
9/12/2012,25095,2627,New Jersey,27722
9/12/2012,3676,756,New Mexico,4432
9/12/2012,46354,2976,New York,49330
9/12/2012,12899,4908,North Carolina,17807
9/12/2012,753,662,North Dakota,1415
9/12/2012,11522,2506,Ohio,14028
9/12/2012,3898,2517,Oklahoma,6415
9/12/2012,4246,1002,Oregon,5248
9/12/2012,29439,7073,Pennsylvania,36512
9/12/2012,3381,628,Rhode Island,4009
9/12/2012,6185,4169,South Carolina,10354
9/12/2012,1829,412,South Dakota,2241
9/12/2012,8943,3100,Tennessee,12043
9/12/2012,17689,5845,Texas,23534
9/12/2012,724,398,Vermont,1122
9/12/2012,130,181,Virgin Islands,311
9/12/2012,10872,1884,Virginia,12756
9/12/2012,5980,611,Washington,6591
9/12/2012,4344,578,West Virginia,4922
9/12/2012,9696,1460,Wisconsin,11156
9/8/2012,13546,1361,Arizona,14907
9/8/2012,2328,1663,Arkansas,3991
9/8/2012,6192,4383,Colorado,10575
9/8/2012,8030,2861,Connecticut,10891
9/8/2012,3096,410,Delaware,3506
9/8/2012,1702,274,Dist. of Columbia,1976
9/8/2012,56921,13604,Florida,70525
9/8/2012,15555,1481,Georgia,17036
9/8/2012,4255,775,Idaho,5030
9/8/2012,18929,2625,Illinois,21554
9/8/2012,12165,3000,Indiana,15165
9/8/2012,6084,1863,Iowa,7947
9/8/2012,5045,512,Kansas,5557
9/8/2012,10929,1310,Kentucky,12239
9/8/2012,11013,2590,Louisiana,13603
9/8/2012,1648,1184,Maine,2832
9/8/2012,10989,1170,Maryland,12159
9/8/2012,10514,1096,Massachusetts,11610
9/8/2012,15372,1640,Michigan,17012
9/8/2012,10666,840,Minnesota,11506
9/8/2012,12846,940,Missouri,13786
9/8/2012,1528,591,Montana,2119
9/8/2012,4897,773,Nebraska,5670
9/8/2012,4184,649,New Hampshire,4833
9/8/2012,24514,2828,New Jersey,27342
9/8/2012,4007,841,New Mexico,4848
9/8/2012,43273,2986,New York,46259
9/8/2012,13614,5389,North Carolina,19003
9/8/2012,720,636,North Dakota,1356
9/8/2012,11795,2910,Ohio,14705
9/8/2012,3917,2685,Oklahoma,6602
9/8/2012,4467,1066,Oregon,5533
9/8/2012,30096,7977,Pennsylvania,38073
9/8/2012,3865,756,Rhode Island,4621
9/8/2012,6689,4688,South Carolina,11377
9/8/2012,1992,398,South Dakota,2390
9/8/2012,9430,3507,Tennessee,12937
9/8/2012,19660,6924,Texas,26584
9/8/2012,854,473,Vermont,1327
9/8/2012,129,232,Virgin Islands,361
9/8/2012,11104,1939,Virginia,13043
9/8/2012,5823,622,Washington,6445
9/8/2012,4761,657,West Virginia,5418
9/8/2012,9461,1564,Wisconsin,11025
9/5/2012,10275,1163,Arizona,11438
9/5/2012,1940,1303,Arkansas,3243
9/5/2012,4983,3520,Colorado,8503
9/5/2012,6145,2352,Connecticut,8497
9/5/2012,2372,343,Delaware,2715
9/5/2012,1501,258,Dist. of Columbia,1759
9/5/2012,43797,11205,Florida,55002
9/5/2012,11844,1261,Georgia,13105
9/5/2012,3792,707,Idaho,4499
9/5/2012,14736,2221,Illinois,16957
9/5/2012,8949,2330,Indiana,11279
9/5/2012,5057,1543,Iowa,6600
9/5/2012,4007,441,Kansas,4448
9/5/2012,8647,1129,Kentucky,9776
9/5/2012,8644,2241,Louisiana,10885
9/5/2012,1429,990,Maine,2419
9/5/2012,8830,1018,Maryland,9848
9/5/2012,8334,1052,Massachusetts,9386
9/5/2012,12216,1420,Michigan,13636
9/5/2012,8696,758,Minnesota,9454
9/5/2012,10139,820,Missouri,10959
9/5/2012,1359,585,Montana,1944
9/5/2012,3826,680,Nebraska,4506
9/5/2012,3256,573,New Hampshire,3829
9/5/2012,20310,2473,New Jersey,22783
9/5/2012,3052,747,New Mexico,3799
9/5/2012,34044,2622,New York,36666
9/5/2012,10741,4476,North Carolina,15217
9/5/2012,616,607,North Dakota,1223
9/5/2012,9029,2399,Ohio,11428
9/5/2012,3098,2139,Oklahoma,5237
9/5/2012,3539,921,Oregon,4460
9/5/2012,22398,6362,Pennsylvania,28760
9/5/2012,2830,627,Rhode Island,3457
9/5/2012,5211,3791,South Carolina,9002
9/5/2012,1652,386,South Dakota,2038
9/5/2012,7243,2704,Tennessee,9947
9/5/2012,15433,5551,Texas,20984
9/5/2012,729,411,Vermont,1140
9/5/2012,108,153,Virgin Islands,261
9/5/2012,8781,1610,Virginia,10391
9/5/2012,4849,533,Washington,5382
9/5/2012,3905,570,West Virginia,4475
9/5/2012,7696,1317,Wisconsin,9013
9/1/2012,11767,1264,Arizona,13031
9/1/2012,2080,1487,Arkansas,3567
9/1/2012,5244,3859,Colorado,9103
9/1/2012,6517,2300,Connecticut,8817
9/1/2012,2836,386,Delaware,3222
9/1/2012,1613,320,Dist. of Columbia,1933
9/1/2012,50114,12589,Florida,62703
9/1/2012,14136,1482,Georgia,15618
9/1/2012,3857,787,Idaho,4644
9/1/2012,15827,2318,Illinois,18145
9/1/2012,10941,2773,Indiana,13714
9/1/2012,5202,1679,Iowa,6881
9/1/2012,4655,510,Kansas,5165
9/1/2012,10348,1236,Kentucky,11584
9/1/2012,7537,1961,Louisiana,9498
9/1/2012,1495,1034,Maine,2529
9/1/2012,9720,1100,Maryland,10820
9/1/2012,8907,1056,Massachusetts,9963
9/1/2012,13168,1581,Michigan,14749
9/1/2012,9518,749,Minnesota,10267
9/1/2012,11610,994,Missouri,12604
9/1/2012,1441,560,Montana,2001
9/1/2012,4338,697,Nebraska,5035
9/1/2012,3765,562,New Hampshire,4327
9/1/2012,20411,2433,New Jersey,22844
9/1/2012,3414,864,New Mexico,4278
9/1/2012,39423,2765,New York,42188
9/1/2012,12371,4884,North Carolina,17255
9/1/2012,702,740,North Dakota,1442
9/1/2012,9453,2477,Ohio,11930
9/1/2012,3363,2400,Oklahoma,5763
9/1/2012,3610,1030,Oregon,4640
9/1/2012,23752,6768,Pennsylvania,30520
9/1/2012,3496,657,Rhode Island,4153
9/1/2012,6034,4247,South Carolina,10281
9/1/2012,1739,444,South Dakota,2183
9/1/2012,8427,3204,Tennessee,11631
9/1/2012,16702,6022,Texas,22724
9/1/2012,768,392,Vermont,1160
9/1/2012,115,200,Virgin Islands,315
9/1/2012,9788,1762,Virginia,11550
9/1/2012,5164,518,Washington,5682
9/1/2012,4328,574,West Virginia,4902
9/1/2012,8944,1464,Wisconsin,10408
8/29/2012,9122,980,Arizona,10102
8/29/2012,1738,1146,Arkansas,2884
8/29/2012,4434,3100,Colorado,7534
8/29/2012,5729,2014,Connecticut,7743
8/29/2012,2206,310,Delaware,2516
8/29/2012,1296,181,Dist. of Columbia,1477
8/29/2012,38018,9662,Florida,47680
8/29/2012,10365,998,Georgia,11363
8/29/2012,3342,604,Idaho,3946
8/29/2012,12671,1820,Illinois,14491
8/29/2012,7952,2125,Indiana,10077
8/29/2012,4552,1462,Iowa,6014
8/29/2012,3746,404,Kansas,4150
8/29/2012,7881,936,Kentucky,8817
8/29/2012,5324,1333,Louisiana,6657
8/29/2012,1248,874,Maine,2122
8/29/2012,7995,901,Maryland,8896
8/29/2012,7278,884,Massachusetts,8162
8/29/2012,10480,1201,Michigan,11681
8/29/2012,7769,613,Minnesota,8382
8/29/2012,9235,755,Missouri,9990
8/29/2012,1207,515,Montana,1722
8/29/2012,3596,645,Nebraska,4241
8/29/2012,2926,465,New Hampshire,3391
8/29/2012,17033,2144,New Jersey,19177
8/29/2012,2720,613,New Mexico,3333
8/29/2012,32194,2257,New York,34451
8/29/2012,9941,3887,North Carolina,13828
8/29/2012,611,620,North Dakota,1231
8/29/2012,7727,2070,Ohio,9797
8/29/2012,2675,1867,Oklahoma,4542
8/29/2012,3028,750,Oregon,3778
8/29/2012,19150,5455,Pennsylvania,24605
8/29/2012,2614,594,Rhode Island,3208
8/29/2012,4659,3252,South Carolina,7911
8/29/2012,1471,339,South Dakota,1810
8/29/2012,6513,2414,Tennessee,8927
8/29/2012,13724,4942,Texas,18666
8/29/2012,565,325,Vermont,890
8/29/2012,88,147,Virgin Islands,235
8/29/2012,7763,1433,Virginia,9196
8/29/2012,4267,440,Washington,4707
8/29/2012,3432,435,West Virginia,3867
8/29/2012,6851,1228,Wisconsin,8079
8/25/2012,11942,1361,Arizona,13303
8/25/2012,2276,1720,Arkansas,3996
8/25/2012,4977,3782,Colorado,8759
8/25/2012,6437,2470,Connecticut,8907
8/25/2012,2527,376,Delaware,2903
8/25/2012,1574,275,Dist. of Columbia,1849
8/25/2012,50450,12873,Florida,63323
8/25/2012,13685,1418,Georgia,15103
8/25/2012,4198,818,Idaho,5016
8/25/2012,14493,2249,Illinois,16742
8/25/2012,10148,2750,Indiana,12898
8/25/2012,5213,1653,Iowa,6866
8/25/2012,4485,504,Kansas,4989
8/25/2012,9969,1239,Kentucky,11208
8/25/2012,10117,2528,Louisiana,12645
8/25/2012,1488,1052,Maine,2540
8/25/2012,9579,1085,Maryland,10664
8/25/2012,8247,968,Massachusetts,9215
8/25/2012,11599,1434,Michigan,13033
8/25/2012,8851,797,Minnesota,9648
8/25/2012,11446,1046,Missouri,12492
8/25/2012,1447,657,Montana,2104
8/25/2012,4289,726,Nebraska,5015
8/25/2012,3608,521,New Hampshire,4129
8/25/2012,18882,2547,New Jersey,21429
8/25/2012,3391,831,New Mexico,4222
8/25/2012,37642,2718,New York,40360
8/25/2012,12851,5375,North Carolina,18226
8/25/2012,646,671,North Dakota,1317
8/25/2012,8949,2449,Ohio,11398
8/25/2012,3310,2436,Oklahoma,5746
8/25/2012,3325,952,Oregon,4277
8/25/2012,23248,7225,Pennsylvania,30473
8/25/2012,3424,753,Rhode Island,4177
8/25/2012,6062,4596,South Carolina,10658
8/25/2012,1595,394,South Dakota,1989
8/25/2012,8527,3447,Tennessee,11974
8/25/2012,15932,5904,Texas,21836
8/25/2012,728,390,Vermont,1118
8/25/2012,82,188,Virgin Islands,270
8/25/2012,9126,1713,Virginia,10839
8/25/2012,4534,515,Washington,5049
8/25/2012,4133,587,West Virginia,4720
8/25/2012,8638,1489,Wisconsin,10127
8/22/2012,9383,1065,Arizona,10448
8/22/2012,1960,1453,Arkansas,3413
8/22/2012,4324,3123,Colorado,7447
8/22/2012,5632,2114,Connecticut,7746
8/22/2012,2161,302,Delaware,2463
8/22/2012,1416,270,Dist. of Columbia,1686
8/22/2012,43443,11415,Florida,54858
8/22/2012,10271,1021,Georgia,11292
8/22/2012,3466,673,Idaho,4139
8/22/2012,11976,1884,Illinois,13860
8/22/2012,8064,2171,Indiana,10235
8/22/2012,4394,1436,Iowa,5830
8/22/2012,3794,408,Kansas,4202
8/22/2012,7470,957,Kentucky,8427
8/22/2012,8124,1990,Louisiana,10114
8/22/2012,1175,891,Maine,2066
8/22/2012,8325,994,Maryland,9319
8/22/2012,7448,930,Massachusetts,8378
8/22/2012,10030,1312,Michigan,11342
8/22/2012,7461,616,Minnesota,8077
8/22/2012,8994,860,Missouri,9854
8/22/2012,1252,569,Montana,1821
8/22/2012,3576,590,Nebraska,4166
8/22/2012,3052,461,New Hampshire,3513
8/22/2012,15700,2018,New Jersey,17718
8/22/2012,2827,678,New Mexico,3505
8/22/2012,30396,2348,New York,32744
8/22/2012,11225,4610,North Carolina,15835
8/22/2012,594,631,North Dakota,1225
8/22/2012,7647,2117,Ohio,9764
8/22/2012,2923,2209,Oklahoma,5132
8/22/2012,2927,830,Oregon,3757
8/22/2012,18670,5749,Pennsylvania,24419
8/22/2012,2758,565,Rhode Island,3323
8/22/2012,5077,3791,South Carolina,8868
8/22/2012,1438,368,South Dakota,1806
8/22/2012,7265,2665,Tennessee,9930
8/22/2012,13445,5190,Texas,18635
8/22/2012,583,346,Vermont,929
8/22/2012,98,161,Virgin Islands,259
8/22/2012,8089,1546,Virginia,9635
8/22/2012,4013,397,Washington,4410
8/22/2012,3523,489,West Virginia,4012
8/22/2012,6720,1211,Wisconsin,7931
8/18/2012,9763,1001,Arizona,10764
8/18/2012,1795,1317,Arkansas,3112
8/18/2012,4130,3095,Colorado,7225
8/18/2012,5080,1822,Connecticut,6902
8/18/2012,2077,281,Delaware,2358
8/18/2012,1365,240,Dist. of Columbia,1605
8/18/2012,39440,9751,Florida,49191
8/18/2012,10247,976,Georgia,11223
8/18/2012,3490,686,Idaho,4176
8/18/2012,11208,1702,Illinois,12910
8/18/2012,8534,2200,Indiana,10734
8/18/2012,4177,1376,Iowa,5553
8/18/2012,3762,405,Kansas,4167
8/18/2012,7655,948,Kentucky,8603
8/18/2012,8154,1931,Louisiana,10085
8/18/2012,1234,956,Maine,2190
8/18/2012,7951,927,Maryland,8878
8/18/2012,6395,774,Massachusetts,7169
8/18/2012,9548,1140,Michigan,10688
8/18/2012,7190,576,Minnesota,7766
8/18/2012,8718,667,Missouri,9385
8/18/2012,1242,497,Montana,1739
8/18/2012,3356,492,Nebraska,3848
8/18/2012,3011,441,New Hampshire,3452
8/18/2012,13605,1681,New Jersey,15286
8/18/2012,2613,592,New Mexico,3205
8/18/2012,29077,2002,New York,31079
8/18/2012,10206,3841,North Carolina,14047
8/18/2012,574,643,North Dakota,1217
8/18/2012,7986,2114,Ohio,10100
8/18/2012,2610,1932,Oklahoma,4542
8/18/2012,2979,715,Oregon,3694
8/18/2012,17584,5029,Pennsylvania,22613
8/18/2012,2528,512,Rhode Island,3040
8/18/2012,4855,3354,South Carolina,8209
8/18/2012,1308,312,South Dakota,1620
8/18/2012,6989,2695,Tennessee,9684
8/18/2012,13479,4668,Texas,18147
8/18/2012,580,319,Vermont,899
8/18/2012,101,171,Virgin Islands,272
8/18/2012,7513,1318,Virginia,8831
8/18/2012,3598,377,Washington,3975
8/18/2012,3446,457,West Virginia,3903
8/18/2012,6490,1101,Wisconsin,7591
8/15/2012,59530,3416,Arizona,62946
8/15/2012,11519,6736,Arkansas,18255
8/15/2012,29524,14738,Colorado,44262
8/15/2012,40382,8648,Connecticut,49030
8/15/2012,15989,1269,Delaware,17258
8/15/2012,10278,879,Dist. of Columbia,11157
8/15/2012,208502,37879,Florida,246381
8/15/2012,85552,4673,Georgia,90225
8/15/2012,13822,2079,Idaho,15901
8/15/2012,120520,8706,Illinois,129226
8/15/2012,53542,8582,Indiana,62124
8/15/2012,24826,5226,Iowa,30052
8/15/2012,21168,1540,Kansas,22708
8/15/2012,38498,2998,Kentucky,41496
8/15/2012,46844,6817,Louisiana,53661
8/15/2012,5310,2537,Maine,7847
8/15/2012,65421,3427,Maryland,68848
8/15/2012,84427,3793,Massachusetts,88220
8/15/2012,81160,4516,Michigan,85676
8/15/2012,56026,2315,Minnesota,58341
8/15/2012,54479,2184,Missouri,56663
8/15/2012,5193,1515,Montana,6708
8/15/2012,16927,1609,Nebraska,18536
8/15/2012,19938,1514,New Hampshire,21452
8/15/2012,165621,8136,New Jersey,173757
8/15/2012,18122,2589,New Mexico,20711
8/15/2012,300393,8601,New York,308994
8/15/2012,69888,18065,North Carolina,87953
8/15/2012,4012,2708,North Dakota,6720
8/15/2012,72833,9328,Ohio,82161
8/15/2012,18804,9438,Oklahoma,28242
8/15/2012,24121,3759,Oregon,27880
8/15/2012,179184,28203,Pennsylvania,207387
8/15/2012,16132,2125,Rhode Island,18257
8/15/2012,29645,15399,South Carolina,45044
8/15/2012,7386,1256,South Dakota,8642
8/15/2012,43291,11526,Tennessee,54817
8/15/2012,107576,22867,Texas,130443
8/15/2012,2727,1037,Vermont,3764
8/15/2012,448,604,Virgin Islands,1052
8/15/2012,69552,6547,Virginia,76099
8/15/2012,30094,1741,Washington,31835
8/15/2012,17575,1502,West Virginia,19077
8/15/2012,45653,4170,Wisconsin,49823
8/11/2012,26428,2045,Arizona,28473
8/11/2012,5679,3389,Arkansas,9068
8/11/2012,14177,7372,Colorado,21549
8/11/2012,21060,5050,Connecticut,26110
8/11/2012,8290,765,Delaware,9055
8/11/2012,3645,460,Dist. of Columbia,4105
8/11/2012,115709,23151,Florida,138860
8/11/2012,38776,2614,Georgia,41390
8/11/2012,8061,1261,Idaho,9322
8/11/2012,55734,5157,Illinois,60891
8/11/2012,25993,4855,Indiana,30848
8/11/2012,14104,3222,Iowa,17326
8/11/2012,9571,837,Kansas,10408
8/11/2012,22998,2027,Kentucky,25025
8/11/2012,23314,3879,Louisiana,27193
8/11/2012,3202,1704,Maine,4906
8/11/2012,29410,2034,Maryland,31444
8/11/2012,28990,1943,Massachusetts,30933
8/11/2012,40204,2867,Michigan,43071
8/11/2012,27803,1407,Minnesota,29210
8/11/2012,25474,1321,Missouri,26795
8/11/2012,2621,889,Montana,3510
8/11/2012,9395,1111,Nebraska,10506
8/11/2012,10117,941,New Hampshire,11058
8/11/2012,77450,4830,New Jersey,82280
8/11/2012,7604,1320,New Mexico,8924
8/11/2012,158823,5897,New York,164720
8/11/2012,32823,9521,North Carolina,42344
8/11/2012,1791,1421,North Dakota,3212
8/11/2012,32600,5085,Ohio,37685
8/11/2012,9013,4872,Oklahoma,13885
8/11/2012,10672,1885,Oregon,12557
8/11/2012,87981,15459,Pennsylvania,103440
8/11/2012,7926,1180,Rhode Island,9106
8/11/2012,15149,8349,South Carolina,23498
8/11/2012,3846,805,South Dakota,4651
8/11/2012,20149,5739,Tennessee,25888
8/11/2012,47841,12254,Texas,60095
8/11/2012,1637,692,Vermont,2329
8/11/2012,162,270,Virgin Islands,432
8/11/2012,27099,3377,Virginia,30476
8/11/2012,13099,937,Washington,14036
8/11/2012,9905,955,West Virginia,10860
8/11/2012,22803,2557,Wisconsin,25360
8/8/2012,23024,2014,Arizona,25038
8/8/2012,5323,3240,Arkansas,8563
8/8/2012,12821,7046,Colorado,19867
8/8/2012,17408,4672,Connecticut,22080
8/8/2012,7079,751,Delaware,7830
8/8/2012,3626,553,Dist. of Columbia,4179
8/8/2012,114822,24859,Florida,139681
8/8/2012,34110,2658,Georgia,36768
8/8/2012,7941,1329,Idaho,9270
8/8/2012,45802,4844,Illinois,50646
8/8/2012,20109,4277,Indiana,24386
8/8/2012,11997,2876,Iowa,14873
8/8/2012,8223,812,Kansas,9035
8/8/2012,19684,1946,Kentucky,21630
8/8/2012,19710,3727,Louisiana,23437
8/8/2012,2552,1437,Maine,3989
8/8/2012,25151,2151,Maryland,27302
8/8/2012,24114,2107,Massachusetts,26221
8/8/2012,35179,2891,Michigan,38070
8/8/2012,21712,1369,Minnesota,23081
8/8/2012,21550,1455,Missouri,23005
8/8/2012,2491,836,Montana,3327
8/8/2012,8597,1030,Nebraska,9627
8/8/2012,7801,889,New Hampshire,8690
8/8/2012,67195,5098,New Jersey,72293
8/8/2012,6829,1306,New Mexico,8135
8/8/2012,141026,6000,New York,147026
8/8/2012,31000,9995,North Carolina,40995
8/8/2012,1612,1274,North Dakota,2886
8/8/2012,25022,4413,Ohio,29435
8/8/2012,8075,4513,Oklahoma,12588
8/8/2012,8890,1737,Oregon,10627
8/8/2012,73788,14609,Pennsylvania,88397
8/8/2012,7091,1236,Rhode Island,8327
8/8/2012,12827,7894,South Carolina,20721
8/8/2012,3362,695,South Dakota,4057
8/8/2012,18042,5734,Tennessee,23776
8/8/2012,41758,11565,Texas,53323
8/8/2012,1316,620,Vermont,1936
8/8/2012,194,278,Virgin Islands,472
8/8/2012,23444,3299,Virginia,26743
8/8/2012,12040,958,Washington,12998
8/8/2012,8727,1000,West Virginia,9727
8/8/2012,17725,2369,Wisconsin,20094
8/4/2012,17306,1565,Arizona,18871
8/4/2012,4440,3029,Arkansas,7469
8/4/2012,9791,5759,Colorado,15550
8/4/2012,12271,3560,Connecticut,15831
8/4/2012,5711,608,Delaware,6319
8/4/2012,2505,340,Dist. of Columbia,2845
8/4/2012,95367,21034,Florida,116401
8/4/2012,25724,1966,Georgia,27690
8/4/2012,5787,1025,Idaho,6812
8/4/2012,31198,3517,Illinois,34715
8/4/2012,15598,3413,Indiana,19011
8/4/2012,9307,2340,Iowa,11647
8/4/2012,6781,690,Kansas,7471
8/4/2012,16025,1637,Kentucky,17662
8/4/2012,15724,3014,Louisiana,18738
8/4/2012,2265,1430,Maine,3695
8/4/2012,19508,1768,Maryland,21276
8/4/2012,17770,1532,Massachusetts,19302
8/4/2012,24761,2161,Michigan,26922
8/4/2012,16281,1045,Minnesota,17326
8/4/2012,17727,1194,Missouri,18921
8/4/2012,1848,711,Montana,2559
8/4/2012,6429,777,Nebraska,7206
8/4/2012,6100,736,New Hampshire,6836
8/4/2012,47186,3887,New Jersey,51073
8/4/2012,5144,1018,New Mexico,6162
8/4/2012,103245,4640,New York,107885
8/4/2012,23934,8413,North Carolina,32347
8/4/2012,1217,929,North Dakota,2146
8/4/2012,18940,3722,Ohio,22662
8/4/2012,6448,3885,Oklahoma,10333
8/4/2012,6711,1363,Oregon,8074
8/4/2012,57367,12063,Pennsylvania,69430
8/4/2012,5260,935,Rhode Island,6195
8/4/2012,10704,6684,South Carolina,17388
8/4/2012,2679,573,South Dakota,3252
8/4/2012,15200,4989,Tennessee,20189
8/4/2012,34030,9778,Texas,43808
8/4/2012,1124,591,Vermont,1715
8/4/2012,155,259,Virgin Islands,414
8/4/2012,18275,2748,Virginia,21023
8/4/2012,9045,729,Washington,9774
8/4/2012,7288,869,West Virginia,8157
8/4/2012,13639,1870,Wisconsin,15509
8/1/2012,14425,1377,Arizona,15802
8/1/2012,3420,2163,Arkansas,5583
8/1/2012,8339,4738,Colorado,13077
8/1/2012,9877,2888,Connecticut,12765
8/1/2012,4486,483,Delaware,4969
8/1/2012,2380,365,Dist. of Columbia,2745
8/1/2012,68278,16030,Florida,84308
8/1/2012,18056,1657,Georgia,19713
8/1/2012,5122,886,Idaho,6008
8/1/2012,27453,3147,Illinois,30600
8/1/2012,12430,2922,Indiana,15352
8/1/2012,7672,1983,Iowa,9655
8/1/2012,5592,547,Kansas,6139
8/1/2012,12993,1433,Kentucky,14426
8/1/2012,12826,2490,Louisiana,15316
8/1/2012,1800,1171,Maine,2971
8/1/2012,15150,1479,Maryland,16629
8/1/2012,14887,1383,Massachusetts,16270
8/1/2012,20179,1961,Michigan,22140
8/1/2012,13657,939,Minnesota,14596
8/1/2012,14714,924,Missouri,15638
8/1/2012,1711,658,Montana,2369
8/1/2012,5435,734,Nebraska,6169
8/1/2012,4900,611,New Hampshire,5511
8/1/2012,40743,3393,New Jersey,44136
8/1/2012,4520,881,New Mexico,5401
8/1/2012,81298,4146,New York,85444
8/1/2012,17007,5967,North Carolina,22974
8/1/2012,968,741,North Dakota,1709
8/1/2012,15741,3088,Ohio,18829
8/1/2012,5055,2989,Oklahoma,8044
8/1/2012,5995,1147,Oregon,7142
8/1/2012,45410,9810,Pennsylvania,55220
8/1/2012,4451,833,Rhode Island,5284
8/1/2012,8027,4920,South Carolina,12947
8/1/2012,2310,504,South Dakota,2814
8/1/2012,11338,3642,Tennessee,14980
8/1/2012,27179,8091,Texas,35270
8/1/2012,966,419,Vermont,1385
8/1/2012,138,191,Virgin Islands,329
8/1/2012,14615,2183,Virginia,16798
8/1/2012,8157,667,Washington,8824
8/1/2012,5441,663,West Virginia,6104
8/1/2012,11844,1651,Wisconsin,13495
7/28/2012,15522,1640,Arizona,17162
7/28/2012,3344,2250,Arkansas,5594
7/28/2012,7937,5038,Colorado,12975
7/28/2012,9529,3008,Connecticut,12537
7/28/2012,4326,525,Delaware,4851
7/28/2012,2220,399,Dist. of Columbia,2619
7/28/2012,74561,17327,Florida,91888
7/28/2012,18475,1739,Georgia,20214
7/28/2012,5389,1047,Idaho,6436
7/28/2012,26539,3338,Illinois,29877
7/28/2012,14589,3414,Indiana,18003
7/28/2012,7577,3139,Iowa,10716
7/28/2012,6019,682,Kansas,6701
7/28/2012,13573,1491,Kentucky,15064
7/28/2012,13411,2872,Louisiana,16283
7/28/2012,1929,1238,Maine,3167
7/28/2012,14953,1479,Maryland,16432
7/28/2012,14069,1534,Massachusetts,15603
7/28/2012,17804,1931,Michigan,19735
7/28/2012,13282,983,Minnesota,14265
7/28/2012,15870,1112,Missouri,16982
7/28/2012,1892,801,Montana,2693
7/28/2012,5687,807,Nebraska,6494
7/28/2012,5351,711,New Hampshire,6062
7/28/2012,36408,3452,New Jersey,39860
7/28/2012,4989,971,New Mexico,5960
7/28/2012,68778,4243,New York,73021
7/28/2012,17410,6431,North Carolina,23841
7/28/2012,870,705,North Dakota,1575
7/28/2012,14725,3309,Ohio,18034
7/28/2012,5070,3292,Oklahoma,8362
7/28/2012,5727,1324,Oregon,7051
7/28/2012,41851,9633,Pennsylvania,51484
7/28/2012,4541,874,Rhode Island,5415
7/28/2012,8484,5424,South Carolina,13908
7/28/2012,2088,493,South Dakota,2581
7/28/2012,11958,4220,Tennessee,16178
7/28/2012,24669,7988,Texas,32657
7/28/2012,1067,552,Vermont,1619
7/28/2012,134,272,Virgin Islands,406
7/28/2012,14414,2195,Virginia,16609
7/28/2012,7766,719,Washington,8485
7/28/2012,5682,741,West Virginia,6423
7/28/2012,11873,1920,Wisconsin,13793
7/25/2012,12527,1154,Arizona,13681
7/25/2012,2461,1669,Arkansas,4130
7/25/2012,6934,4045,Colorado,10979
7/25/2012,7868,2318,Connecticut,10186
7/25/2012,3360,367,Delaware,3727
7/25/2012,1803,318,Dist. of Columbia,2121
7/25/2012,54835,12571,Florida,67406
7/25/2012,14507,1413,Georgia,15920
7/25/2012,4369,776,Idaho,5145
7/25/2012,22395,2653,Illinois,25048
7/25/2012,10482,2270,Indiana,12752
7/25/2012,6277,2529,Iowa,8806
7/25/2012,4843,526,Kansas,5369
7/25/2012,10837,1258,Kentucky,12095
7/25/2012,10309,2145,Louisiana,12454
7/25/2012,1499,877,Maine,2376
7/25/2012,11996,1136,Maryland,13132
7/25/2012,11396,1012,Massachusetts,12408
7/25/2012,14577,1456,Michigan,16033
7/25/2012,11132,769,Minnesota,11901
7/25/2012,12849,775,Missouri,13624
7/25/2012,1576,649,Montana,2225
7/25/2012,4571,637,Nebraska,5208
7/25/2012,3858,544,New Hampshire,4402
7/25/2012,29574,2699,New Jersey,32273
7/25/2012,4115,739,New Mexico,4854
7/25/2012,54588,3063,New York,57651
7/25/2012,13421,4957,North Carolina,18378
7/25/2012,788,583,North Dakota,1371
7/25/2012,12285,2438,Ohio,14723
7/25/2012,4122,2460,Oklahoma,6582
7/25/2012,4852,985,Oregon,5837
7/25/2012,34360,7416,Pennsylvania,41776
7/25/2012,3412,633,Rhode Island,4045
7/25/2012,6297,3920,South Carolina,10217
7/25/2012,1961,385,South Dakota,2346
7/25/2012,9245,3059,Tennessee,12304
7/25/2012,20355,6236,Texas,26591
7/25/2012,818,377,Vermont,1195
7/25/2012,100,168,Virgin Islands,268
7/25/2012,11737,1666,Virginia,13403
7/25/2012,6881,582,Washington,7463
7/25/2012,4444,526,West Virginia,4970
7/25/2012,9906,1456,Wisconsin,11362
7/21/2012,12834,1224,Arizona,14058
7/21/2012,2712,1854,Arkansas,4566
7/21/2012,7119,4200,Colorado,11319
7/21/2012,7976,2599,Connecticut,10575
7/21/2012,3600,418,Delaware,4018
7/21/2012,1677,346,Dist. of Columbia,2023
7/21/2012,60066,14186,Florida,74252
7/21/2012,15947,1445,Georgia,17392
7/21/2012,4326,794,Idaho,5120
7/21/2012,22161,2683,Illinois,24844
7/21/2012,12726,3113,Indiana,15839
7/21/2012,6432,2610,Iowa,9042
7/21/2012,5229,535,Kansas,5764
7/21/2012,11273,1314,Kentucky,12587
7/21/2012,11434,2567,Louisiana,14001
7/21/2012,1593,1109,Maine,2702
7/21/2012,12382,1316,Maryland,13698
7/21/2012,11277,1168,Massachusetts,12445
7/21/2012,15309,1539,Michigan,16848
7/21/2012,10977,901,Minnesota,11878
7/21/2012,13437,997,Missouri,14434
7/21/2012,1499,609,Montana,2108
7/21/2012,4884,725,Nebraska,5609
7/21/2012,4314,618,New Hampshire,4932
7/21/2012,27491,2614,New Jersey,30105
7/21/2012,4093,836,New Mexico,4929
7/21/2012,50729,3179,New York,53908
7/21/2012,14792,5605,North Carolina,20397
7/21/2012,751,629,North Dakota,1380
7/21/2012,12620,2713,Ohio,15333
7/21/2012,4348,2963,Oklahoma,7311
7/21/2012,4898,1123,Oregon,6021
7/21/2012,33895,7927,Pennsylvania,41822
7/21/2012,3690,706,Rhode Island,4396
7/21/2012,7559,4879,South Carolina,12438
7/21/2012,1835,378,South Dakota,2213
7/21/2012,10028,3400,Tennessee,13428
7/21/2012,21115,6842,Texas,27957
7/21/2012,869,438,Vermont,1307
7/21/2012,134,262,Virgin Islands,396
7/21/2012,12049,1942,Virginia,13991
7/21/2012,6315,577,Washington,6892
7/21/2012,4885,591,West Virginia,5476
7/21/2012,10455,1617,Wisconsin,12072
7/18/2012,12241,1268,Arizona,13509
7/18/2012,2450,1658,Arkansas,4108
7/18/2012,6731,4083,Colorado,10814
7/18/2012,7577,2426,Connecticut,10003
7/18/2012,3260,392,Delaware,3652
7/18/2012,1747,337,Dist. of Columbia,2084
7/18/2012,54115,13019,Florida,67134
7/18/2012,14968,1420,Georgia,16388
7/18/2012,4144,781,Idaho,4925
7/18/2012,20979,2736,Illinois,23715
7/18/2012,10642,2524,Indiana,13166
7/18/2012,5877,2433,Iowa,8310
7/18/2012,4776,464,Kansas,5240
7/18/2012,10489,1223,Kentucky,11712
7/18/2012,10388,2237,Louisiana,12625
7/18/2012,1676,1089,Maine,2765
7/18/2012,11215,1175,Maryland,12390
7/18/2012,10451,1127,Massachusetts,11578
7/18/2012,14438,1573,Michigan,16011
7/18/2012,11131,821,Minnesota,11952
7/18/2012,12566,895,Missouri,13461
7/18/2012,1543,611,Montana,2154
7/18/2012,4820,639,Nebraska,5459
7/18/2012,4040,610,New Hampshire,4650
7/18/2012,26852,2677,New Jersey,29529
7/18/2012,4018,838,New Mexico,4856
7/18/2012,47395,3201,New York,50596
7/18/2012,13958,5110,North Carolina,19068
7/18/2012,765,651,North Dakota,1416
7/18/2012,11700,2593,Ohio,14293
7/18/2012,4072,2599,Oklahoma,6671
7/18/2012,4653,980,Oregon,5633
7/18/2012,31217,7429,Pennsylvania,38646
7/18/2012,3300,676,Rhode Island,3976
7/18/2012,6663,4245,South Carolina,10908
7/18/2012,1888,431,South Dakota,2319
7/18/2012,9564,3270,Tennessee,12834
7/18/2012,19685,6372,Texas,26057
7/18/2012,768,441,Vermont,1209
7/18/2012,112,214,Virgin Islands,326
7/18/2012,11608,1901,Virginia,13509
7/18/2012,6501,566,Washington,7067
7/18/2012,4500,586,West Virginia,5086
7/18/2012,9772,1547,Wisconsin,11319
7/14/2012,12857,1419,Arizona,14276
7/14/2012,2618,2005,Arkansas,4623
7/14/2012,6011,4223,Colorado,10234
7/14/2012,7502,2486,Connecticut,9988
7/14/2012,3171,446,Delaware,3617
7/14/2012,1882,329,Dist. of Columbia,2211
7/14/2012,59778,14950,Florida,74728
7/14/2012,14997,1461,Georgia,16458
7/14/2012,4217,850,Idaho,5067
7/14/2012,17829,2535,Illinois,20364
7/14/2012,11267,2882,Indiana,14149
7/14/2012,5741,2666,Iowa,8407
7/14/2012,5127,577,Kansas,5704
7/14/2012,11079,1325,Kentucky,12404
7/14/2012,10986,2656,Louisiana,13642
7/14/2012,1658,1126,Maine,2784
7/14/2012,10761,1187,Maryland,11948
7/14/2012,9685,1220,Massachusetts,10905
7/14/2012,12884,1600,Michigan,14484
7/14/2012,10148,884,Minnesota,11032
7/14/2012,12991,1049,Missouri,14040
7/14/2012,1697,695,Montana,2392
7/14/2012,4540,748,Nebraska,5288
7/14/2012,4047,620,New Hampshire,4667
7/14/2012,23150,2644,New Jersey,25794
7/14/2012,4001,921,New Mexico,4922
7/14/2012,42401,3068,New York,45469
7/14/2012,14321,5640,North Carolina,19961
7/14/2012,785,612,North Dakota,1397
7/14/2012,10750,2830,Ohio,13580
7/14/2012,3982,2794,Oklahoma,6776
7/14/2012,4183,1091,Oregon,5274
7/14/2012,27655,7342,Pennsylvania,34997
7/14/2012,3539,761,Rhode Island,4300
7/14/2012,6987,4867,South Carolina,11854
7/14/2012,1830,444,South Dakota,2274
7/14/2012,9795,3854,Tennessee,13649
7/14/2012,18721,6801,Texas,25522
7/14/2012,787,468,Vermont,1255
7/14/2012,124,237,Virgin Islands,361
7/14/2012,10920,1846,Virginia,12766
7/14/2012,5958,616,Washington,6574
7/14/2012,4860,687,West Virginia,5547
7/14/2012,9554,1653,Wisconsin,11207
7/11/2012,11045,1286,Arizona,12331
7/11/2012,2221,1540,Arkansas,3761
7/11/2012,4904,3218,Colorado,8122
7/11/2012,5883,2167,Connecticut,8050
7/11/2012,2432,277,Delaware,2709
7/11/2012,1576,320,Dist. of Columbia,1896
7/11/2012,43121,11148,Florida,54269
7/11/2012,11756,1232,Georgia,12988
7/11/2012,3761,724,Idaho,4485
7/11/2012,14548,2117,Illinois,16665
7/11/2012,8524,2194,Indiana,10718
7/11/2012,4918,2143,Iowa,7061
7/11/2012,4072,446,Kansas,4518
7/11/2012,8744,1132,Kentucky,9876
7/11/2012,8353,2074,Louisiana,10427
7/11/2012,1288,939,Maine,2227
7/11/2012,8810,1070,Maryland,9880
7/11/2012,8024,973,Massachusetts,8997
7/11/2012,10656,1335,Michigan,11991
7/11/2012,8688,693,Minnesota,9381
7/11/2012,10770,932,Missouri,11702
7/11/2012,1471,608,Montana,2079
7/11/2012,3904,596,Nebraska,4500
7/11/2012,3132,476,New Hampshire,3608
7/11/2012,20619,2495,New Jersey,23114
7/11/2012,3067,739,New Mexico,3806
7/11/2012,35858,2586,New York,38444
7/11/2012,10653,4681,North Carolina,15334
7/11/2012,683,521,North Dakota,1204
7/11/2012,8954,2268,Ohio,11222
7/11/2012,3145,2108,Oklahoma,5253
7/11/2012,3567,917,Oregon,4484
7/11/2012,23050,6525,Pennsylvania,29575
7/11/2012,2826,671,Rhode Island,3497
7/11/2012,5423,3842,South Carolina,9265
7/11/2012,1591,388,South Dakota,1979
7/11/2012,7662,2952,Tennessee,10614
7/11/2012,15079,5383,Texas,20462
7/11/2012,584,332,Vermont,916
7/11/2012,91,172,Virgin Islands,263
7/11/2012,8725,1465,Virginia,10190
7/11/2012,5422,512,Washington,5934
7/11/2012,3712,541,West Virginia,4253
7/11/2012,8206,1480,Wisconsin,9686
7/7/2012,10375,1262,Arizona,11637
7/7/2012,2032,1448,Arkansas,3480
7/7/2012,4837,3454,Colorado,8291
7/7/2012,6191,2180,Connecticut,8371
7/7/2012,2552,361,Delaware,2913
7/7/2012,1413,283,Dist. of Columbia,1696
7/7/2012,46348,11604,Florida,57952
7/7/2012,11520,1210,Georgia,12730
7/7/2012,3545,705,Idaho,4250
7/7/2012,13603,2168,Illinois,15771
7/7/2012,9713,2475,Indiana,12188
7/7/2012,5058,2095,Iowa,7153
7/7/2012,4280,466,Kansas,4746
7/7/2012,8820,1039,Kentucky,9859
7/7/2012,9362,2167,Louisiana,11529
7/7/2012,1634,1087,Maine,2721
7/7/2012,8807,1027,Maryland,9834
7/7/2012,8073,933,Massachusetts,9006
7/7/2012,10382,1379,Michigan,11761
7/7/2012,8200,740,Minnesota,8940
7/7/2012,10867,845,Missouri,11712
7/7/2012,1288,543,Montana,1831
7/7/2012,3796,612,Nebraska,4408
7/7/2012,3445,616,New Hampshire,4061
7/7/2012,18097,2333,New Jersey,20430
7/7/2012,2994,631,New Mexico,3625
7/7/2012,30323,2521,New York,32844
7/7/2012,11065,4544,North Carolina,15609
7/7/2012,588,595,North Dakota,1183
7/7/2012,9085,2414,Ohio,11499
7/7/2012,3111,2209,Oklahoma,5320
7/7/2012,3462,936,Oregon,4398
7/7/2012,21624,6022,Pennsylvania,27646
7/7/2012,3209,670,Rhode Island,3879
7/7/2012,5634,4042,South Carolina,9676
7/7/2012,1536,353,South Dakota,1889
7/7/2012,7849,2898,Tennessee,10747
7/7/2012,15775,5590,Texas,21365
7/7/2012,746,429,Vermont,1175
7/7/2012,105,206,Virgin Islands,311
7/7/2012,8688,1680,Virginia,10368
7/7/2012,4842,536,Washington,5378
7/7/2012,3661,530,West Virginia,4191
7/7/2012,7991,1435,Wisconsin,9426
7/4/2012,9215,1176,Arizona,10391
7/4/2012,1748,1260,Arkansas,3008
7/4/2012,4092,3069,Colorado,7161
7/4/2012,4729,1844,Connecticut,6573
7/4/2012,1975,302,Delaware,2277
7/4/2012,1143,216,Dist. of Columbia,1359
7/4/2012,41347,10688,Florida,52035
7/4/2012,8646,1084,Georgia,9730
7/4/2012,3313,627,Idaho,3940
7/4/2012,10231,1756,Illinois,11987
7/4/2012,6857,1945,Indiana,8802
7/4/2012,3997,1746,Iowa,5743
7/4/2012,3625,439,Kansas,4064
7/4/2012,7179,926,Kentucky,8105
7/4/2012,6955,1824,Louisiana,8779
7/4/2012,1290,901,Maine,2191
7/4/2012,6775,897,Maryland,7672
7/4/2012,6350,864,Massachusetts,7214
7/4/2012,8254,1045,Michigan,9299
7/4/2012,6895,636,Minnesota,7531
7/4/2012,9393,746,Missouri,10139
7/4/2012,1308,576,Montana,1884
7/4/2012,3449,559,Nebraska,4008
7/4/2012,2854,465,New Hampshire,3319
7/4/2012,14131,2017,New Jersey,16148
7/4/2012,2627,627,New Mexico,3254
7/4/2012,23201,1975,New York,25176
7/4/2012,8895,3841,North Carolina,12736
7/4/2012,503,485,North Dakota,988
7/4/2012,6798,1987,Ohio,8785
7/4/2012,2494,1837,Oklahoma,4331
7/4/2012,3141,794,Oregon,3935
7/4/2012,16474,5107,Pennsylvania,21581
7/4/2012,2463,548,Rhode Island,3011
7/4/2012,4373,3098,South Carolina,7471
7/4/2012,1374,348,South Dakota,1722
7/4/2012,6283,2532,Tennessee,8815
7/4/2012,12672,5080,Texas,17752
7/4/2012,526,315,Vermont,841
7/4/2012,68,119,Virgin Islands,187
7/4/2012,6539,1385,Virginia,7924
7/4/2012,4084,506,Washington,4590
7/4/2012,2863,438,West Virginia,3301
7/4/2012,6776,1271,Wisconsin,8047
6/30/2012,9902,1082,Arizona,10984
6/30/2012,1879,1390,Arkansas,3269
6/30/2012,4091,3088,Colorado,7179
6/30/2012,5388,1930,Connecticut,7318
6/30/2012,2239,333,Delaware,2572
6/30/2012,1291,249,Dist. of Columbia,1540
6/30/2012,43756,11177,Florida,54933
6/30/2012,10938,1181,Georgia,12119
6/30/2012,3384,674,Idaho,4058
6/30/2012,11415,1783,Illinois,13198
6/30/2012,8887,2290,Indiana,11177
6/30/2012,4438,1468,Iowa,5906
6/30/2012,3939,478,Kansas,4417
6/30/2012,8172,959,Kentucky,9131
6/30/2012,8691,2057,Louisiana,10748
6/30/2012,1651,1200,Maine,2851
6/30/2012,6942,867,Maryland,7809
6/30/2012,6930,953,Massachusetts,7883
6/30/2012,9195,1272,Michigan,10467
6/30/2012,7568,648,Minnesota,8216
6/30/2012,9951,854,Missouri,10805
6/30/2012,1274,524,Montana,1798
6/30/2012,3715,542,Nebraska,4257
6/30/2012,3088,495,New Hampshire,3583
6/30/2012,14700,1961,New Jersey,16661
6/30/2012,2863,626,New Mexico,3489
6/30/2012,26923,2301,New York,29224
6/30/2012,10165,4326,North Carolina,14491
6/30/2012,542,505,North Dakota,1047
6/30/2012,7087,2151,Ohio,9238
6/30/2012,2741,1932,Oklahoma,4673
6/30/2012,2999,856,Oregon,3855
6/30/2012,18703,5342,Pennsylvania,24045
6/30/2012,2872,583,Rhode Island,3455
6/30/2012,5142,3696,South Carolina,8838
6/30/2012,1371,381,South Dakota,1752
6/30/2012,7198,2781,Tennessee,9979
6/30/2012,13740,5153,Texas,18893
6/30/2012,594,339,Vermont,933
6/30/2012,111,216,Virgin Islands,327
6/30/2012,6844,1305,Virginia,8149
6/30/2012,3941,397,Washington,4338
6/30/2012,2567,360,West Virginia,2927
6/30/2012,7418,1284,Wisconsin,8702
6/27/2012,8617,1000,Arizona,9617
6/27/2012,1699,1209,Arkansas,2908
6/27/2012,3510,2662,Colorado,6172
6/27/2012,4648,1845,Connecticut,6493
6/27/2012,2014,297,Delaware,2311
6/27/2012,1370,255,Dist. of Columbia,1625
6/27/2012,37687,9971,Florida,47658
6/27/2012,8757,1018,Georgia,9775
6/27/2012,3120,629,Idaho,3749
6/27/2012,10213,1711,Illinois,11924
6/27/2012,7147,1976,Indiana,9123
6/27/2012,4204,1339,Iowa,5543
6/27/2012,3294,374,Kansas,3668
6/27/2012,6933,874,Kentucky,7807
6/27/2012,7200,1990,Louisiana,9190
6/27/2012,1510,1120,Maine,2630
6/27/2012,7230,898,Maryland,8128
6/27/2012,6322,855,Massachusetts,7177
6/27/2012,8274,1200,Michigan,9474
6/27/2012,6730,582,Minnesota,7312
6/27/2012,8518,781,Missouri,9299
6/27/2012,1139,508,Montana,1647
6/27/2012,3446,535,Nebraska,3981
6/27/2012,2710,456,New Hampshire,3166
6/27/2012,13796,1822,New Jersey,15618
6/27/2012,2459,581,New Mexico,3040
6/27/2012,24380,2069,New York,26449
6/27/2012,8923,3975,North Carolina,12898
6/27/2012,524,470,North Dakota,994
6/27/2012,6709,1974,Ohio,8683
6/27/2012,2414,1777,Oklahoma,4191
6/27/2012,2659,700,Oregon,3359
6/27/2012,16211,4813,Pennsylvania,21024
6/27/2012,2497,499,Rhode Island,2996
6/27/2012,4381,3106,South Carolina,7487
6/27/2012,1304,328,South Dakota,1632
6/27/2012,6121,2362,Tennessee,8483
6/27/2012,11702,4214,Texas,15916
6/27/2012,512,311,Vermont,823
6/27/2012,86,167,Virgin Islands,253
6/27/2012,6663,1403,Virginia,8066
6/27/2012,3374,385,Washington,3759
6/27/2012,3220,449,West Virginia,3669
6/27/2012,6698,1228,Wisconsin,7926
6/23/2012,10259,1100,Arizona,11359
6/23/2012,2063,1459,Arkansas,3522
6/23/2012,4467,3325,Colorado,7792
6/23/2012,5802,2151,Connecticut,7953
6/23/2012,2283,318,Delaware,2601
6/23/2012,1417,253,Dist. of Columbia,1670
6/23/2012,45278,11217,Florida,56495
6/23/2012,11256,1193,Georgia,12449
6/23/2012,3447,637,Idaho,4084
6/23/2012,12855,1970,Illinois,14825
6/23/2012,9600,2437,Indiana,12037
6/23/2012,4829,1549,Iowa,6378
6/23/2012,4254,475,Kansas,4729
6/23/2012,8930,1108,Kentucky,10038
6/23/2012,9258,2153,Louisiana,11411
6/23/2012,1773,1271,Maine,3044
6/23/2012,8766,993,Maryland,9759
6/23/2012,7567,972,Massachusetts,8539
6/23/2012,10136,1303,Michigan,11439
6/23/2012,7739,616,Minnesota,8355
6/23/2012,10415,872,Missouri,11287
6/23/2012,1308,524,Montana,1832
6/23/2012,3719,561,Nebraska,4280
6/23/2012,3541,515,New Hampshire,4056
6/23/2012,16173,2150,New Jersey,18323
6/23/2012,2773,645,New Mexico,3418
6/23/2012,28783,2158,New York,30941
6/23/2012,10668,4474,North Carolina,15142
6/23/2012,572,473,North Dakota,1045
6/23/2012,8628,2488,Ohio,11116
6/23/2012,2909,2069,Oklahoma,4978
6/23/2012,3270,909,Oregon,4179
6/23/2012,20670,5917,Pennsylvania,26587
6/23/2012,3089,639,Rhode Island,3728
6/23/2012,5469,3936,South Carolina,9405
6/23/2012,1472,367,South Dakota,1839
6/23/2012,7839,2935,Tennessee,10774
6/23/2012,15278,5480,Texas,20758
6/23/2012,690,414,Vermont,1104
6/23/2012,112,185,Virgin Islands,297
6/23/2012,8339,1561,Virginia,9900
6/23/2012,4172,416,Washington,4588
6/23/2012,3889,496,West Virginia,4385
6/23/2012,7889,1355,Wisconsin,9244
6/20/2012,9581,1106,Arizona,10687
6/20/2012,1881,1325,Arkansas,3206
6/20/2012,3785,2894,Colorado,6679
6/20/2012,4880,1838,Connecticut,6718
6/20/2012,2061,260,Delaware,2321
6/20/2012,1397,239,Dist. of Columbia,1636
6/20/2012,38938,9974,Florida,48912
6/20/2012,10208,1084,Georgia,11292
6/20/2012,3412,748,Idaho,4160
6/20/2012,11554,1765,Illinois,13319
6/20/2012,7111,2032,Indiana,9143
6/20/2012,4041,1253,Iowa,5294
6/20/2012,3509,419,Kansas,3928
6/20/2012,7635,956,Kentucky,8591
6/20/2012,7632,1915,Louisiana,9547
6/20/2012,1458,984,Maine,2442
6/20/2012,7583,926,Maryland,8509
6/20/2012,6134,750,Massachusetts,6884
6/20/2012,8941,1155,Michigan,10096
6/20/2012,6927,605,Minnesota,7532
6/20/2012,9287,818,Missouri,10105
6/20/2012,1192,584,Montana,1776
6/20/2012,3440,536,Nebraska,3976
6/20/2012,2647,387,New Hampshire,3034
6/20/2012,15595,1956,New Jersey,17551
6/20/2012,2714,614,New Mexico,3328
6/20/2012,27989,2206,New York,30195
6/20/2012,9576,4170,North Carolina,13746
6/20/2012,594,450,North Dakota,1044
6/20/2012,7261,1957,Ohio,9218
6/20/2012,2829,2080,Oklahoma,4909
6/20/2012,2875,784,Oregon,3659
6/20/2012,18034,5524,Pennsylvania,23558
6/20/2012,2465,515,Rhode Island,2980
6/20/2012,4615,3273,South Carolina,7888
6/20/2012,1337,338,South Dakota,1675
6/20/2012,6749,2727,Tennessee,9476
6/20/2012,13280,4853,Texas,18133
6/20/2012,503,299,Vermont,802
6/20/2012,99,149,Virgin Islands,248
6/20/2012,6982,1324,Virginia,8306
6/20/2012,4230,456,Washington,4686
6/20/2012,3450,459,West Virginia,3909
6/20/2012,7007,1228,Wisconsin,8235
6/16/2012,10842,1190,Arizona,12032
6/16/2012,2098,1578,Arkansas,3676
6/16/2012,4220,3215,Colorado,7435
6/16/2012,6221,2387,Connecticut,8608
6/16/2012,2580,314,Delaware,2894
6/16/2012,1562,228,Dist. of Columbia,1790
6/16/2012,48186,11977,Florida,60163
6/16/2012,11297,1155,Georgia,12452
6/16/2012,3431,723,Idaho,4154
6/16/2012,12562,1931,Illinois,14493
6/16/2012,9348,2329,Indiana,11677
6/16/2012,4442,1430,Iowa,5872
6/16/2012,4120,444,Kansas,4564
6/16/2012,8870,1097,Kentucky,9967
6/16/2012,9097,2192,Louisiana,11289
6/16/2012,1506,1109,Maine,2615
6/16/2012,9243,1102,Maryland,10345
6/16/2012,7887,958,Massachusetts,8845
6/16/2012,10591,1335,Michigan,11926
6/16/2012,7643,636,Minnesota,8279
6/16/2012,10536,901,Missouri,11437
6/16/2012,1267,497,Montana,1764
6/16/2012,3674,615,Nebraska,4289
6/16/2012,3581,520,New Hampshire,4101
6/16/2012,17002,2135,New Jersey,19137
6/16/2012,2848,612,New Mexico,3460
6/16/2012,31006,2383,New York,33389
6/16/2012,11534,4804,North Carolina,16338
6/16/2012,630,599,North Dakota,1229
6/16/2012,9187,2470,Ohio,11657
6/16/2012,3192,2340,Oklahoma,5532
6/16/2012,3033,837,Oregon,3870
6/16/2012,20813,5994,Pennsylvania,26807
6/16/2012,3211,631,Rhode Island,3842
6/16/2012,5705,4129,South Carolina,9834
6/16/2012,1455,329,South Dakota,1784
6/16/2012,8316,3053,Tennessee,11369
6/16/2012,15621,5580,Texas,21201
6/16/2012,670,405,Vermont,1075
6/16/2012,110,177,Virgin Islands,287
6/16/2012,8471,1561,Virginia,10032
6/16/2012,4011,471,Washington,4482
6/16/2012,4283,534,West Virginia,4817
6/16/2012,8034,1499,Wisconsin,9533
6/13/2012,22757,1819,Arizona,24576
6/13/2012,5101,3123,Arkansas,8224
6/13/2012,11065,5988,Colorado,17053
6/13/2012,15159,4068,Connecticut,19227
6/13/2012,6582,656,Delaware,7238
6/13/2012,3062,415,Dist. of Columbia,3477
6/13/2012,130962,26309,Florida,157271
6/13/2012,27744,2205,Georgia,29949
6/13/2012,6399,1075,Idaho,7474
6/13/2012,38506,3981,Illinois,42487
6/13/2012,17123,3529,Indiana,20652
6/13/2012,11131,2704,Iowa,13835
6/13/2012,7578,733,Kansas,8311
6/13/2012,17378,1669,Kentucky,19047
6/13/2012,16529,3054,Louisiana,19583
6/13/2012,2458,1462,Maine,3920
6/13/2012,23047,2000,Maryland,25047
6/13/2012,21510,1686,Massachusetts,23196
6/13/2012,29104,2259,Michigan,31363
6/13/2012,18163,1123,Minnesota,19286
6/13/2012,21123,1253,Missouri,22376
6/13/2012,2002,717,Montana,2719
6/13/2012,7942,890,Nebraska,8832
6/13/2012,7049,780,New Hampshire,7829
6/13/2012,56544,4039,New Jersey,60583
6/13/2012,6192,1134,New Mexico,7326
6/13/2012,107576,4996,New York,112572
6/13/2012,25506,8537,North Carolina,34043
6/13/2012,1429,963,North Dakota,2392
6/13/2012,24832,4049,Ohio,28881
6/13/2012,7798,4431,Oklahoma,12229
6/13/2012,8774,1627,Oregon,10401
6/13/2012,72466,13680,Pennsylvania,86146
6/13/2012,5726,974,Rhode Island,6700
6/13/2012,11229,6576,South Carolina,17805
6/13/2012,3118,600,South Dakota,3718
6/13/2012,17413,5345,Tennessee,22758
6/13/2012,39140,10419,Texas,49559
6/13/2012,1131,524,Vermont,1655
6/13/2012,150,263,Virgin Islands,413
6/13/2012,20817,2752,Virginia,23569
6/13/2012,11129,773,Washington,11902
6/13/2012,8044,867,West Virginia,8911
6/13/2012,16363,2033,Wisconsin,18396
6/9/2012,19653,1725,Arizona,21378
6/9/2012,4503,2755,Arkansas,7258
6/9/2012,9606,5543,Colorado,15149
6/9/2012,12996,3780,Connecticut,16776
6/9/2012,5704,584,Delaware,6288
6/9/2012,2950,409,Dist. of Columbia,3359
6/9/2012,106239,21787,Florida,128026
6/9/2012,26829,2229,Georgia,29058
6/9/2012,6062,1009,Idaho,7071
6/9/2012,33280,3716,Illinois,36996
6/9/2012,16803,3447,Indiana,20250
6/9/2012,9838,2542,Iowa,12380
6/9/2012,7337,671,Kansas,8008
6/9/2012,16102,1705,Kentucky,17807
6/9/2012,16479,3180,Louisiana,19659
6/9/2012,2418,1449,Maine,3867
6/9/2012,20673,1804,Maryland,22477
6/9/2012,18482,1578,Massachusetts,20060
6/9/2012,25030,2174,Michigan,27204
6/9/2012,17067,1100,Minnesota,18167
6/9/2012,20138,1360,Missouri,21498
6/9/2012,1985,706,Montana,2691
6/9/2012,7309,891,Nebraska,8200
6/9/2012,6782,799,New Hampshire,7581
6/9/2012,48335,3960,New Jersey,52295
6/9/2012,5803,1040,New Mexico,6843
6/9/2012,92718,4652,New York,97370
6/9/2012,21664,7236,North Carolina,28900
6/9/2012,1233,866,North Dakota,2099
6/9/2012,21567,3997,Ohio,25564
6/9/2012,6597,3948,Oklahoma,10545
6/9/2012,7803,1553,Oregon,9356
6/9/2012,60410,12170,Pennsylvania,72580
6/9/2012,5260,915,Rhode Island,6175
6/9/2012,10307,6165,South Carolina,16472
6/9/2012,2794,505,South Dakota,3299
6/9/2012,15440,4915,Tennessee,20355
6/9/2012,35302,9830,Texas,45132
6/9/2012,1171,557,Vermont,1728
6/9/2012,165,319,Virgin Islands,484
6/9/2012,18514,2588,Virginia,21102
6/9/2012,10130,743,Washington,10873
6/9/2012,7443,849,West Virginia,8292
6/9/2012,15376,2186,Wisconsin,17562
6/6/2012,15464,1475,Arizona,16939
6/6/2012,3467,2139,Arkansas,5606
6/6/2012,7843,4531,Colorado,12374
6/6/2012,10558,3234,Connecticut,13792
6/6/2012,4483,491,Delaware,4974
6/6/2012,2433,370,Dist. of Columbia,2803
6/6/2012,76894,17222,Florida,94116
6/6/2012,19133,1740,Georgia,20873
6/6/2012,4980,874,Idaho,5854
6/6/2012,27405,3129,Illinois,30534
6/6/2012,12705,2779,Indiana,15484
6/6/2012,7925,2015,Iowa,9940
6/6/2012,5898,605,Kansas,6503
6/6/2012,12766,1423,Kentucky,14189
6/6/2012,12269,2579,Louisiana,14848
6/6/2012,1857,1205,Maine,3062
6/6/2012,16027,1579,Maryland,17606
6/6/2012,14953,1335,Massachusetts,16288
6/6/2012,20033,1894,Michigan,21927
6/6/2012,13589,875,Minnesota,14464
6/6/2012,16296,1139,Missouri,17435
6/6/2012,1644,637,Montana,2281
6/6/2012,5788,776,Nebraska,6564
6/6/2012,4820,638,New Hampshire,5458
6/6/2012,38393,3444,New Jersey,41837
6/6/2012,4453,835,New Mexico,5288
6/6/2012,72076,4034,New York,76110
6/6/2012,16717,5911,North Carolina,22628
6/6/2012,1041,788,North Dakota,1829
6/6/2012,17468,3341,Ohio,20809
6/6/2012,5220,3078,Oklahoma,8298
6/6/2012,6182,1242,Oregon,7424
6/6/2012,47257,9986,Pennsylvania,57243
6/6/2012,4165,762,Rhode Island,4927
6/6/2012,7748,4912,South Carolina,12660
6/6/2012,2396,425,South Dakota,2821
6/6/2012,11925,3937,Tennessee,15862
6/6/2012,28633,8361,Texas,36994
6/6/2012,956,457,Vermont,1413
6/6/2012,132,250,Virgin Islands,382
6/6/2012,14997,2171,Virginia,17168
6/6/2012,8958,714,Washington,9672
6/6/2012,5916,747,West Virginia,6663
6/6/2012,12588,1821,Wisconsin,14409
6/2/2012,16213,1643,Arizona,17856
6/2/2012,3645,2299,Arkansas,5944
6/2/2012,7732,4858,Colorado,12590
6/2/2012,10079,3297,Connecticut,13376
6/2/2012,4496,504,Delaware,5000
6/2/2012,2360,368,Dist. of Columbia,2728
6/2/2012,81078,18091,Florida,99169
6/2/2012,21188,1928,Georgia,23116
6/2/2012,5145,961,Idaho,6106
6/2/2012,26163,3400,Illinois,29563
6/2/2012,14390,3143,Indiana,17533
6/2/2012,7830,2173,Iowa,10003
6/2/2012,6207,581,Kansas,6788
6/2/2012,13478,1452,Kentucky,14930
6/2/2012,13558,2960,Louisiana,16518
6/2/2012,1924,1335,Maine,3259
6/2/2012,15119,1613,Maryland,16732
6/2/2012,14314,1452,Massachusetts,15766
6/2/2012,19460,1997,Michigan,21457
6/2/2012,13436,991,Minnesota,14427
6/2/2012,16593,1202,Missouri,17795
6/2/2012,1873,693,Montana,2566
6/2/2012,5775,779,Nebraska,6554
6/2/2012,4997,643,New Hampshire,5640
6/2/2012,34287,3509,New Jersey,37796
6/2/2012,4728,923,New Mexico,5651
6/2/2012,70079,4015,New York,74094
6/2/2012,17911,6550,North Carolina,24461
6/2/2012,956,758,North Dakota,1714
6/2/2012,17332,3494,Ohio,20826
6/2/2012,5326,3385,Oklahoma,8711
6/2/2012,5823,1298,Oregon,7121
6/2/2012,44702,10122,Pennsylvania,54824
6/2/2012,4540,833,Rhode Island,5373
6/2/2012,8467,5396,South Carolina,13863
6/2/2012,2325,484,South Dakota,2809
6/2/2012,12645,4302,Tennessee,16947
6/2/2012,29710,8945,Texas,38655
6/2/2012,1028,505,Vermont,1533
6/2/2012,158,261,Virgin Islands,419
6/2/2012,14763,2225,Virginia,16988
6/2/2012,8094,692,Washington,8786
6/2/2012,5912,763,West Virginia,6675
6/2/2012,12824,2064,Wisconsin,14888
5/30/2012,12965,1320,Arizona,14285
5/30/2012,2612,1598,Arkansas,4210
5/30/2012,6212,3853,Colorado,10065
5/30/2012,7465,2452,Connecticut,9917
5/30/2012,3329,416,Delaware,3745
5/30/2012,1845,298,Dist. of Columbia,2143
5/30/2012,59765,13412,Florida,73177
5/30/2012,16073,1538,Georgia,17611
5/30/2012,4256,815,Idaho,5071
5/30/2012,20676,2676,Illinois,23352
5/30/2012,10256,2300,Indiana,12556
5/30/2012,5585,1598,Iowa,7183
5/30/2012,4640,470,Kansas,5110
5/30/2012,9979,1112,Kentucky,11091
5/30/2012,10446,2261,Louisiana,12707
5/30/2012,1345,905,Maine,2250
5/30/2012,10999,1192,Maryland,12191
5/30/2012,10696,1055,Massachusetts,11751
5/30/2012,14071,1480,Michigan,15551
5/30/2012,10737,765,Minnesota,11502
5/30/2012,12749,870,Missouri,13619
5/30/2012,1491,601,Montana,2092
5/30/2012,4518,655,Nebraska,5173
5/30/2012,3686,479,New Hampshire,4165
5/30/2012,27919,2675,New Jersey,30594
5/30/2012,3840,812,New Mexico,4652
5/30/2012,60230,3188,New York,63418
5/30/2012,13400,5291,North Carolina,18691
5/30/2012,765,633,North Dakota,1398
5/30/2012,12722,2684,Ohio,15406
5/30/2012,4274,2732,Oklahoma,7006
5/30/2012,4559,1032,Oregon,5591
5/30/2012,34631,8005,Pennsylvania,42636
5/30/2012,3490,674,Rhode Island,4164
5/30/2012,6296,4010,South Carolina,10306
5/30/2012,1910,401,South Dakota,2311
5/30/2012,9081,3250,Tennessee,12331
5/30/2012,22384,6470,Texas,28854
5/30/2012,710,332,Vermont,1042
5/30/2012,101,176,Virgin Islands,277
5/30/2012,11021,1675,Virginia,12696
5/30/2012,6773,537,Washington,7310
5/30/2012,4421,551,West Virginia,4972
5/30/2012,10022,1509,Wisconsin,11531
5/26/2012,13900,1452,Arizona,15352
5/26/2012,2736,1739,Arkansas,4475
5/26/2012,6499,4209,Colorado,10708
5/26/2012,7753,2594,Connecticut,10347
5/26/2012,3487,418,Delaware,3905
5/26/2012,1970,315,Dist. of Columbia,2285
5/26/2012,63782,14010,Florida,77792
5/26/2012,17571,1629,Georgia,19200
5/26/2012,4384,824,Idaho,5208
5/26/2012,21238,2713,Illinois,23951
5/26/2012,12149,2885,Indiana,15034
5/26/2012,6109,1758,Iowa,7867
5/26/2012,5217,536,Kansas,5753
5/26/2012,11261,1231,Kentucky,12492
5/26/2012,11406,2464,Louisiana,13870
5/26/2012,1597,1015,Maine,2612
5/26/2012,11936,1200,Maryland,13136
5/26/2012,10543,1019,Massachusetts,11562
5/26/2012,14413,1564,Michigan,15977
5/26/2012,11348,833,Minnesota,12181
5/26/2012,13650,994,Missouri,14644
5/26/2012,1626,642,Montana,2268
5/26/2012,4827,699,Nebraska,5526
5/26/2012,4038,511,New Hampshire,4549
5/26/2012,26075,2600,New Jersey,28675
5/26/2012,4148,861,New Mexico,5009
5/26/2012,55931,2988,New York,58919
5/26/2012,14380,5692,North Carolina,20072
5/26/2012,812,645,North Dakota,1457
5/26/2012,12923,2826,Ohio,15749
5/26/2012,4393,2871,Oklahoma,7264
5/26/2012,4705,1116,Oregon,5821
5/26/2012,34577,7967,Pennsylvania,42544
5/26/2012,4015,751,Rhode Island,4766
5/26/2012,7104,4631,South Carolina,11735
5/26/2012,1986,362,South Dakota,2348
5/26/2012,10031,3596,Tennessee,13627
5/26/2012,23188,6910,Texas,30098
5/26/2012,784,406,Vermont,1190
5/26/2012,135,185,Virgin Islands,320
5/26/2012,11554,1724,Virginia,13278
5/26/2012,6654,553,Washington,7207
5/26/2012,4725,548,West Virginia,5273
5/26/2012,10931,1662,Wisconsin,12593
5/23/2012,11686,1149,Arizona,12835
5/23/2012,2297,1481,Arkansas,3778
5/23/2012,5646,3492,Colorado,9138
5/23/2012,6918,2150,Connecticut,9068
5/23/2012,2957,346,Delaware,3303
5/23/2012,1803,250,Dist. of Columbia,2053
5/23/2012,51479,11645,Florida,63124
5/23/2012,13328,1285,Georgia,14613
5/23/2012,3458,677,Idaho,4135
5/23/2012,17784,2321,Illinois,20105
5/23/2012,9498,2096,Indiana,11594
5/23/2012,5253,1429,Iowa,6682
5/23/2012,4374,426,Kansas,4800
5/23/2012,9473,1011,Kentucky,10484
5/23/2012,9311,2184,Louisiana,11495
5/23/2012,1271,831,Maine,2102
5/23/2012,10348,1066,Maryland,11414
5/23/2012,9557,1014,Massachusetts,10571
5/23/2012,12146,1374,Michigan,13520
5/23/2012,9493,684,Minnesota,10177
5/23/2012,11491,775,Missouri,12266
5/23/2012,1362,531,Montana,1893
5/23/2012,4269,565,Nebraska,4834
5/23/2012,3446,460,New Hampshire,3906
5/23/2012,23662,2285,New Jersey,25947
5/23/2012,3601,681,New Mexico,4282
5/23/2012,48194,2554,New York,50748
5/23/2012,11810,4500,North Carolina,16310
5/23/2012,761,558,North Dakota,1319
5/23/2012,11513,2523,Ohio,14036
5/23/2012,3623,2242,Oklahoma,5865
5/23/2012,4078,925,Oregon,5003
5/23/2012,29595,6756,Pennsylvania,36351
5/23/2012,3032,578,Rhode Island,3610
5/23/2012,5788,3727,South Carolina,9515
5/23/2012,1732,341,South Dakota,2073
5/23/2012,8323,2773,Tennessee,11096
5/23/2012,19692,6052,Texas,25744
5/23/2012,622,352,Vermont,974
5/23/2012,88,140,Virgin Islands,228
5/23/2012,10024,1627,Virginia,11651
5/23/2012,5565,503,Washington,6068
5/23/2012,4180,481,West Virginia,4661
5/23/2012,9196,1319,Wisconsin,10515
5/19/2012,12812,1329,Arizona,14141
5/19/2012,2616,1647,Arkansas,4263
5/19/2012,6238,4036,Colorado,10274
5/19/2012,7490,2551,Connecticut,10041
5/19/2012,3309,399,Delaware,3708
5/19/2012,1879,285,Dist. of Columbia,2164
5/19/2012,58203,13142,Florida,71345
5/19/2012,14997,1440,Georgia,16437
5/19/2012,3722,649,Idaho,4371
5/19/2012,18749,2521,Illinois,21270
5/19/2012,12201,2762,Indiana,14963
5/19/2012,6107,1704,Iowa,7811
5/19/2012,5047,493,Kansas,5540
5/19/2012,10912,1248,Kentucky,12160
5/19/2012,11089,2538,Louisiana,13627
5/19/2012,1618,1109,Maine,2727
5/19/2012,11032,1169,Maryland,12201
5/19/2012,10312,1101,Massachusetts,11413
5/19/2012,13685,1529,Michigan,15214
5/19/2012,10532,763,Minnesota,11295
5/19/2012,13190,1010,Missouri,14200
5/19/2012,1446,566,Montana,2012
5/19/2012,4454,649,Nebraska,5103
5/19/2012,4145,575,New Hampshire,4720
5/19/2012,23361,2618,New Jersey,25979
5/19/2012,3885,739,New Mexico,4624
5/19/2012,47158,2690,New York,49848
5/19/2012,13677,5231,North Carolina,18908
5/19/2012,751,586,North Dakota,1337
5/19/2012,12449,2789,Ohio,15238
5/19/2012,4087,2684,Oklahoma,6771
5/19/2012,4233,986,Oregon,5219
5/19/2012,30408,7395,Pennsylvania,37803
5/19/2012,3715,752,Rhode Island,4467
5/19/2012,6743,4603,South Carolina,11346
5/19/2012,1892,395,South Dakota,2287
5/19/2012,9531,3405,Tennessee,12936
5/19/2012,20344,6598,Texas,26942
5/19/2012,877,440,Vermont,1317
5/19/2012,138,207,Virgin Islands,345
5/19/2012,11074,1824,Virginia,12898
5/19/2012,5614,496,Washington,6110
5/19/2012,4585,562,West Virginia,5147
5/19/2012,10153,1528,Wisconsin,11681
5/16/2012,10930,1194,Arizona,12124
5/16/2012,2112,1389,Arkansas,3501
5/16/2012,5066,3419,Colorado,8485
5/16/2012,5907,2259,Connecticut,8166
5/16/2012,2463,339,Delaware,2802
5/16/2012,1741,295,Dist. of Columbia,2036
5/16/2012,46669,11670,Florida,58339
5/16/2012,11678,1252,Georgia,12930
5/16/2012,3395,691,Idaho,4086
5/16/2012,14293,2247,Illinois,16540
5/16/2012,8966,2262,Indiana,11228
5/16/2012,5078,1530,Iowa,6608
5/16/2012,4102,477,Kansas,4579
5/16/2012,8435,1081,Kentucky,9516
5/16/2012,8929,2135,Louisiana,11064
5/16/2012,1422,955,Maine,2377
5/16/2012,9057,1092,Maryland,10149
5/16/2012,8401,1052,Massachusetts,9453
5/16/2012,10825,1419,Michigan,12244
5/16/2012,8626,728,Minnesota,9354
5/16/2012,10407,888,Missouri,11295
5/16/2012,1404,601,Montana,2005
5/16/2012,3898,616,Nebraska,4514
5/16/2012,3199,475,New Hampshire,3674
5/16/2012,19160,2315,New Jersey,21475
5/16/2012,3188,685,New Mexico,3873
5/16/2012,37076,2524,New York,39600
5/16/2012,11489,4737,North Carolina,16226
5/16/2012,693,555,North Dakota,1248
5/16/2012,9496,2382,Ohio,11878
5/16/2012,3285,2310,Oklahoma,5595
5/16/2012,3265,947,Oregon,4212
5/16/2012,23182,6139,Pennsylvania,29321
5/16/2012,2939,620,Rhode Island,3559
5/16/2012,5733,4144,South Carolina,9877
5/16/2012,1610,365,South Dakota,1975
5/16/2012,7953,2908,Tennessee,10861
5/16/2012,15387,5407,Texas,20794
5/16/2012,681,365,Vermont,1046
5/16/2012,114,212,Virgin Islands,326
5/16/2012,8834,1657,Virginia,10491
5/16/2012,4786,498,Washington,5284
5/16/2012,3816,478,West Virginia,4294
5/16/2012,7983,1336,Wisconsin,9319
5/12/2012,11542,1229,Arizona,12771
5/12/2012,2088,1475,Arkansas,3563
5/12/2012,5138,3534,Colorado,8672
5/12/2012,6087,2147,Connecticut,8234
5/12/2012,2623,316,Delaware,2939
5/12/2012,1680,303,Dist. of Columbia,1983
5/12/2012,48718,12004,Florida,60722
5/12/2012,12928,1342,Georgia,14270
5/12/2012,3341,663,Idaho,4004
5/12/2012,14680,2141,Illinois,16821
5/12/2012,10335,2558,Indiana,12893
5/12/2012,4985,1477,Iowa,6462
5/12/2012,4625,473,Kansas,5098
5/12/2012,9431,1061,Kentucky,10492
5/12/2012,9616,2337,Louisiana,11953
5/12/2012,1400,950,Maine,2350
5/12/2012,9361,1061,Maryland,10422
5/12/2012,8353,990,Massachusetts,9343
5/12/2012,11120,1377,Michigan,12497
5/12/2012,8720,782,Minnesota,9502
5/12/2012,11091,847,Missouri,11938
5/12/2012,1408,539,Montana,1947
5/12/2012,3900,548,Nebraska,4448
5/12/2012,3344,482,New Hampshire,3826
5/12/2012,17930,2258,New Jersey,20188
5/12/2012,3145,663,New Mexico,3808
5/12/2012,37989,2500,New York,40489
5/12/2012,11343,4506,North Carolina,15849
5/12/2012,667,541,North Dakota,1208
5/12/2012,9348,2410,Ohio,11758
5/12/2012,3342,2266,Oklahoma,5608
5/12/2012,3412,924,Oregon,4336
5/12/2012,22910,6131,Pennsylvania,29041
5/12/2012,3365,688,Rhode Island,4053
5/12/2012,5903,4090,South Carolina,9993
5/12/2012,1530,345,South Dakota,1875
5/12/2012,8022,3123,Tennessee,11145
5/12/2012,14518,5296,Texas,19814
5/12/2012,731,381,Vermont,1112
5/12/2012,121,216,Virgin Islands,337
5/12/2012,9063,1557,Virginia,10620
5/12/2012,4571,471,Washington,5042
5/12/2012,3984,508,West Virginia,4492
5/12/2012,8732,1415,Wisconsin,10147
5/9/2012,9356,1057,Arizona,10413
5/9/2012,1712,1213,Arkansas,2925
5/9/2012,4126,3002,Colorado,7128
5/9/2012,5340,1996,Connecticut,7336
5/9/2012,2180,275,Delaware,2455
5/9/2012,1418,272,Dist. of Columbia,1690
5/9/2012,39900,10461,Florida,50361
5/9/2012,10106,1034,Georgia,11140
5/9/2012,2863,585,Idaho,3448
5/9/2012,12502,1873,Illinois,14375
5/9/2012,7620,1958,Indiana,9578
5/9/2012,4221,1245,Iowa,5466
5/9/2012,3598,430,Kansas,4028
5/9/2012,7214,865,Kentucky,8079
5/9/2012,7704,1905,Louisiana,9609
5/9/2012,1154,876,Maine,2030
5/9/2012,8186,974,Maryland,9160
5/9/2012,7230,915,Massachusetts,8145
5/9/2012,9586,1276,Michigan,10862
5/9/2012,7396,632,Minnesota,8028
5/9/2012,8940,728,Missouri,9668
5/9/2012,1244,533,Montana,1777
5/9/2012,3292,535,Nebraska,3827
5/9/2012,2905,395,New Hampshire,3300
5/9/2012,16052,2007,New Jersey,18059
5/9/2012,2740,564,New Mexico,3304
5/9/2012,31321,2206,New York,33527
5/9/2012,9187,3855,North Carolina,13042
5/9/2012,581,495,North Dakota,1076
5/9/2012,7844,2065,Ohio,9909
5/9/2012,2715,1813,Oklahoma,4528
5/9/2012,2868,749,Oregon,3617
5/9/2012,19508,5189,Pennsylvania,24697
5/9/2012,2622,583,Rhode Island,3205
5/9/2012,4479,3185,South Carolina,7664
5/9/2012,1396,287,South Dakota,1683
5/9/2012,6499,2417,Tennessee,8916
5/9/2012,12222,4645,Texas,16867
5/9/2012,560,324,Vermont,884
5/9/2012,106,162,Virgin Islands,268
5/9/2012,7571,1400,Virginia,8971
5/9/2012,4103,407,Washington,4510
5/9/2012,3464,452,West Virginia,3916
5/9/2012,7057,1181,Wisconsin,8238
5/5/2012,12089,1366,Arizona,13455
5/5/2012,2215,1794,Arkansas,4009
5/5/2012,4617,3480,Colorado,8097
5/5/2012,6007,2390,Connecticut,8397
5/5/2012,2466,351,Delaware,2817
5/5/2012,1706,279,Dist. of Columbia,1985
5/5/2012,49697,12871,Florida,62568
5/5/2012,12629,1332,Georgia,13961
5/5/2012,3540,743,Idaho,4283
5/5/2012,13281,2181,Illinois,15462
5/5/2012,9437,2616,Indiana,12053
5/5/2012,4835,1530,Iowa,6365
5/5/2012,4321,462,Kansas,4783
5/5/2012,9225,1130,Kentucky,10355
5/5/2012,9656,2647,Louisiana,12303
5/5/2012,1284,1062,Maine,2346
5/5/2012,9035,1137,Maryland,10172
5/5/2012,7705,1004,Massachusetts,8709
5/5/2012,10073,1340,Michigan,11413
5/5/2012,8425,747,Minnesota,9172
5/5/2012,11138,952,Missouri,12090
5/5/2012,1387,617,Montana,2004
5/5/2012,3942,630,Nebraska,4572
5/5/2012,3272,501,New Hampshire,3773
5/5/2012,17154,2371,New Jersey,19525
5/5/2012,3172,809,New Mexico,3981
5/5/2012,33169,2503,New York,35672
5/5/2012,11692,5330,North Carolina,17022
5/5/2012,646,553,North Dakota,1199
5/5/2012,8054,2446,Ohio,10500
5/5/2012,3179,2303,Oklahoma,5482
5/5/2012,3041,938,Oregon,3979
5/5/2012,22270,7026,Pennsylvania,29296
5/5/2012,3358,713,Rhode Island,4071
5/5/2012,5873,4554,South Carolina,10427
5/5/2012,1515,369,South Dakota,1884
5/5/2012,8531,3405,Tennessee,11936
5/5/2012,13767,5408,Texas,19175
5/5/2012,668,387,Vermont,1055
5/5/2012,130,186,Virgin Islands,316
5/5/2012,8539,1545,Virginia,10084
5/5/2012,4185,491,Washington,4676
5/5/2012,4065,575,West Virginia,4640
5/5/2012,8563,1495,Wisconsin,10058
5/2/2012,9533,1086,Arizona,10619
5/2/2012,1809,1360,Arkansas,3169
5/2/2012,3804,2900,Colorado,6704
5/2/2012,5288,2166,Connecticut,7454
5/2/2012,2049,249,Delaware,2298
5/2/2012,1545,245,Dist. of Columbia,1790
5/2/2012,39282,10142,Florida,49424
5/2/2012,9952,1125,Georgia,11077
5/2/2012,2989,605,Idaho,3594
5/2/2012,11499,2018,Illinois,13517
5/2/2012,7442,2080,Indiana,9522
5/2/2012,4140,1349,Iowa,5489
5/2/2012,3523,419,Kansas,3942
5/2/2012,7057,881,Kentucky,7938
5/2/2012,8023,2069,Louisiana,10092
5/2/2012,1198,933,Maine,2131
5/2/2012,7965,970,Maryland,8935
5/2/2012,6938,930,Massachusetts,7868
5/2/2012,8996,1261,Michigan,10257
5/2/2012,7093,635,Minnesota,7728
5/2/2012,9140,796,Missouri,9936
5/2/2012,1223,512,Montana,1735
5/2/2012,3364,524,Nebraska,3888
5/2/2012,2719,481,New Hampshire,3200
5/2/2012,15476,2153,New Jersey,17629
5/2/2012,2602,585,New Mexico,3187
5/2/2012,27781,2182,New York,29963
5/2/2012,9229,4059,North Carolina,13288
5/2/2012,534,487,North Dakota,1021
5/2/2012,7277,2260,Ohio,9537
5/2/2012,2500,1831,Oklahoma,4331
5/2/2012,2693,762,Oregon,3455
5/2/2012,18010,5307,Pennsylvania,23317
5/2/2012,2817,594,Rhode Island,3411
5/2/2012,4571,3437,South Carolina,8008
5/2/2012,1342,298,South Dakota,1640
5/2/2012,6427,2587,Tennessee,9014
5/2/2012,11749,4825,Texas,16574
5/2/2012,556,300,Vermont,856
5/2/2012,100,188,Virgin Islands,288
5/2/2012,7321,1415,Virginia,8736
5/2/2012,3626,426,Washington,4052
5/2/2012,3446,467,West Virginia,3913
5/2/2012,7057,1269,Wisconsin,8326
4/28/2012,10599,1163,Arizona,11762
4/28/2012,2252,1568,Arkansas,3820
4/28/2012,4207,3342,Colorado,7549
4/28/2012,5998,2313,Connecticut,8311
4/28/2012,2132,304,Delaware,2436
4/28/2012,1636,285,Dist. of Columbia,1921
4/28/2012,46392,11424,Florida,57816
4/28/2012,11312,1090,Georgia,12402
4/28/2012,3295,632,Idaho,3927
4/28/2012,12480,1920,Illinois,14400
4/28/2012,9169,2423,Indiana,11592
4/28/2012,4725,1484,Iowa,6209
4/28/2012,4239,420,Kansas,4659
4/28/2012,8641,1008,Kentucky,9649
4/28/2012,9241,2281,Louisiana,11522
4/28/2012,1363,1045,Maine,2408
4/28/2012,9190,1006,Maryland,10196
4/28/2012,7886,993,Massachusetts,8879
4/28/2012,9727,1202,Michigan,10929
4/28/2012,7795,668,Minnesota,8463
4/28/2012,10209,836,Missouri,11045
4/28/2012,1290,584,Montana,1874
4/28/2012,3734,550,Nebraska,4284
4/28/2012,3325,487,New Hampshire,3812
4/28/2012,15836,2108,New Jersey,17944
4/28/2012,2867,610,New Mexico,3477
4/28/2012,29430,2225,New York,31655
4/28/2012,11174,4687,North Carolina,15861
4/28/2012,585,538,North Dakota,1123
4/28/2012,8978,2414,Ohio,11392
4/28/2012,3016,2259,Oklahoma,5275
4/28/2012,2876,787,Oregon,3663
4/28/2012,21664,6034,Pennsylvania,27698
4/28/2012,3319,716,Rhode Island,4035
4/28/2012,5520,3945,South Carolina,9465
4/28/2012,1437,331,South Dakota,1768
4/28/2012,8108,3146,Tennessee,11254
4/28/2012,13947,5563,Texas,19510
4/28/2012,622,384,Vermont,1006
4/28/2012,86,154,Virgin Islands,240
4/28/2012,8474,1617,Virginia,10091
4/28/2012,3662,386,Washington,4048
4/28/2012,3966,518,West Virginia,4484
4/28/2012,8036,1427,Wisconsin,9463
4/25/2012,14901,1407,Arizona,16308
4/25/2012,3114,2057,Arkansas,5171
4/25/2012,7269,4331,Colorado,11600
4/25/2012,9984,3158,Connecticut,13142
4/25/2012,3877,466,Delaware,4343
4/25/2012,2324,339,Dist. of Columbia,2663
4/25/2012,70195,15232,Florida,85427
4/25/2012,16981,1596,Georgia,18577
4/25/2012,4644,756,Idaho,5400
4/25/2012,26377,3196,Illinois,29573
4/25/2012,12571,2833,Indiana,15404
4/25/2012,7781,1986,Iowa,9767
4/25/2012,5680,523,Kansas,6203
4/25/2012,12105,1259,Kentucky,13364
4/25/2012,12262,2576,Louisiana,14838
4/25/2012,1625,1056,Maine,2681
4/25/2012,14740,1415,Maryland,16155
4/25/2012,13568,1326,Massachusetts,14894
4/25/2012,18546,1837,Michigan,20383
4/25/2012,13334,932,Minnesota,14266
4/25/2012,14827,1046,Missouri,15873
4/25/2012,1586,553,Montana,2139
4/25/2012,5413,660,Nebraska,6073
4/25/2012,4343,596,New Hampshire,4939
4/25/2012,35374,3138,New Jersey,38512
4/25/2012,4581,827,New Mexico,5408
4/25/2012,65794,3566,New York,69360
4/25/2012,15321,5693,North Carolina,21014
4/25/2012,994,764,North Dakota,1758
4/25/2012,17225,3445,Ohio,20670
4/25/2012,4883,2935,Oklahoma,7818
4/25/2012,5614,1223,Oregon,6837
4/25/2012,39681,8783,Pennsylvania,48464
4/25/2012,4423,825,Rhode Island,5248
4/25/2012,7697,4800,South Carolina,12497
4/25/2012,2186,433,South Dakota,2619
4/25/2012,10940,3614,Tennessee,14554
4/25/2012,23303,7209,Texas,30512
4/25/2012,879,451,Vermont,1330
4/25/2012,144,231,Virgin Islands,375
4/25/2012,13522,2007,Virginia,15529
4/25/2012,6984,559,Washington,7543
4/25/2012,5805,643,West Virginia,6448
4/25/2012,12293,1787,Wisconsin,14080
4/21/2012,15221,1404,Arizona,16625
4/21/2012,3327,2323,Arkansas,5650
4/21/2012,7174,4494,Colorado,11668
4/21/2012,9186,2935,Connecticut,12121
4/21/2012,3767,459,Delaware,4226
4/21/2012,2272,327,Dist. of Columbia,2599
4/21/2012,73075,15757,Florida,88832
4/21/2012,18400,1716,Georgia,20116
4/21/2012,4418,772,Idaho,5190
4/21/2012,25444,2976,Illinois,28420
4/21/2012,13407,2879,Indiana,16286
4/21/2012,7881,2115,Iowa,9996
4/21/2012,5858,571,Kansas,6429
4/21/2012,13177,1311,Kentucky,14488
4/21/2012,13132,2650,Louisiana,15782
4/21/2012,1680,1143,Maine,2823
4/21/2012,14131,1339,Maryland,15470
4/21/2012,12477,1247,Massachusetts,13724
4/21/2012,17125,1742,Michigan,18867
4/21/2012,12904,907,Minnesota,13811
4/21/2012,15465,1019,Missouri,16484
4/21/2012,1638,668,Montana,2306
4/21/2012,5490,690,Nebraska,6180
4/21/2012,4441,567,New Hampshire,5008
4/21/2012,29568,2826,New Jersey,32394
4/21/2012,4734,940,New Mexico,5674
4/21/2012,57540,3174,New York,60714
4/21/2012,16549,6172,North Carolina,22721
4/21/2012,871,752,North Dakota,1623
4/21/2012,15862,3185,Ohio,19047
4/21/2012,5041,3161,Oklahoma,8202
4/21/2012,5096,1123,Oregon,6219
4/21/2012,38365,8783,Pennsylvania,47148
4/21/2012,4575,774,Rhode Island,5349
4/21/2012,8151,5386,South Carolina,13537
4/21/2012,2118,436,South Dakota,2554
4/21/2012,11621,4061,Tennessee,15682
4/21/2012,22957,7054,Texas,30011
4/21/2012,868,482,Vermont,1350
4/21/2012,142,288,Virgin Islands,430
4/21/2012,13290,2066,Virginia,15356
4/21/2012,6536,545,Washington,7081
4/21/2012,5875,686,West Virginia,6561
4/21/2012,12277,1731,Wisconsin,14008
4/18/2012,13402,1329,Arizona,14731
4/18/2012,2779,1778,Arkansas,4557
4/18/2012,6369,3966,Colorado,10335
4/18/2012,8436,2706,Connecticut,11142
4/18/2012,3220,400,Delaware,3620
4/18/2012,2036,310,Dist. of Columbia,2346
4/18/2012,58851,13523,Florida,72374
4/18/2012,14800,1456,Georgia,16256
4/18/2012,3994,688,Idaho,4682
4/18/2012,22111,2893,Illinois,25004
4/18/2012,11214,2664,Indiana,13878
4/18/2012,6638,1776,Iowa,8414
4/18/2012,4966,491,Kansas,5457
4/18/2012,10723,1154,Kentucky,11877
4/18/2012,11264,2493,Louisiana,13757
4/18/2012,1393,1026,Maine,2419
4/18/2012,12177,1188,Maryland,13365
4/18/2012,11383,1181,Massachusetts,12564
4/18/2012,15097,1624,Michigan,16721
4/18/2012,11245,821,Minnesota,12066
4/18/2012,13026,948,Missouri,13974
4/18/2012,1443,538,Montana,1981
4/18/2012,4840,667,Nebraska,5507
4/18/2012,3835,565,New Hampshire,4400
4/18/2012,28215,2843,New Jersey,31058
4/18/2012,4189,730,New Mexico,4919
4/18/2012,51291,3231,New York,54522
4/18/2012,13537,5040,North Carolina,18577
4/18/2012,827,679,North Dakota,1506
4/18/2012,13737,3032,Ohio,16769
4/18/2012,4109,2599,Oklahoma,6708
4/18/2012,4711,1126,Oregon,5837
4/18/2012,32308,7648,Pennsylvania,39956
4/18/2012,3741,742,Rhode Island,4483
4/18/2012,6803,4578,South Carolina,11381
4/18/2012,1952,375,South Dakota,2327
4/18/2012,9446,3255,Tennessee,12701
4/18/2012,19910,6541,Texas,26451
4/18/2012,835,417,Vermont,1252
4/18/2012,123,204,Virgin Islands,327
4/18/2012,11601,1820,Virginia,13421
4/18/2012,6175,555,Washington,6730
4/18/2012,4698,606,West Virginia,5304
4/18/2012,10720,1597,Wisconsin,12317
4/14/2012,14187,1400,Arizona,15587
4/14/2012,3095,2061,Arkansas,5156
4/14/2012,7118,4799,Colorado,11917
4/14/2012,8546,2933,Connecticut,11479
4/14/2012,3514,476,Delaware,3990
4/14/2012,2185,321,Dist. of Columbia,2506
4/14/2012,64518,14485,Florida,79003
4/14/2012,16521,1599,Georgia,18120
4/14/2012,4304,786,Idaho,5090
4/14/2012,21746,2819,Illinois,24565
4/14/2012,12634,2827,Indiana,15461
4/14/2012,6947,1976,Iowa,8923
4/14/2012,5539,536,Kansas,6075
4/14/2012,11669,1303,Kentucky,12972
4/14/2012,12469,2663,Louisiana,15132
4/14/2012,1671,1174,Maine,2845
4/14/2012,13510,1456,Maryland,14966
4/14/2012,11404,1223,Massachusetts,12627
4/14/2012,14759,1621,Michigan,16380
4/14/2012,11440,838,Minnesota,12278
4/14/2012,14035,998,Missouri,15033
4/14/2012,1637,644,Montana,2281
4/14/2012,4953,666,Nebraska,5619
4/14/2012,4397,601,New Hampshire,4998
4/14/2012,25681,2684,New Jersey,28365
4/14/2012,4178,823,New Mexico,5001
4/14/2012,49746,2956,New York,52702
4/14/2012,15883,6071,North Carolina,21954
4/14/2012,852,690,North Dakota,1542
4/14/2012,13611,3047,Ohio,16658
4/14/2012,4917,3172,Oklahoma,8089
4/14/2012,4840,1079,Oregon,5919
4/14/2012,33857,8204,Pennsylvania,42061
4/14/2012,4370,807,Rhode Island,5177
4/14/2012,8397,5627,South Carolina,14024
4/14/2012,2099,420,South Dakota,2519
4/14/2012,10926,3859,Tennessee,14785
4/14/2012,20964,6739,Texas,27703
4/14/2012,930,462,Vermont,1392
4/14/2012,151,316,Virgin Islands,467
4/14/2012,12383,2030,Virginia,14413
4/14/2012,6065,573,Washington,6638
4/14/2012,5198,655,West Virginia,5853
4/14/2012,10927,1650,Wisconsin,12577
4/11/2012,11296,1135,Arizona,12431
4/11/2012,2387,1613,Arkansas,4000
4/11/2012,5400,3644,Colorado,9044
4/11/2012,6311,2284,Connecticut,8595
4/11/2012,2562,367,Delaware,2929
4/11/2012,1782,283,Dist. of Columbia,2065
4/11/2012,48840,11751,Florida,60591
4/11/2012,12736,1224,Georgia,13960
4/11/2012,3712,637,Idaho,4349
4/11/2012,15777,2255,Illinois,18032
4/11/2012,9139,2297,Indiana,11436
4/11/2012,5325,1552,Iowa,6877
4/11/2012,4400,486,Kansas,4886
4/11/2012,8726,1011,Kentucky,9737
4/11/2012,9591,2121,Louisiana,11712
4/11/2012,1413,962,Maine,2375
4/11/2012,9738,1059,Maryland,10797
4/11/2012,9058,1025,Massachusetts,10083
4/11/2012,11423,1342,Michigan,12765
4/11/2012,9019,722,Minnesota,9741
4/11/2012,10881,860,Missouri,11741
4/11/2012,1412,509,Montana,1921
4/11/2012,3922,581,Nebraska,4503
4/11/2012,3301,477,New Hampshire,3778
4/11/2012,20656,2351,New Jersey,23007
4/11/2012,3111,679,New Mexico,3790
4/11/2012,36667,2458,New York,39125
4/11/2012,12029,4776,North Carolina,16805
4/11/2012,692,598,North Dakota,1290
4/11/2012,10408,2456,Ohio,12864
4/11/2012,3684,2548,Oklahoma,6232
4/11/2012,3620,967,Oregon,4587
4/11/2012,24123,6247,Pennsylvania,30370
4/11/2012,3274,628,Rhode Island,3902
4/11/2012,6201,4247,South Carolina,10448
4/11/2012,1609,366,South Dakota,1975
4/11/2012,8358,2982,Tennessee,11340
4/11/2012,15456,5200,Texas,20656
4/11/2012,684,390,Vermont,1074
4/11/2012,111,189,Virgin Islands,300
4/11/2012,9508,1596,Virginia,11104
4/11/2012,5239,508,Washington,5747
4/11/2012,4250,515,West Virginia,4765
4/11/2012,8313,1294,Wisconsin,9607
4/7/2012,13154,1363,Arizona,14517
4/7/2012,2954,2070,Arkansas,5024
4/7/2012,6140,4327,Colorado,10467
4/7/2012,7839,2859,Connecticut,10698
4/7/2012,3087,446,Delaware,3533
4/7/2012,1813,313,Dist. of Columbia,2126
4/7/2012,66995,16125,Florida,83120
4/7/2012,13890,1523,Georgia,15413
4/7/2012,4047,770,Idaho,4817
4/7/2012,16412,2381,Illinois,18793
4/7/2012,11356,2725,Indiana,14081
4/7/2012,6132,1885,Iowa,8017
4/7/2012,5009,540,Kansas,5549
4/7/2012,10113,1181,Kentucky,11294
4/7/2012,10616,2385,Louisiana,13001
4/7/2012,1640,1312,Maine,2952
4/7/2012,11422,1265,Maryland,12687
4/7/2012,9938,1180,Massachusetts,11118
4/7/2012,11411,1465,Michigan,12876
4/7/2012,9493,789,Minnesota,10282
4/7/2012,12301,994,Missouri,13295
4/7/2012,1481,633,Montana,2114
4/7/2012,4473,673,Nebraska,5146
4/7/2012,4099,648,New Hampshire,4747
4/7/2012,19642,2481,New Jersey,22123
4/7/2012,3483,740,New Mexico,4223
4/7/2012,36230,2592,New York,38822
4/7/2012,15762,6370,North Carolina,22132
4/7/2012,799,708,North Dakota,1507
4/7/2012,10952,2854,Ohio,13806
4/7/2012,4253,3118,Oklahoma,7371
4/7/2012,3812,955,Oregon,4767
4/7/2012,28177,7890,Pennsylvania,36067
4/7/2012,4153,742,Rhode Island,4895
4/7/2012,7669,5395,South Carolina,13064
4/7/2012,1734,405,South Dakota,2139
4/7/2012,10752,4093,Tennessee,14845
4/7/2012,17697,6328,Texas,24025
4/7/2012,846,456,Vermont,1302
4/7/2012,106,219,Virgin Islands,325
4/7/2012,10820,1869,Virginia,12689
4/7/2012,5216,476,Washington,5692
4/7/2012,4910,657,West Virginia,5567
4/7/2012,9284,1522,Wisconsin,10806
4/4/2012,11328,1189,Arizona,12517
4/4/2012,2420,1626,Arkansas,4046
4/4/2012,4882,3406,Colorado,8288
4/4/2012,6247,2282,Connecticut,8529
4/4/2012,2548,331,Delaware,2879
4/4/2012,1838,343,Dist. of Columbia,2181
4/4/2012,47583,11553,Florida,59136
4/4/2012,12031,1264,Georgia,13295
4/4/2012,3786,690,Idaho,4476
4/4/2012,14978,2181,Illinois,17159
4/4/2012,8997,2343,Indiana,11340
4/4/2012,5046,1490,Iowa,6536
4/4/2012,4197,451,Kansas,4648
4/4/2012,8560,970,Kentucky,9530
4/4/2012,8686,2118,Louisiana,10804
4/4/2012,1330,1030,Maine,2360
4/4/2012,9574,1095,Maryland,10669
4/4/2012,8344,1044,Massachusetts,9388
4/4/2012,10394,1361,Michigan,11755
4/4/2012,8357,647,Minnesota,9004
4/4/2012,10708,882,Missouri,11590
4/4/2012,1448,602,Montana,2050
4/4/2012,3919,603,Nebraska,4522
4/4/2012,3253,512,New Hampshire,3765
4/4/2012,19436,2206,New Jersey,21642
4/4/2012,2983,646,New Mexico,3629
4/4/2012,34641,2296,New York,36937
4/4/2012,12013,4921,North Carolina,16934
4/4/2012,722,611,North Dakota,1333
4/4/2012,8845,2332,Ohio,11177
4/4/2012,3390,2362,Oklahoma,5752
4/4/2012,3395,903,Oregon,4298
4/4/2012,22470,5985,Pennsylvania,28455
4/4/2012,3376,621,Rhode Island,3997
4/4/2012,5808,4063,South Carolina,9871
4/4/2012,1598,364,South Dakota,1962
4/4/2012,8173,3027,Tennessee,11200
4/4/2012,15164,5109,Texas,20273
4/4/2012,642,423,Vermont,1065
4/4/2012,130,242,Virgin Islands,372
4/4/2012,9005,1720,Virginia,10725
4/4/2012,4918,484,Washington,5402
4/4/2012,3972,509,West Virginia,4481
4/4/2012,8284,1392,Wisconsin,9676
3/31/2012,17656,1499,Arizona,19155
3/31/2012,3313,2413,Arkansas,5726
3/31/2012,7371,5134,Colorado,12505
3/31/2012,8466,2764,Connecticut,11230
3/31/2012,3251,397,Delaware,3648
3/31/2012,2065,339,Dist. of Columbia,2404
3/31/2012,69765,14639,Florida,84404
3/31/2012,19725,1918,Georgia,21643
3/31/2012,4870,786,Idaho,5656
3/31/2012,17030,2525,Illinois,19555
3/31/2012,13912,3207,Indiana,17119
3/31/2012,7226,1952,Iowa,9178
3/31/2012,5941,547,Kansas,6488
3/31/2012,11555,1204,Kentucky,12759
3/31/2012,15418,2834,Louisiana,18252
3/31/2012,1659,1262,Maine,2921
3/31/2012,12093,1221,Maryland,13314
3/31/2012,9119,1053,Massachusetts,10172
3/31/2012,12696,1525,Michigan,14221
3/31/2012,11811,747,Minnesota,12558
3/31/2012,14500,1044,Missouri,15544
3/31/2012,2158,714,Montana,2872
3/31/2012,5181,665,Nebraska,5846
3/31/2012,4153,544,New Hampshire,4697
3/31/2012,20382,2527,New Jersey,22909
3/31/2012,4526,876,New Mexico,5402
3/31/2012,34627,2417,New York,37044
3/31/2012,16434,5849,North Carolina,22283
3/31/2012,1232,996,North Dakota,2228
3/31/2012,10438,2928,Ohio,13366
3/31/2012,4841,3144,Oklahoma,7985
3/31/2012,5232,1138,Oregon,6370
3/31/2012,26325,9164,Pennsylvania,35489
3/31/2012,4392,797,Rhode Island,5189
3/31/2012,8100,5352,South Carolina,13452
3/31/2012,2160,421,South Dakota,2581
3/31/2012,12651,4270,Tennessee,16921
3/31/2012,18621,6153,Texas,24774
3/31/2012,840,518,Vermont,1358
3/31/2012,171,356,Virgin Islands,527
3/31/2012,11793,1917,Virginia,13710
3/31/2012,7468,535,Washington,8003
3/31/2012,5623,617,West Virginia,6240
3/31/2012,10900,1598,Wisconsin,12498
3/28/2012,13620,1345,Arizona,14965
3/28/2012,2156,1660,Arkansas,3816
3/28/2012,5015,3698,Colorado,8713
3/28/2012,6561,2452,Connecticut,9013
3/28/2012,2360,299,Delaware,2659
3/28/2012,1731,272,Dist. of Columbia,2003
3/28/2012,47881,11468,Florida,59349
3/28/2012,11812,1293,Georgia,13105
3/28/2012,3430,647,Idaho,4077
3/28/2012,13516,1954,Illinois,15470
3/28/2012,9102,2288,Indiana,11390
3/28/2012,5063,1499,Iowa,6562
3/28/2012,4307,462,Kansas,4769
3/28/2012,8578,926,Kentucky,9504
3/28/2012,9476,2142,Louisiana,11618
3/28/2012,1239,990,Maine,2229
3/28/2012,8997,1046,Maryland,10043
3/28/2012,8096,991,Massachusetts,9087
3/28/2012,10082,1281,Michigan,11363
3/28/2012,8956,639,Minnesota,9595
3/28/2012,10933,769,Missouri,11702
3/28/2012,1531,602,Montana,2133
3/28/2012,4156,589,Nebraska,4745
3/28/2012,3209,476,New Hampshire,3685
3/28/2012,18080,2219,New Jersey,20299
3/28/2012,3580,689,New Mexico,4269
3/28/2012,28677,2162,New York,30839
3/28/2012,11669,4455,North Carolina,16124
3/28/2012,780,681,North Dakota,1461
3/28/2012,7960,2402,Ohio,10362
3/28/2012,3165,2280,Oklahoma,5445
3/28/2012,3542,836,Oregon,4378
3/28/2012,20174,7035,Pennsylvania,27209
3/28/2012,3556,678,Rhode Island,4234
3/28/2012,5525,3906,South Carolina,9431
3/28/2012,1819,396,South Dakota,2215
3/28/2012,8552,3272,Tennessee,11824
3/28/2012,14850,5269,Texas,20119
3/28/2012,616,373,Vermont,989
3/28/2012,110,198,Virgin Islands,308
3/28/2012,8451,1516,Virginia,9967
3/28/2012,5382,470,Washington,5852
3/28/2012,3977,505,West Virginia,4482
3/28/2012,8580,1400,Wisconsin,9980
3/24/2012,13986,1457,Arizona,15443
3/24/2012,2541,1916,Arkansas,4457
3/24/2012,5123,4014,Colorado,9137
3/24/2012,6598,2597,Connecticut,9195
3/24/2012,2566,397,Delaware,2963
3/24/2012,1803,319,Dist. of Columbia,2122
3/24/2012,51238,13487,Florida,64725
3/24/2012,14661,1587,Georgia,16248
3/24/2012,3707,730,Idaho,4437
3/24/2012,14661,2302,Illinois,16963
3/24/2012,10470,2873,Indiana,13343
3/24/2012,5546,1771,Iowa,7317
3/24/2012,4556,460,Kansas,5016
3/24/2012,9724,1157,Kentucky,10881
3/24/2012,10552,2617,Louisiana,13169
3/24/2012,1401,1141,Maine,2542
3/24/2012,9879,1109,Maryland,10988
3/24/2012,8608,1148,Massachusetts,9756
3/24/2012,11541,1632,Michigan,13173
3/24/2012,9177,771,Minnesota,9948
3/24/2012,11901,1018,Missouri,12919
3/24/2012,1503,633,Montana,2136
3/24/2012,4471,675,Nebraska,5146
3/24/2012,3792,586,New Hampshire,4378
3/24/2012,17991,2326,New Jersey,20317
3/24/2012,3415,841,New Mexico,4256
3/24/2012,31730,2562,New York,34292
3/24/2012,12941,5773,North Carolina,18714
3/24/2012,708,688,North Dakota,1396
3/24/2012,9107,2693,Ohio,11800
3/24/2012,3440,2489,Oklahoma,5929
3/24/2012,3266,952,Oregon,4218
3/24/2012,22695,7663,Pennsylvania,30358
3/24/2012,4093,828,Rhode Island,4921
3/24/2012,6663,5039,South Carolina,11702
3/24/2012,1615,377,South Dakota,1992
3/24/2012,9702,3714,Tennessee,13416
3/24/2012,15662,5914,Texas,21576
3/24/2012,693,422,Vermont,1115
3/24/2012,121,276,Virgin Islands,397
3/24/2012,9258,1712,Virginia,10970
3/24/2012,4617,556,Washington,5173
3/24/2012,4572,610,West Virginia,5182
3/24/2012,8889,1455,Wisconsin,10344
3/21/2012,12178,1281,Arizona,13459
3/21/2012,2202,1568,Arkansas,3770
3/21/2012,4928,3639,Colorado,8567
3/21/2012,6097,2277,Connecticut,8374
3/21/2012,2477,365,Delaware,2842
3/21/2012,1669,317,Dist. of Columbia,1986
3/21/2012,48296,12075,Florida,60371
3/21/2012,13414,1491,Georgia,14905
3/21/2012,3568,656,Idaho,4224
3/21/2012,14076,2138,Illinois,16214
3/21/2012,8941,2350,Indiana,11291
3/21/2012,5225,1699,Iowa,6924
3/21/2012,4040,475,Kansas,4515
3/21/2012,8063,981,Kentucky,9044
3/21/2012,9085,2211,Louisiana,11296
3/21/2012,1207,1039,Maine,2246
3/21/2012,9014,1015,Maryland,10029
3/21/2012,7805,1004,Massachusetts,8809
3/21/2012,10745,1358,Michigan,12103
3/21/2012,8859,701,Minnesota,9560
3/21/2012,10769,914,Missouri,11683
3/21/2012,1469,622,Montana,2091
3/21/2012,4249,599,Nebraska,4848
3/21/2012,3347,494,New Hampshire,3841
3/21/2012,18280,2266,New Jersey,20546
3/21/2012,3163,698,New Mexico,3861
3/21/2012,31717,2362,New York,34079
3/21/2012,11731,4999,North Carolina,16730
3/21/2012,687,653,North Dakota,1340
3/21/2012,8235,2437,Ohio,10672
3/21/2012,3066,2234,Oklahoma,5300
3/21/2012,3331,836,Oregon,4167
3/21/2012,21258,7182,Pennsylvania,28440
3/21/2012,3704,677,Rhode Island,4381
3/21/2012,5712,4259,South Carolina,9971
3/21/2012,1670,393,South Dakota,2063
3/21/2012,8195,3120,Tennessee,11315
3/21/2012,14330,5276,Texas,19606
3/21/2012,633,391,Vermont,1024
3/21/2012,111,201,Virgin Islands,312
3/21/2012,8791,1604,Virginia,10395
3/21/2012,4615,452,Washington,5067
3/21/2012,4013,526,West Virginia,4539
3/21/2012,8482,1410,Wisconsin,9892
3/17/2012,13390,1397,Arizona,14787
3/17/2012,2305,1670,Arkansas,3975
3/17/2012,5408,4054,Colorado,9462
3/17/2012,6977,2594,Connecticut,9571
3/17/2012,2580,366,Delaware,2946
3/17/2012,1635,313,Dist. of Columbia,1948
3/17/2012,51182,12826,Florida,64008
3/17/2012,14493,1390,Georgia,15883
3/17/2012,3721,640,Idaho,4361
3/17/2012,14531,2076,Illinois,16607
3/17/2012,11196,2913,Indiana,14109
3/17/2012,5558,1705,Iowa,7263
3/17/2012,4716,465,Kansas,5181
3/17/2012,9489,1123,Kentucky,10612
3/17/2012,10667,2481,Louisiana,13148
3/17/2012,1670,1241,Maine,2911
3/17/2012,9973,1154,Maryland,11127
3/17/2012,8793,1094,Massachusetts,9887
3/17/2012,11388,1429,Michigan,12817
3/17/2012,9415,686,Minnesota,10101
3/17/2012,11948,892,Missouri,12840
3/17/2012,1434,582,Montana,2016
3/17/2012,4333,629,Nebraska,4962
3/17/2012,4156,579,New Hampshire,4735
3/17/2012,18974,2458,New Jersey,21432
3/17/2012,3293,684,New Mexico,3977
3/17/2012,32769,2340,New York,35109
3/17/2012,12352,5067,North Carolina,17419
3/17/2012,735,710,North Dakota,1445
3/17/2012,9569,2827,Ohio,12396
3/17/2012,3589,2497,Oklahoma,6086
3/17/2012,3602,916,Oregon,4518
3/17/2012,22633,7504,Pennsylvania,30137
3/17/2012,4303,827,Rhode Island,5130
3/17/2012,6255,4565,South Carolina,10820
3/17/2012,1661,391,South Dakota,2052
3/17/2012,9241,3461,Tennessee,12702
3/17/2012,16407,6088,Texas,22495
3/17/2012,743,482,Vermont,1225
3/17/2012,142,230,Virgin Islands,372
3/17/2012,9165,1734,Virginia,10899
3/17/2012,4568,524,Washington,5092
3/17/2012,4566,578,West Virginia,5144
3/17/2012,9379,1422,Wisconsin,10801
3/14/2012,12263,1306,Arizona,13569
3/14/2012,2147,1576,Arkansas,3723
3/14/2012,4681,3555,Colorado,8236
3/14/2012,5940,2224,Connecticut,8164
3/14/2012,2353,325,Delaware,2678
3/14/2012,1557,288,Dist. of Columbia,1845
3/14/2012,45413,11641,Florida,57054
3/14/2012,12162,1361,Georgia,13523
3/14/2012,3596,640,Idaho,4236
3/14/2012,13136,2047,Illinois,15183
3/14/2012,8635,2389,Indiana,11024
3/14/2012,4987,1546,Iowa,6533
3/14/2012,4159,422,Kansas,4581
3/14/2012,8419,1008,Kentucky,9427
3/14/2012,9125,2216,Louisiana,11341
3/14/2012,1290,1038,Maine,2328
3/14/2012,8557,1104,Maryland,9661
3/14/2012,7422,960,Massachusetts,8382
3/14/2012,9989,1362,Michigan,11351
3/14/2012,8568,675,Minnesota,9243
3/14/2012,10652,844,Missouri,11496
3/14/2012,1353,579,Montana,1932
3/14/2012,4105,595,Nebraska,4700
3/14/2012,3288,482,New Hampshire,3770
3/14/2012,17735,2315,New Jersey,20050
3/14/2012,3012,644,New Mexico,3656
3/14/2012,30921,2327,New York,33248
3/14/2012,11150,5015,North Carolina,16165
3/14/2012,716,567,North Dakota,1283
3/14/2012,8361,2539,Ohio,10900
3/14/2012,3063,2278,Oklahoma,5341
3/14/2012,3131,809,Oregon,3940
3/14/2012,19786,7245,Pennsylvania,27031
3/14/2012,3759,788,Rhode Island,4547
3/14/2012,5498,4032,South Carolina,9530
3/14/2012,1578,370,South Dakota,1948
3/14/2012,8171,3314,Tennessee,11485
3/14/2012,14022,5386,Texas,19408
3/14/2012,628,352,Vermont,980
3/14/2012,108,205,Virgin Islands,313
3/14/2012,7809,1505,Virginia,9314
3/14/2012,4261,490,Washington,4751
3/14/2012,4077,506,West Virginia,4583
3/14/2012,8410,1468,Wisconsin,9878
3/10/2012,15209,1631,Arizona,16840
3/10/2012,2858,2133,Arkansas,4991
3/10/2012,5504,4440,Colorado,9944
3/10/2012,7814,2939,Connecticut,10753
3/10/2012,3012,467,Delaware,3479
3/10/2012,1963,368,Dist. of Columbia,2331
3/10/2012,58251,14904,Florida,73155
3/10/2012,15743,1704,Georgia,17447
3/10/2012,4183,838,Idaho,5021
3/10/2012,16300,2450,Illinois,18750
3/10/2012,12061,3204,Indiana,15265
3/10/2012,6420,2001,Iowa,8421
3/10/2012,5343,580,Kansas,5923
3/10/2012,10646,1204,Kentucky,11850
3/10/2012,11941,2858,Louisiana,14799
3/10/2012,1877,1592,Maine,3469
3/10/2012,10766,1260,Maryland,12026
3/10/2012,9824,1419,Massachusetts,11243
3/10/2012,12428,1656,Michigan,14084
3/10/2012,10157,826,Minnesota,10983
3/10/2012,13311,1204,Missouri,14515
3/10/2012,1696,739,Montana,2435
3/10/2012,5192,741,Nebraska,5933
3/10/2012,4658,706,New Hampshire,5364
3/10/2012,19882,2601,New Jersey,22483
3/10/2012,3996,805,New Mexico,4801
3/10/2012,36759,2827,New York,39586
3/10/2012,15791,6940,North Carolina,22731
3/10/2012,716,663,North Dakota,1379
3/10/2012,10042,3116,Ohio,13158
3/10/2012,3982,3003,Oklahoma,6985
3/10/2012,3639,1019,Oregon,4658
3/10/2012,26120,9461,Pennsylvania,35581
3/10/2012,5453,1063,Rhode Island,6516
3/10/2012,7750,5930,South Carolina,13680
3/10/2012,1847,386,South Dakota,2233
3/10/2012,10750,4336,Tennessee,15086
3/10/2012,17834,6562,Texas,24396
3/10/2012,850,532,Vermont,1382
3/10/2012,135,326,Virgin Islands,461
3/10/2012,9598,1978,Virginia,11576
3/10/2012,4729,519,Washington,5248
3/10/2012,5074,645,West Virginia,5719
3/10/2012,10149,1684,Wisconsin,11833
3/7/2012,12811,1461,Arizona,14272
3/7/2012,2505,1819,Arkansas,4324
3/7/2012,5123,3913,Colorado,9036
3/7/2012,6565,2493,Connecticut,9058
3/7/2012,2719,377,Delaware,3096
3/7/2012,1869,292,Dist. of Columbia,2161
3/7/2012,54530,13719,Florida,68249
3/7/2012,13700,1514,Georgia,15214
3/7/2012,4107,756,Idaho,4863
3/7/2012,15477,2191,Illinois,17668
3/7/2012,10087,2580,Indiana,12667
3/7/2012,5847,1745,Iowa,7592
3/7/2012,4748,543,Kansas,5291
3/7/2012,9367,1104,Kentucky,10471
3/7/2012,10939,2560,Louisiana,13499
3/7/2012,1429,1124,Maine,2553
3/7/2012,9581,1157,Maryland,10738
3/7/2012,8544,1058,Massachusetts,9602
3/7/2012,11743,1534,Michigan,13277
3/7/2012,9234,724,Minnesota,9958
3/7/2012,12016,935,Missouri,12951
3/7/2012,1575,627,Montana,2202
3/7/2012,4570,676,Nebraska,5246
3/7/2012,3604,522,New Hampshire,4126
3/7/2012,19200,2391,New Jersey,21591
3/7/2012,3467,713,New Mexico,4180
3/7/2012,34040,2528,New York,36568
3/7/2012,13739,5971,North Carolina,19710
3/7/2012,708,653,North Dakota,1361
3/7/2012,9369,2574,Ohio,11943
3/7/2012,3606,2729,Oklahoma,6335
3/7/2012,3595,950,Oregon,4545
3/7/2012,23171,9013,Pennsylvania,32184
3/7/2012,3481,790,Rhode Island,4271
3/7/2012,6542,4913,South Carolina,11455
3/7/2012,1840,409,South Dakota,2249
3/7/2012,9281,3755,Tennessee,13036
3/7/2012,16693,6196,Texas,22889
3/7/2012,649,420,Vermont,1069
3/7/2012,149,247,Virgin Islands,396
3/7/2012,8770,1638,Virginia,10408
3/7/2012,4919,554,Washington,5473
3/7/2012,4521,666,West Virginia,5187
3/7/2012,9454,1581,Wisconsin,11035
3/3/2012,15140,1635,Arizona,16775
3/3/2012,2907,2109,Arkansas,5016
3/3/2012,5489,4407,Colorado,9896
3/3/2012,8366,3227,Connecticut,11593
3/3/2012,2953,442,Delaware,3395
3/3/2012,2348,373,Dist. of Columbia,2721
3/3/2012,57860,14013,Florida,71873
3/3/2012,16585,1689,Georgia,18274
3/3/2012,4424,817,Idaho,5241
3/3/2012,16897,2509,Illinois,19406
3/3/2012,12594,3097,Indiana,15691
3/3/2012,6299,1908,Iowa,8207
3/3/2012,5255,498,Kansas,5753
3/3/2012,11714,1259,Kentucky,12973
3/3/2012,13113,3054,Louisiana,16167
3/3/2012,1603,1293,Maine,2896
3/3/2012,11301,1292,Maryland,12593
3/3/2012,10273,1372,Massachusetts,11645
3/3/2012,13857,1726,Michigan,15583
3/3/2012,10695,802,Minnesota,11497
3/3/2012,14020,1132,Missouri,15152
3/3/2012,1699,652,Montana,2351
3/3/2012,5366,744,Nebraska,6110
3/3/2012,4294,603,New Hampshire,4897
3/3/2012,22373,2915,New Jersey,25288
3/3/2012,3925,771,New Mexico,4696
3/3/2012,40928,2923,New York,43851
3/3/2012,15271,6206,North Carolina,21477
3/3/2012,785,603,North Dakota,1388
3/3/2012,11953,3470,Ohio,15423
3/3/2012,4015,2887,Oklahoma,6902
3/3/2012,3940,1119,Oregon,5059
3/3/2012,26268,9890,Pennsylvania,36158
3/3/2012,4597,938,Rhode Island,5535
3/3/2012,7519,5604,South Carolina,13123
3/3/2012,1859,443,South Dakota,2302
3/3/2012,10496,4109,Tennessee,14605
3/3/2012,20362,7586,Texas,27948
3/3/2012,834,460,Vermont,1294
3/3/2012,144,245,Virgin Islands,389
3/3/2012,10249,2021,Virginia,12270
3/3/2012,5107,573,Washington,5680
3/3/2012,5539,646,West Virginia,6185
3/3/2012,10335,1726,Wisconsin,12061
2/29/2012,13408,1526,Arizona,14934
2/29/2012,2330,1640,Arkansas,3970
2/29/2012,4921,3743,Colorado,8664
2/29/2012,6494,2431,Connecticut,8925
2/29/2012,2413,370,Delaware,2783
2/29/2012,2007,317,Dist. of Columbia,2324
2/29/2012,47717,12207,Florida,59924
2/29/2012,13601,1413,Georgia,15014
2/29/2012,4096,781,Idaho,4877
2/29/2012,14582,2210,Illinois,16792
2/29/2012,9918,2633,Indiana,12551
2/29/2012,5621,1709,Iowa,7330
2/29/2012,4487,487,Kansas,4974
2/29/2012,9425,1047,Kentucky,10472
2/29/2012,10214,2486,Louisiana,12700
2/29/2012,1430,1179,Maine,2609
2/29/2012,8693,996,Maryland,9689
2/29/2012,8096,1029,Massachusetts,9125
2/29/2012,10829,1411,Michigan,12240
2/29/2012,8519,648,Minnesota,9167
2/29/2012,11893,980,Missouri,12873
2/29/2012,1577,584,Montana,2161
2/29/2012,4747,691,Nebraska,5438
2/29/2012,3773,567,New Hampshire,4340
2/29/2012,18877,2330,New Jersey,21207
2/29/2012,3505,730,New Mexico,4235
2/29/2012,33184,2606,New York,35790
2/29/2012,12627,5577,North Carolina,18204
2/29/2012,663,627,North Dakota,1290
2/29/2012,8848,2583,Ohio,11431
2/29/2012,3519,2650,Oklahoma,6169
2/29/2012,3113,821,Oregon,3934
2/29/2012,22120,6705,Pennsylvania,28825
2/29/2012,3529,782,Rhode Island,4311
2/29/2012,6081,4546,South Carolina,10627
2/29/2012,1694,360,South Dakota,2054
2/29/2012,8749,3531,Tennessee,12280
2/29/2012,16036,6049,Texas,22085
2/29/2012,713,443,Vermont,1156
2/29/2012,119,191,Virgin Islands,310
2/29/2012,8145,1619,Virginia,9764
2/29/2012,4540,545,Washington,5085
2/29/2012,4367,544,West Virginia,4911
2/29/2012,9160,1587,Wisconsin,10747
2/25/2012,17776,1922,Arizona,19698
2/25/2012,3313,2619,Arkansas,5932
2/25/2012,6819,5129,Colorado,11948
2/25/2012,8759,3142,Connecticut,11901
2/25/2012,3460,492,Delaware,3952
2/25/2012,2407,406,Dist. of Columbia,2813
2/25/2012,72444,17777,Florida,90221
2/25/2012,18836,1965,Georgia,20801
2/25/2012,5098,995,Idaho,6093
2/25/2012,19299,2776,Illinois,22075
2/25/2012,14071,3461,Indiana,17532
2/25/2012,7404,2143,Iowa,9547
2/25/2012,6271,622,Kansas,6893
2/25/2012,12828,1473,Kentucky,14301
2/25/2012,14069,3247,Louisiana,17316
2/25/2012,1801,1409,Maine,3210
2/25/2012,12305,1483,Maryland,13788
2/25/2012,11205,1490,Massachusetts,12695
2/25/2012,14675,1965,Michigan,16640
2/25/2012,12072,906,Minnesota,12978
2/25/2012,15343,1211,Missouri,16554
2/25/2012,1890,757,Montana,2647
2/25/2012,5955,813,Nebraska,6768
2/25/2012,4952,731,New Hampshire,5683
2/25/2012,23259,2853,New Jersey,26112
2/25/2012,4779,1016,New Mexico,5795
2/25/2012,42408,3227,New York,45635
2/25/2012,18775,7601,North Carolina,26376
2/25/2012,929,734,North Dakota,1663
2/25/2012,12507,3216,Ohio,15723
2/25/2012,5076,3693,Oklahoma,8769
2/25/2012,4538,1208,Oregon,5746
2/25/2012,31935,8835,Pennsylvania,40770
2/25/2012,4693,962,Rhode Island,5655
2/25/2012,9115,6703,South Carolina,15818
2/25/2012,2101,474,South Dakota,2575
2/25/2012,12846,4982,Tennessee,17828
2/25/2012,24554,8412,Texas,32966
2/25/2012,894,574,Vermont,1468
2/25/2012,174,314,Virgin Islands,488
2/25/2012,11991,2309,Virginia,14300
2/25/2012,6053,643,Washington,6696
2/25/2012,5825,779,West Virginia,6604
2/25/2012,11741,1951,Wisconsin,13692
2/22/2012,13355,1315,Arizona,14670
2/22/2012,2486,1715,Arkansas,4201
2/22/2012,5554,3964,Colorado,9518
2/22/2012,6582,2369,Connecticut,8951
2/22/2012,2461,340,Delaware,2801
2/22/2012,1834,263,Dist. of Columbia,2097
2/22/2012,48736,11750,Florida,60486
2/22/2012,13662,1333,Georgia,14995
2/22/2012,3891,683,Idaho,4574
2/22/2012,14869,2065,Illinois,16934
2/22/2012,9818,2475,Indiana,12293
2/22/2012,5892,1660,Iowa,7552
2/22/2012,4502,442,Kansas,4944
2/22/2012,9732,1038,Kentucky,10770
2/22/2012,9996,2224,Louisiana,12220
2/22/2012,1421,1037,Maine,2458
2/22/2012,9022,1007,Maryland,10029
2/22/2012,8059,939,Massachusetts,8998
2/22/2012,11258,1352,Michigan,12610
2/22/2012,9350,652,Minnesota,10002
2/22/2012,12035,948,Missouri,12983
2/22/2012,1456,554,Montana,2010
2/22/2012,4608,645,Nebraska,5253
2/22/2012,3530,514,New Hampshire,4044
2/22/2012,19181,2189,New Jersey,21370
2/22/2012,3394,697,New Mexico,4091
2/22/2012,33258,2221,New York,35479
2/22/2012,12580,5339,North Carolina,17919
2/22/2012,772,694,North Dakota,1466
2/22/2012,9889,2584,Ohio,12473
2/22/2012,3753,2509,Oklahoma,6262
2/22/2012,3722,876,Oregon,4598
2/22/2012,24037,6825,Pennsylvania,30862
2/22/2012,3293,702,Rhode Island,3995
2/22/2012,6302,4396,South Carolina,10698
2/22/2012,1862,416,South Dakota,2278
2/22/2012,9308,3286,Tennessee,12594
2/22/2012,18519,6317,Texas,24836
2/22/2012,685,380,Vermont,1065
2/22/2012,112,161,Virgin Islands,273
2/22/2012,8657,1516,Virginia,10173
2/22/2012,5023,481,Washington,5504
2/22/2012,4389,516,West Virginia,4905
2/22/2012,9521,1463,Wisconsin,10984
2/18/2012,16423,1724,Arizona,18147
2/18/2012,3215,2440,Arkansas,5655
2/18/2012,6261,4850,Colorado,11111
2/18/2012,8459,3037,Connecticut,11496
2/18/2012,3216,475,Delaware,3691
2/18/2012,2106,392,Dist. of Columbia,2498
2/18/2012,62901,15621,Florida,78522
2/18/2012,17866,1764,Georgia,19630
2/18/2012,4895,900,Idaho,5795
2/18/2012,17953,2501,Illinois,20454
2/18/2012,13077,3262,Indiana,16339
2/18/2012,6912,1977,Iowa,8889
2/18/2012,5939,581,Kansas,6520
2/18/2012,12536,1340,Kentucky,13876
2/18/2012,12644,2892,Louisiana,15536
2/18/2012,1931,1617,Maine,3548
2/18/2012,11528,1373,Maryland,12901
2/18/2012,10305,1357,Massachusetts,11662
2/18/2012,13907,1754,Michigan,15661
2/18/2012,11209,844,Minnesota,12053
2/18/2012,14791,1134,Missouri,15925
2/18/2012,1791,714,Montana,2505
2/18/2012,5709,775,Nebraska,6484
2/18/2012,4869,766,New Hampshire,5635
2/18/2012,21398,2655,New Jersey,24053
2/18/2012,4409,964,New Mexico,5373
2/18/2012,40372,2978,New York,43350
2/18/2012,17572,7470,North Carolina,25042
2/18/2012,849,750,North Dakota,1599
2/18/2012,11726,3212,Ohio,14938
2/18/2012,4515,3332,Oklahoma,7847
2/18/2012,4188,1132,Oregon,5320
2/18/2012,30030,8634,Pennsylvania,38664
2/18/2012,4564,995,Rhode Island,5559
2/18/2012,8438,6253,South Carolina,14691
2/18/2012,2023,432,South Dakota,2455
2/18/2012,12510,4731,Tennessee,17241
2/18/2012,22058,9529,Texas,31587
2/18/2012,922,595,Vermont,1517
2/18/2012,156,299,Virgin Islands,455
2/18/2012,11192,2132,Virginia,13324
2/18/2012,5308,625,Washington,5933
2/18/2012,5730,672,West Virginia,6402
2/18/2012,11211,1813,Wisconsin,13024
2/15/2012,15653,1664,Arizona,17317
2/15/2012,3151,2444,Arkansas,5595
2/15/2012,5736,4496,Colorado,10232
2/15/2012,7627,2808,Connecticut,10435
2/15/2012,2807,445,Delaware,3252
2/15/2012,1971,343,Dist. of Columbia,2314
2/15/2012,60441,15295,Florida,75736
2/15/2012,15060,1605,Georgia,16665
2/15/2012,4907,898,Idaho,5805
2/15/2012,16800,2415,Illinois,19215
2/15/2012,11413,3035,Indiana,14448
2/15/2012,6273,1807,Iowa,8080
2/15/2012,5196,577,Kansas,5773
2/15/2012,10757,1288,Kentucky,12045
2/15/2012,11854,2727,Louisiana,14581
2/15/2012,1585,1188,Maine,2773
2/15/2012,10656,1305,Maryland,11961
2/15/2012,8781,1102,Massachusetts,9883
2/15/2012,13384,1644,Michigan,15028
2/15/2012,10092,812,Minnesota,10904
2/15/2012,12978,1122,Missouri,14100
2/15/2012,1758,752,Montana,2510
2/15/2012,5306,749,Nebraska,6055
2/15/2012,3970,601,New Hampshire,4571
2/15/2012,20530,2408,New Jersey,22938
2/15/2012,4151,891,New Mexico,5042
2/15/2012,37047,2689,New York,39736
2/15/2012,15680,6632,North Carolina,22312
2/15/2012,904,735,North Dakota,1639
2/15/2012,11871,3220,Ohio,15091
2/15/2012,4404,3311,Oklahoma,7715
2/15/2012,4089,1127,Oregon,5216
2/15/2012,26650,7868,Pennsylvania,34518
2/15/2012,3524,711,Rhode Island,4235
2/15/2012,7276,5383,South Carolina,12659
2/15/2012,1980,435,South Dakota,2415
2/15/2012,11584,4494,Tennessee,16078
2/15/2012,20174,8960,Texas,29134
2/15/2012,747,488,Vermont,1235
2/15/2012,136,256,Virgin Islands,392
2/15/2012,9820,1852,Virginia,11672
2/15/2012,5495,621,Washington,6116
2/15/2012,5305,690,West Virginia,5995
2/15/2012,9976,1572,Wisconsin,11548
2/11/2012,62252,4258,Arizona,66510
2/11/2012,14749,9168,Arkansas,23917
2/11/2012,31661,16758,Colorado,48419
2/11/2012,44199,9858,Connecticut,54057
2/11/2012,15370,1370,Delaware,16740
2/11/2012,7916,859,Dist. of Columbia,8775
2/11/2012,290158,50017,Florida,340175
2/11/2012,88148,5388,Georgia,93536
2/11/2012,16398,2176,Idaho,18574
2/11/2012,134306,10394,Illinois,144700
2/11/2012,55323,9282,Indiana,64605
2/11/2012,24901,5302,Iowa,30203
2/11/2012,17853,1473,Kansas,19326
2/11/2012,45516,3643,Kentucky,49159
2/11/2012,47301,6806,Louisiana,54107
2/11/2012,5469,3278,Maine,8747
2/11/2012,60483,3992,Maryland,64475
2/11/2012,83891,4365,Massachusetts,88256
2/11/2012,62545,4237,Michigan,66782
2/11/2012,53169,2240,Minnesota,55409
2/11/2012,56070,2600,Missouri,58670
2/11/2012,5163,1545,Montana,6708
2/11/2012,16884,1737,Nebraska,18621
2/11/2012,22281,1947,New Hampshire,24228
2/11/2012,139531,7731,New Jersey,147262
2/11/2012,19194,2781,New Mexico,21975
2/11/2012,260786,9208,New York,269994
2/11/2012,69834,20346,North Carolina,90180
2/11/2012,3577,2141,North Dakota,5718
2/11/2012,79212,11133,Ohio,90345
2/11/2012,23683,12445,Oklahoma,36128
2/11/2012,21794,3565,Oregon,25359
2/11/2012,188692,32512,Pennsylvania,221204
2/11/2012,17001,2293,Rhode Island,19294
2/11/2012,32783,17879,South Carolina,50662
2/11/2012,7496,1176,South Dakota,8672
2/11/2012,47576,13383,Tennessee,60959
2/11/2012,95440,34177,Texas,129617
2/11/2012,3296,1530,Vermont,4826
2/11/2012,349,554,Virgin Islands,903
2/11/2012,57107,6404,Virginia,63511
2/11/2012,27150,1765,Washington,28915
2/11/2012,19394,1691,West Virginia,21085
2/11/2012,51343,4581,Wisconsin,55924
2/8/2012,31465,2463,Arizona,33928
2/8/2012,7171,4387,Arkansas,11558
2/8/2012,15993,8221,Colorado,24214
2/8/2012,18648,4987,Connecticut,23635
2/8/2012,8245,717,Delaware,8962
2/8/2012,4619,550,Dist. of Columbia,5169
2/8/2012,133709,26085,Florida,159794
2/8/2012,48993,3261,Georgia,52254
2/8/2012,8977,1303,Idaho,10280
2/8/2012,76294,6388,Illinois,82682
2/8/2012,28414,5136,Indiana,33550
2/8/2012,13911,3113,Iowa,17024
2/8/2012,10054,891,Kansas,10945
2/8/2012,24232,2226,Kentucky,26458
2/8/2012,27033,4122,Louisiana,31155
2/8/2012,2833,1824,Maine,4657
2/8/2012,29421,2265,Maryland,31686
2/8/2012,34871,2424,Massachusetts,37295
2/8/2012,39070,3066,Michigan,42136
2/8/2012,26407,1364,Minnesota,27771
2/8/2012,27660,1515,Missouri,29175
2/8/2012,3255,1001,Montana,4256
2/8/2012,10332,1086,Nebraska,11418
2/8/2012,10633,1091,New Hampshire,11724
2/8/2012,78247,5232,New Jersey,83479
2/8/2012,8894,1442,New Mexico,10336
2/8/2012,142234,6077,New York,148311
2/8/2012,33138,10276,North Carolina,43414
2/8/2012,1971,1341,North Dakota,3312
2/8/2012,38830,6024,Ohio,44854
2/8/2012,11588,6244,Oklahoma,17832
2/8/2012,11217,1989,Oregon,13206
2/8/2012,95709,17720,Pennsylvania,113429
2/8/2012,8044,1414,Rhode Island,9458
2/8/2012,14812,8113,South Carolina,22925
2/8/2012,4445,764,South Dakota,5209
2/8/2012,22780,6489,Tennessee,29269
2/8/2012,50524,19393,Texas,69917
2/8/2012,1660,736,Vermont,2396
2/8/2012,209,289,Virgin Islands,498
2/8/2012,29002,3521,Virginia,32523
2/8/2012,14746,1034,Washington,15780
2/8/2012,10713,949,West Virginia,11662
2/8/2012,22807,2625,Wisconsin,25432
2/4/2012,29002,2497,Arizona,31499
2/4/2012,6769,4265,Arkansas,11034
2/4/2012,12443,7077,Colorado,19520
2/4/2012,16078,4395,Connecticut,20473
2/4/2012,6643,740,Delaware,7383
2/4/2012,3970,556,Dist. of Columbia,4526
2/4/2012,125762,26040,Florida,151802
2/4/2012,40849,3311,Georgia,44160
2/4/2012,7917,1244,Idaho,9161
2/4/2012,56779,5399,Illinois,62178
2/4/2012,23431,4921,Indiana,28352
2/4/2012,12810,2951,Iowa,15761
2/4/2012,9932,857,Kansas,10789
2/4/2012,22591,2101,Kentucky,24692
2/4/2012,25847,4489,Louisiana,30336
2/4/2012,2724,1972,Maine,4696
2/4/2012,25063,2285,Maryland,27348
2/4/2012,23755,2098,Massachusetts,25853
2/4/2012,34538,3024,Michigan,37562
2/4/2012,23261,1369,Minnesota,24630
2/4/2012,26218,1653,Missouri,27871
2/4/2012,2701,871,Montana,3572
2/4/2012,8355,956,Nebraska,9311
2/4/2012,8810,1029,New Hampshire,9839
2/4/2012,61665,4754,New Jersey,66419
2/4/2012,8720,1514,New Mexico,10234
2/4/2012,127413,5757,New York,133170
2/4/2012,32170,10938,North Carolina,43108
2/4/2012,1594,1184,North Dakota,2778
2/4/2012,29575,5367,Ohio,34942
2/4/2012,10257,6012,Oklahoma,16269
2/4/2012,9524,1834,Oregon,11358
2/4/2012,73279,15564,Pennsylvania,88843
2/4/2012,7367,1304,Rhode Island,8671
2/4/2012,14714,9116,South Carolina,23830
2/4/2012,3868,752,South Dakota,4620
2/4/2012,20996,6848,Tennessee,27844
2/4/2012,45526,12558,Texas,58084
2/4/2012,1693,922,Vermont,2615
2/4/2012,252,422,Virgin Islands,674
2/4/2012,25219,3576,Virginia,28795
2/4/2012,12235,1113,Washington,13348
2/4/2012,10056,1039,West Virginia,11095
2/4/2012,19351,2369,Wisconsin,21720
2/1/2012,21369,1932,Arizona,23301
2/1/2012,4608,2755,Arkansas,7363
2/1/2012,10391,5882,Colorado,16273
2/1/2012,12404,3897,Connecticut,16301
2/1/2012,4813,545,Delaware,5358
2/1/2012,3469,509,Dist. of Columbia,3978
2/1/2012,79787,17890,Florida,97677
2/1/2012,25373,2428,Georgia,27801
2/1/2012,5844,910,Idaho,6754
2/1/2012,38849,3999,Illinois,42848
2/1/2012,16375,3532,Indiana,19907
2/1/2012,9846,2306,Iowa,12152
2/1/2012,7271,605,Kansas,7876
2/1/2012,16719,1708,Kentucky,18427
2/1/2012,18175,3512,Louisiana,21687
2/1/2012,2053,1382,Maine,3435
2/1/2012,18126,1718,Maryland,19844
2/1/2012,17610,1700,Massachusetts,19310
2/1/2012,25957,2512,Michigan,28469
2/1/2012,17630,1059,Minnesota,18689
2/1/2012,20617,1482,Missouri,22099
2/1/2012,2047,677,Montana,2724
2/1/2012,7441,1097,Nebraska,8538
2/1/2012,5773,731,New Hampshire,6504
2/1/2012,49769,4345,New Jersey,54114
2/1/2012,6293,1127,New Mexico,7420
2/1/2012,94368,4863,New York,99231
2/1/2012,21231,7586,North Carolina,28817
2/1/2012,1238,940,North Dakota,2178
2/1/2012,23526,4557,Ohio,28083
2/1/2012,6887,3964,Oklahoma,10851
2/1/2012,6949,1489,Oregon,8438
2/1/2012,52535,11463,Pennsylvania,63998
2/1/2012,5507,1090,Rhode Island,6597
2/1/2012,9932,6329,South Carolina,16261
2/1/2012,2954,503,South Dakota,3457
2/1/2012,14842,4740,Tennessee,19582
2/1/2012,34479,10251,Texas,44730
2/1/2012,1274,636,Vermont,1910
2/1/2012,182,282,Virgin Islands,464
2/1/2012,18758,2783,Virginia,21541
2/1/2012,10003,1012,Washington,11015
2/1/2012,7497,801,West Virginia,8298
2/1/2012,14965,2049,Wisconsin,17014
1/28/2012,20492,1960,Arizona,22452
1/28/2012,4179,2704,Arkansas,6883
1/28/2012,9549,5785,Colorado,15334
1/28/2012,10541,3331,Connecticut,13872
1/28/2012,4581,562,Delaware,5143
1/28/2012,2808,368,Dist. of Columbia,3176
1/28/2012,80141,18472,Florida,98613
1/28/2012,24100,2318,Georgia,26418
1/28/2012,5419,1008,Idaho,6427
1/28/2012,32438,3498,Illinois,35936
1/28/2012,16478,3669,Indiana,20147
1/28/2012,8849,2243,Iowa,11092
1/28/2012,7177,626,Kansas,7803
1/28/2012,15616,1701,Kentucky,17317
1/28/2012,16301,3234,Louisiana,19535
1/28/2012,2242,1516,Maine,3758
1/28/2012,16029,1608,Maryland,17637
1/28/2012,14545,1505,Massachusetts,16050
1/28/2012,21941,2316,Michigan,24257
1/28/2012,15696,1056,Minnesota,16752
1/28/2012,19408,1344,Missouri,20752
1/28/2012,1974,731,Montana,2705
1/28/2012,6652,885,Nebraska,7537
1/28/2012,5706,762,New Hampshire,6468
1/28/2012,38077,3660,New Jersey,41737
1/28/2012,6647,1214,New Mexico,7861
1/28/2012,75130,4200,New York,79330
1/28/2012,20353,7651,North Carolina,28004
1/28/2012,1049,746,North Dakota,1795
1/28/2012,16873,3549,Ohio,20422
1/28/2012,6150,3893,Oklahoma,10043
1/28/2012,5903,1370,Oregon,7273
1/28/2012,46552,10935,Pennsylvania,57487
1/28/2012,5303,1061,Rhode Island,6364
1/28/2012,9788,6290,South Carolina,16078
1/28/2012,2697,510,South Dakota,3207
1/28/2012,14770,4945,Tennessee,19715
1/28/2012,29578,9047,Texas,38625
1/28/2012,1246,652,Vermont,1898
1/28/2012,183,332,Virgin Islands,515
1/28/2012,16606,2451,Virginia,19057
1/28/2012,8791,861,Washington,9652
1/28/2012,6806,805,West Virginia,7611
1/28/2012,13516,1938,Wisconsin,15454
1/25/2012,17243,1661,Arizona,18904
1/25/2012,3327,2023,Arkansas,5350
1/25/2012,8085,5030,Colorado,13115
1/25/2012,9035,2883,Connecticut,11918
1/25/2012,3801,450,Delaware,4251
1/25/2012,2540,420,Dist. of Columbia,2960
1/25/2012,66014,15629,Florida,81643
1/25/2012,17189,1775,Georgia,18964
1/25/2012,4437,794,Idaho,5231
1/25/2012,27883,3051,Illinois,30934
1/25/2012,12654,2944,Indiana,15598
1/25/2012,7502,1976,Iowa,9478
1/25/2012,5965,537,Kansas,6502
1/25/2012,12310,1332,Kentucky,13642
1/25/2012,13917,2682,Louisiana,16599
1/25/2012,1975,1487,Maine,3462
1/25/2012,12764,1341,Maryland,14105
1/25/2012,12452,1369,Massachusetts,13821
1/25/2012,18151,1956,Michigan,20107
1/25/2012,13404,867,Minnesota,14271
1/25/2012,16670,1188,Missouri,17858
1/25/2012,1760,634,Montana,2394
1/25/2012,5823,731,Nebraska,6554
1/25/2012,4952,759,New Hampshire,5711
1/25/2012,31667,3295,New Jersey,34962
1/25/2012,5414,1001,New Mexico,6415
1/25/2012,59469,3411,New York,62880
1/25/2012,17670,7244,North Carolina,24914
1/25/2012,884,656,North Dakota,1540
1/25/2012,14218,3163,Ohio,17381
1/25/2012,5389,3276,Oklahoma,8665
1/25/2012,5163,1205,Oregon,6368
1/25/2012,38072,9402,Pennsylvania,47474
1/25/2012,4337,986,Rhode Island,5323
1/25/2012,8130,5575,South Carolina,13705
1/25/2012,2314,415,South Dakota,2729
1/25/2012,12392,4254,Tennessee,16646
1/25/2012,23316,7164,Texas,30480
1/25/2012,1054,593,Vermont,1647
1/25/2012,155,289,Virgin Islands,444
1/25/2012,13611,2191,Virginia,15802
1/25/2012,7440,767,Washington,8207
1/25/2012,5536,666,West Virginia,6202
1/25/2012,11253,1686,Wisconsin,12939
1/21/2012,18360,1850,Arizona,20210
1/21/2012,3605,2312,Arkansas,5917
1/21/2012,8735,5586,Colorado,14321
1/21/2012,8001,2617,Connecticut,10618
1/21/2012,3772,439,Delaware,4211
1/21/2012,2338,399,Dist. of Columbia,2737
1/21/2012,75516,17416,Florida,92932
1/21/2012,18835,2045,Georgia,20880
1/21/2012,4552,760,Idaho,5312
1/21/2012,25784,2791,Illinois,28575
1/21/2012,13624,3183,Indiana,16807
1/21/2012,7634,1994,Iowa,9628
1/21/2012,6556,602,Kansas,7158
1/21/2012,13950,1471,Kentucky,15421
1/21/2012,15658,3188,Louisiana,18846
1/21/2012,1905,1447,Maine,3352
1/21/2012,12435,1460,Maryland,13895
1/21/2012,11393,1242,Massachusetts,12635
1/21/2012,17472,2000,Michigan,19472
1/21/2012,13490,928,Minnesota,14418
1/21/2012,17244,1253,Missouri,18497
1/21/2012,1845,587,Montana,2432
1/21/2012,5762,711,Nebraska,6473
1/21/2012,4911,716,New Hampshire,5627
1/21/2012,26618,2758,New Jersey,29376
1/21/2012,6006,1091,New Mexico,7097
1/21/2012,49382,3101,New York,52483
1/21/2012,19670,7591,North Carolina,27261
1/21/2012,898,758,North Dakota,1656
1/21/2012,13333,3133,Ohio,16466
1/21/2012,5793,3680,Oklahoma,9473
1/21/2012,5138,1193,Oregon,6331
1/21/2012,35455,8748,Pennsylvania,44203
1/21/2012,4014,799,Rhode Island,4813
1/21/2012,9454,6292,South Carolina,15746
1/21/2012,2311,400,South Dakota,2711
1/21/2012,13959,4766,Tennessee,18725
1/21/2012,25193,8043,Texas,33236
1/21/2012,1084,595,Vermont,1679
1/21/2012,183,322,Virgin Islands,505
1/21/2012,14015,2379,Virginia,16394
1/21/2012,5989,663,Washington,6652
1/21/2012,5904,678,West Virginia,6582
1/21/2012,11424,1640,Wisconsin,13064
1/18/2012,13789,1339,Arizona,15128
1/18/2012,2691,1510,Arkansas,4201
1/18/2012,6417,3961,Colorado,10378
1/18/2012,6844,2313,Connecticut,9157
1/18/2012,2794,343,Delaware,3137
1/18/2012,1699,277,Dist. of Columbia,1976
1/18/2012,49098,11419,Florida,60517
1/18/2012,11776,1761,Georgia,13537
1/18/2012,2964,514,Idaho,3478
1/18/2012,21229,2350,Illinois,23579
1/18/2012,11253,2571,Indiana,13824
1/18/2012,5980,1549,Iowa,7529
1/18/2012,4845,415,Kansas,5260
1/18/2012,10151,1113,Kentucky,11264
1/18/2012,10355,2165,Louisiana,12520
1/18/2012,1601,1099,Maine,2700
1/18/2012,9287,1009,Maryland,10296
1/18/2012,9042,990,Massachusetts,10032
1/18/2012,12921,1563,Michigan,14484
1/18/2012,10283,659,Minnesota,10942
1/18/2012,13673,1018,Missouri,14691
1/18/2012,1360,487,Montana,1847
1/18/2012,4399,591,Nebraska,4990
1/18/2012,3821,539,New Hampshire,4360
1/18/2012,21480,2523,New Jersey,24003
1/18/2012,3734,674,New Mexico,4408
1/18/2012,36402,2410,New York,38812
1/18/2012,12479,4929,North Carolina,17408
1/18/2012,688,628,North Dakota,1316
1/18/2012,10925,2581,Ohio,13506
1/18/2012,3978,2485,Oklahoma,6463
1/18/2012,3590,861,Oregon,4451
1/18/2012,26597,6719,Pennsylvania,33316
1/18/2012,3353,711,Rhode Island,4064
1/18/2012,6622,4380,South Carolina,11002
1/18/2012,1806,311,South Dakota,2117
1/18/2012,9543,3144,Tennessee,12687
1/18/2012,17482,5753,Texas,23235
1/18/2012,915,482,Vermont,1397
1/18/2012,123,194,Virgin Islands,317
1/18/2012,10641,1722,Virginia,12363
1/18/2012,4852,497,Washington,5349
1/18/2012,4572,515,West Virginia,5087
1/18/2012,8599,1184,Wisconsin,9783
1/14/2012,18133,1599,Arizona,19732
1/14/2012,3566,2190,Arkansas,5756
1/14/2012,8447,5124,Colorado,13571
1/14/2012,8991,2682,Connecticut,11673
1/14/2012,4023,456,Delaware,4479
1/14/2012,2549,405,Dist. of Columbia,2954
1/14/2012,69155,14965,Florida,84120
1/14/2012,17701,1247,Georgia,18948
1/14/2012,5487,832,Idaho,6319
1/14/2012,20650,2470,Illinois,23120
1/14/2012,14242,2956,Indiana,17198
1/14/2012,7682,1914,Iowa,9596
1/14/2012,7040,575,Kansas,7615
1/14/2012,15379,1436,Kentucky,16815
1/14/2012,14483,2886,Louisiana,17369
1/14/2012,1901,1396,Maine,3297
1/14/2012,13930,1319,Maryland,15249
1/14/2012,10532,1134,Massachusetts,11666
1/14/2012,15812,1913,Michigan,17725
1/14/2012,12736,853,Minnesota,13589
1/14/2012,16823,1148,Missouri,17971
1/14/2012,2005,647,Montana,2652
1/14/2012,5741,760,Nebraska,6501
1/14/2012,5211,625,New Hampshire,5836
1/14/2012,26592,2797,New Jersey,29389
1/14/2012,5269,993,New Mexico,6262
1/14/2012,48107,2841,New York,50948
1/14/2012,18075,6526,North Carolina,24601
1/14/2012,991,696,North Dakota,1687
1/14/2012,13838,2768,Ohio,16606
1/14/2012,5707,3386,Oklahoma,9093
1/14/2012,5395,1212,Oregon,6607
1/14/2012,35781,7963,Pennsylvania,43744
1/14/2012,4691,829,Rhode Island,5520
1/14/2012,9296,5610,South Carolina,14906
1/14/2012,2464,447,South Dakota,2911
1/14/2012,13182,4187,Tennessee,17369
1/14/2012,22234,6571,Texas,28805
1/14/2012,926,529,Vermont,1455
1/14/2012,179,307,Virgin Islands,486
1/14/2012,13806,2187,Virginia,15993
1/14/2012,7952,755,Washington,8707
1/14/2012,6693,670,West Virginia,7363
1/14/2012,11708,1401,Wisconsin,13109
1/11/2012,16378,1645,Arizona,18023
1/11/2012,3558,1993,Arkansas,5551
1/11/2012,7204,4468,Colorado,11672
1/11/2012,8790,2836,Connecticut,11626
1/11/2012,3730,420,Delaware,4150
1/11/2012,2337,454,Dist. of Columbia,2791
1/11/2012,65273,15774,Florida,81047
1/11/2012,15842,1391,Georgia,17233
1/11/2012,5188,795,Idaho,5983
1/11/2012,20582,2670,Illinois,23252
1/11/2012,12229,2820,Indiana,15049
1/11/2012,7598,1925,Iowa,9523
1/11/2012,6299,526,Kansas,6825
1/11/2012,13952,1407,Kentucky,15359
1/11/2012,13179,2911,Louisiana,16090
1/11/2012,1981,1336,Maine,3317
1/11/2012,13014,1278,Maryland,14292
1/11/2012,10627,1255,Massachusetts,11882
1/11/2012,14889,1879,Michigan,16768
1/11/2012,11952,818,Minnesota,12770
1/11/2012,16684,1195,Missouri,17879
1/11/2012,1987,647,Montana,2634
1/11/2012,5608,751,Nebraska,6359
1/11/2012,5058,641,New Hampshire,5699
1/11/2012,27367,3181,New Jersey,30548
1/11/2012,4606,877,New Mexico,5483
1/11/2012,45973,3115,New York,49088
1/11/2012,17421,7089,North Carolina,24510
1/11/2012,984,680,North Dakota,1664
1/11/2012,13080,2974,Ohio,16054
1/11/2012,5543,3278,Oklahoma,8821
1/11/2012,4861,1123,Oregon,5984
1/11/2012,33514,8162,Pennsylvania,41676
1/11/2012,4319,832,Rhode Island,5151
1/11/2012,8749,5611,South Carolina,14360
1/11/2012,2297,470,South Dakota,2767
1/11/2012,12561,4214,Tennessee,16775
1/11/2012,20273,6411,Texas,26684
1/11/2012,962,526,Vermont,1488
1/11/2012,170,265,Virgin Islands,435
1/11/2012,12652,2131,Virginia,14783
1/11/2012,7496,694,Washington,8190
1/11/2012,6661,740,West Virginia,7401
1/11/2012,11510,1499,Wisconsin,13009
1/7/2012,17669,1792,Arizona,19461
1/7/2012,3668,2145,Arkansas,5813
1/7/2012,7597,5030,Colorado,12627
1/7/2012,9007,2944,Connecticut,11951
1/7/2012,3925,464,Delaware,4389
1/7/2012,2587,392,Dist. of Columbia,2979
1/7/2012,67081,16128,Florida,83209
1/7/2012,18145,1526,Georgia,19671
1/7/2012,5532,896,Idaho,6428
1/7/2012,20643,2709,Illinois,23352
1/7/2012,15025,3400,Indiana,18425
1/7/2012,7882,1927,Iowa,9809
1/7/2012,6845,589,Kansas,7434
1/7/2012,15685,1531,Kentucky,17216
1/7/2012,14722,3405,Louisiana,18127
1/7/2012,2064,1494,Maine,3558
1/7/2012,13796,1322,Maryland,15118
1/7/2012,10575,1232,Massachusetts,11807
1/7/2012,15466,1981,Michigan,17447
1/7/2012,12488,879,Minnesota,13367
1/7/2012,17522,1256,Missouri,18778
1/7/2012,1995,674,Montana,2669
1/7/2012,5818,809,Nebraska,6627
1/7/2012,5405,705,New Hampshire,6110
1/7/2012,25821,3091,New Jersey,28912
1/7/2012,4902,969,New Mexico,5871
1/7/2012,47235,3300,New York,50535
1/7/2012,19536,7874,North Carolina,27410
1/7/2012,962,693,North Dakota,1655
1/7/2012,13851,3189,Ohio,17040
1/7/2012,5613,3587,Oklahoma,9200
1/7/2012,4872,1209,Oregon,6081
1/7/2012,33749,8724,Pennsylvania,42473
1/7/2012,5117,929,Rhode Island,6046
1/7/2012,9496,6235,South Carolina,15731
1/7/2012,2432,419,South Dakota,2851
1/7/2012,13918,4697,Tennessee,18615
1/7/2012,22155,6828,Texas,28983
1/7/2012,960,531,Vermont,1491
1/7/2012,149,234,Virgin Islands,383
1/7/2012,13280,2100,Virginia,15380
1/7/2012,7266,781,Washington,8047
1/7/2012,7050,767,West Virginia,7817
1/7/2012,11960,1615,Wisconsin,13575
1/4/2012,14806,1497,Arizona,16303
1/4/2012,2841,1551,Arkansas,4392
1/4/2012,6214,4030,Colorado,10244
1/4/2012,6923,2275,Connecticut,9198
1/4/2012,3125,397,Delaware,3522
1/4/2012,1971,301,Dist. of Columbia,2272
1/4/2012,50567,11922,Florida,62489
1/4/2012,13245,1118,Georgia,14363
1/4/2012,4606,796,Idaho,5402
1/4/2012,15867,2132,Illinois,17999
1/4/2012,10884,2542,Indiana,13426
1/4/2012,6398,1731,Iowa,8129
1/4/2012,5465,542,Kansas,6007
1/4/2012,12074,1159,Kentucky,13233
1/4/2012,11957,2770,Louisiana,14727
1/4/2012,1836,1259,Maine,3095
1/4/2012,10842,1117,Maryland,11959
1/4/2012,8262,1002,Massachusetts,9264
1/4/2012,12309,1639,Michigan,13948
1/4/2012,9728,719,Minnesota,10447
1/4/2012,14024,1056,Missouri,15080
1/4/2012,1771,588,Montana,2359
1/4/2012,4634,676,Nebraska,5310
1/4/2012,4156,507,New Hampshire,4663
1/4/2012,20583,2411,New Jersey,22994
1/4/2012,4075,745,New Mexico,4820
1/4/2012,35616,2542,New York,38158
1/4/2012,14597,5857,North Carolina,20454
1/4/2012,805,651,North Dakota,1456
1/4/2012,10826,2495,Ohio,13321
1/4/2012,4723,2952,Oklahoma,7675
1/4/2012,4206,1033,Oregon,5239
1/4/2012,25651,6542,Pennsylvania,32193
1/4/2012,3557,686,Rhode Island,4243
1/4/2012,7543,4850,South Carolina,12393
1/4/2012,2081,399,South Dakota,2480
1/4/2012,10599,3433,Tennessee,14032
1/4/2012,16669,5383,Texas,22052
1/4/2012,826,417,Vermont,1243
1/4/2012,147,266,Virgin Islands,413
1/4/2012,10068,1712,Virginia,11780
1/4/2012,6214,616,Washington,6830
1/4/2012,5510,584,West Virginia,6094
1/4/2012,9509,1263,Wisconsin,10772
12/31/2011,18200,1664,Arizona,19864
12/31/2011,3481,2029,Arkansas,5510
12/31/2011,7491,4738,Colorado,12229
12/31/2011,9681,2917,Connecticut,12598
12/31/2011,3975,486,Delaware,4461
12/31/2011,2332,347,Dist. of Columbia,2679
12/31/2011,68150,14558,Florida,82708
12/31/2011,18259,1378,Georgia,19637
12/31/2011,5126,734,Idaho,5860
12/31/2011,20385,2424,Illinois,22809
12/31/2011,14293,3040,Indiana,17333
12/31/2011,7725,1957,Iowa,9682
12/31/2011,7071,521,Kansas,7592
12/31/2011,15102,1394,Kentucky,16496
12/31/2011,14623,3026,Louisiana,17649
12/31/2011,2123,1464,Maine,3587
12/31/2011,14525,1302,Maryland,15827
12/31/2011,11030,1210,Massachusetts,12240
12/31/2011,14874,1738,Michigan,16612
12/31/2011,12458,785,Minnesota,13243
12/31/2011,17617,1150,Missouri,18767
12/31/2011,2066,692,Montana,2758
12/31/2011,5667,739,Nebraska,6406
12/31/2011,5500,664,New Hampshire,6164
12/31/2011,25910,2891,New Jersey,28801
12/31/2011,4896,849,New Mexico,5745
12/31/2011,45592,2877,New York,48469
12/31/2011,18549,6980,North Carolina,25529
12/31/2011,932,701,North Dakota,1633
12/31/2011,13705,3018,Ohio,16723
12/31/2011,5333,3275,Oklahoma,8608
12/31/2011,4709,1122,Oregon,5831
12/31/2011,32602,7767,Pennsylvania,40369
12/31/2011,5110,917,Rhode Island,6027
12/31/2011,9426,5729,South Carolina,15155
12/31/2011,2338,414,South Dakota,2752
12/31/2011,13179,4242,Tennessee,17421
12/31/2011,22199,6657,Texas,28856
12/31/2011,1098,559,Vermont,1657
12/31/2011,187,290,Virgin Islands,477
12/31/2011,13902,2195,Virginia,16097
12/31/2011,6530,622,Washington,7152
12/31/2011,6924,753,West Virginia,7677
12/31/2011,12260,1441,Wisconsin,13701
12/28/2011,15525,1463,Arizona,16988
12/28/2011,2947,1672,Arkansas,4619
12/28/2011,5699,3697,Colorado,9396
12/28/2011,6989,2366,Connecticut,9355
12/28/2011,2976,371,Delaware,3347
12/28/2011,1863,309,Dist. of Columbia,2172
12/28/2011,49112,11624,Florida,60736
12/28/2011,14574,1176,Georgia,15750
12/28/2011,4912,846,Idaho,5758
12/28/2011,17352,2292,Illinois,19644
12/28/2011,11023,2655,Indiana,13678
12/28/2011,6079,1561,Iowa,7640
12/28/2011,5693,502,Kansas,6195
12/28/2011,12080,1193,Kentucky,13273
12/28/2011,12070,2741,Louisiana,14811
12/28/2011,1649,1109,Maine,2758
12/28/2011,10080,959,Maryland,11039
12/28/2011,8465,976,Massachusetts,9441
12/28/2011,12993,1586,Michigan,14579
12/28/2011,9807,694,Minnesota,10501
12/28/2011,14304,1078,Missouri,15382
12/28/2011,1958,594,Montana,2552
12/28/2011,5081,667,Nebraska,5748
12/28/2011,4119,568,New Hampshire,4687
12/28/2011,23087,2672,New Jersey,25759
12/28/2011,4388,823,New Mexico,5211
12/28/2011,42200,2666,New York,44866
12/28/2011,14643,5854,North Carolina,20497
12/28/2011,889,615,North Dakota,1504
12/28/2011,11062,2531,Ohio,13593
12/28/2011,4542,2971,Oklahoma,7513
12/28/2011,4223,1064,Oregon,5287
12/28/2011,26400,6899,Pennsylvania,33299
12/28/2011,4022,814,Rhode Island,4836
12/28/2011,7488,4782,South Carolina,12270
12/28/2011,1927,366,South Dakota,2293
12/28/2011,10842,3644,Tennessee,14486
12/28/2011,16717,5210,Texas,21927
12/28/2011,771,420,Vermont,1191
12/28/2011,139,206,Virgin Islands,345
12/28/2011,9977,1658,Virginia,11635
12/28/2011,5270,553,Washington,5823
12/28/2011,5696,608,West Virginia,6304
12/28/2011,10200,1309,Wisconsin,11509
12/24/2011,32008,2630,Arizona,34638
12/24/2011,6442,3475,Arkansas,9917
12/24/2011,15173,7720,Colorado,22893
12/24/2011,16612,4127,Connecticut,20739
12/24/2011,8072,796,Delaware,8868
12/24/2011,3626,547,Dist. of Columbia,4173
12/24/2011,132243,26732,Florida,158975
12/24/2011,36600,2259,Georgia,38859
12/24/2011,8719,1250,Idaho,9969
12/24/2011,43545,4364,Illinois,47909
12/24/2011,23471,4453,Indiana,27924
12/24/2011,13546,3152,Iowa,16698
12/24/2011,11417,881,Kansas,12298
12/24/2011,25790,2089,Kentucky,27879
12/24/2011,23023,4273,Louisiana,27296
12/24/2011,4119,2417,Maine,6536
12/24/2011,25894,2067,Maryland,27961
12/24/2011,22100,2090,Massachusetts,24190
12/24/2011,32076,3073,Michigan,35149
12/24/2011,24666,1271,Minnesota,25937
12/24/2011,28822,1768,Missouri,30590
12/24/2011,3217,875,Montana,4092
12/24/2011,9919,1112,Nebraska,11031
12/24/2011,10370,943,New Hampshire,11313
12/24/2011,57205,4802,New Jersey,62007
12/24/2011,8478,1339,New Mexico,9817
12/24/2011,103843,5094,New York,108937
12/24/2011,32419,11214,North Carolina,43633
12/24/2011,1522,1013,North Dakota,2535
12/24/2011,25665,4727,Ohio,30392
12/24/2011,9740,5254,Oklahoma,14994
12/24/2011,10712,2006,Oregon,12718
12/24/2011,69324,13609,Pennsylvania,82933
12/24/2011,9441,1492,Rhode Island,10933
12/24/2011,17402,9682,South Carolina,27084
12/24/2011,4261,667,South Dakota,4928
12/24/2011,22422,6244,Tennessee,28666
12/24/2011,36506,9556,Texas,46062
12/24/2011,1880,830,Vermont,2710
12/24/2011,247,295,Virgin Islands,542
12/24/2011,25036,3507,Virginia,28543
12/24/2011,12707,1077,Washington,13784
12/24/2011,11948,1129,West Virginia,13077
12/24/2011,19382,2019,Wisconsin,21401
12/21/2011,24126,2023,Arizona,26149
12/21/2011,5107,2714,Arkansas,7821
12/21/2011,11556,6405,Colorado,17961
12/21/2011,12469,3479,Connecticut,15948
12/21/2011,5815,606,Delaware,6421
12/21/2011,3164,463,Dist. of Columbia,3627
12/21/2011,102198,22206,Florida,124404
12/21/2011,25607,1813,Georgia,27420
12/21/2011,7092,1072,Idaho,8164
12/21/2011,33015,3511,Illinois,36526
12/21/2011,17244,3439,Indiana,20683
12/21/2011,10980,2501,Iowa,13481
12/21/2011,8222,677,Kansas,8899
12/21/2011,20054,1815,Kentucky,21869
12/21/2011,18285,3529,Louisiana,21814
12/21/2011,2640,1570,Maine,4210
12/21/2011,19171,1661,Maryland,20832
12/21/2011,15223,1612,Massachusetts,16835
12/21/2011,24114,2482,Michigan,26596
12/21/2011,18701,1056,Minnesota,19757
12/21/2011,21606,1456,Missouri,23062
12/21/2011,2354,721,Montana,3075
12/21/2011,7664,905,Nebraska,8569
12/21/2011,6617,839,New Hampshire,7456
12/21/2011,43000,4015,New Jersey,47015
12/21/2011,6979,1157,New Mexico,8136
12/21/2011,77977,4097,New York,82074
12/21/2011,25085,9312,North Carolina,34397
12/21/2011,1227,865,North Dakota,2092
12/21/2011,20619,3809,Ohio,24428
12/21/2011,7823,4575,Oklahoma,12398
12/21/2011,7550,1530,Oregon,9080
12/21/2011,52956,11548,Pennsylvania,64504
12/21/2011,5859,1143,Rhode Island,7002
12/21/2011,12359,7366,South Carolina,19725
12/21/2011,3549,598,South Dakota,4147
12/21/2011,17844,5280,Tennessee,23124
12/21/2011,27690,7568,Texas,35258
12/21/2011,1241,611,Vermont,1852
12/21/2011,190,281,Virgin Islands,471
12/21/2011,19272,2761,Virginia,22033
12/21/2011,9950,825,Washington,10775
12/21/2011,9032,936,West Virginia,9968
12/21/2011,14589,1807,Wisconsin,16396
12/17/2011,20825,1977,Arizona,22802
12/17/2011,4113,2169,Arkansas,6282
12/17/2011,9172,5511,Colorado,14683
12/17/2011,10895,3279,Connecticut,14174
12/17/2011,4736,556,Delaware,5292
12/17/2011,2649,401,Dist. of Columbia,3050
12/17/2011,81037,17879,Florida,98916
12/17/2011,22223,1632,Georgia,23855
12/17/2011,5897,900,Idaho,6797
12/17/2011,26158,3158,Illinois,29316
12/17/2011,16661,3396,Indiana,20057
12/17/2011,9489,2308,Iowa,11797
12/17/2011,8063,656,Kansas,8719
12/17/2011,18006,1664,Kentucky,19670
12/17/2011,17542,3601,Louisiana,21143
12/17/2011,2523,1702,Maine,4225
12/17/2011,15477,1503,Maryland,16980
12/17/2011,13448,1556,Massachusetts,15004
12/17/2011,19952,2256,Michigan,22208
12/17/2011,16189,1010,Minnesota,17199
12/17/2011,19477,1369,Missouri,20846
12/17/2011,2262,707,Montana,2969
12/17/2011,6551,831,Nebraska,7382
12/17/2011,6221,787,New Hampshire,7008
12/17/2011,32129,3513,New Jersey,35642
12/17/2011,5999,1189,New Mexico,7188
12/17/2011,57053,3448,New York,60501
12/17/2011,20779,7852,North Carolina,28631
12/17/2011,1090,744,North Dakota,1834
12/17/2011,16854,3453,Ohio,20307
12/17/2011,6572,3885,Oklahoma,10457
12/17/2011,6211,1320,Oregon,7531
12/17/2011,42831,10213,Pennsylvania,53044
12/17/2011,5957,1049,Rhode Island,7006
12/17/2011,10878,6569,South Carolina,17447
12/17/2011,3027,510,South Dakota,3537
12/17/2011,14671,4608,Tennessee,19279
12/17/2011,25785,7583,Texas,33368
12/17/2011,1125,568,Vermont,1693
12/17/2011,163,245,Virgin Islands,408
12/17/2011,15956,2353,Virginia,18309
12/17/2011,8183,794,Washington,8977
12/17/2011,7712,804,West Virginia,8516
12/17/2011,13272,1644,Wisconsin,14916
12/14/2011,17614,1806,Arizona,19420
12/14/2011,3938,2196,Arkansas,6134
12/14/2011,8076,4757,Colorado,12833
12/14/2011,9403,2976,Connecticut,12379
12/14/2011,4052,503,Delaware,4555
12/14/2011,2548,445,Dist. of Columbia,2993
12/14/2011,72221,17395,Florida,89616
12/14/2011,18154,1484,Georgia,19638
12/14/2011,5342,849,Idaho,6191
12/14/2011,21768,2723,Illinois,24491
12/14/2011,13895,3275,Indiana,17170
12/14/2011,8299,2193,Iowa,10492
12/14/2011,6972,591,Kansas,7563
12/14/2011,15389,1602,Kentucky,16991
12/14/2011,15790,3478,Louisiana,19268
12/14/2011,2125,1445,Maine,3570
12/14/2011,13705,1424,Maryland,15129
12/14/2011,12092,1519,Massachusetts,13611
12/14/2011,17261,2137,Michigan,19398
12/14/2011,14142,902,Minnesota,15044
12/14/2011,17223,1267,Missouri,18490
12/14/2011,2153,683,Montana,2836
12/14/2011,5994,788,Nebraska,6782
12/14/2011,5193,679,New Hampshire,5872
12/14/2011,27872,3124,New Jersey,30996
12/14/2011,5257,990,New Mexico,6247
12/14/2011,48037,3330,New York,51367
12/14/2011,19690,7815,North Carolina,27505
12/14/2011,1028,667,North Dakota,1695
12/14/2011,13778,3202,Ohio,16980
12/14/2011,6184,3600,Oklahoma,9784
12/14/2011,5569,1277,Oregon,6846
12/14/2011,36189,8795,Pennsylvania,44984
12/14/2011,5034,1028,Rhode Island,6062
12/14/2011,9626,6153,South Carolina,15779
12/14/2011,2542,509,South Dakota,3051
12/14/2011,13811,4355,Tennessee,18166
12/14/2011,20855,6324,Texas,27179
12/14/2011,1018,482,Vermont,1500
12/14/2011,167,290,Virgin Islands,457
12/14/2011,14017,2293,Virginia,16310
12/14/2011,7456,763,Washington,8219
12/14/2011,7039,823,West Virginia,7862
12/14/2011,11427,1443,Wisconsin,12870
12/10/2011,19743,1999,Arizona,21742
12/10/2011,3919,2184,Arkansas,6103
12/10/2011,8229,5169,Colorado,13398
12/10/2011,9671,3033,Connecticut,12704
12/10/2011,4207,544,Delaware,4751
12/10/2011,2787,445,Dist. of Columbia,3232
12/10/2011,75020,17863,Florida,92883
12/10/2011,20310,1647,Georgia,21957
12/10/2011,5683,941,Idaho,6624
12/10/2011,21771,2746,Illinois,24517
12/10/2011,16256,3685,Indiana,19941
12/10/2011,8541,2190,Iowa,10731
12/10/2011,7600,617,Kansas,8217
12/10/2011,16738,1693,Kentucky,18431
12/10/2011,17398,3792,Louisiana,21190
12/10/2011,2264,1522,Maine,3786
12/10/2011,14282,1423,Maryland,15705
12/10/2011,12072,1469,Massachusetts,13541
12/10/2011,17563,2146,Michigan,19709
12/10/2011,14520,1048,Minnesota,15568
12/10/2011,18916,1371,Missouri,20287
12/10/2011,2295,754,Montana,3049
12/10/2011,6133,837,Nebraska,6970
12/10/2011,5912,767,New Hampshire,6679
12/10/2011,27183,3199,New Jersey,30382
12/10/2011,5463,1057,New Mexico,6520
12/10/2011,48452,3346,New York,51798
12/10/2011,21023,8539,North Carolina,29562
12/10/2011,1025,753,North Dakota,1778
12/10/2011,14033,3126,Ohio,17159
12/10/2011,6311,3797,Oklahoma,10108
12/10/2011,5472,1373,Oregon,6845
12/10/2011,37609,9438,Pennsylvania,47047
12/10/2011,5542,1157,Rhode Island,6699
12/10/2011,10547,6773,South Carolina,17320
12/10/2011,2639,497,South Dakota,3136
12/10/2011,14516,4712,Tennessee,19228
12/10/2011,22096,6866,Texas,28962
12/10/2011,1047,556,Vermont,1603
12/10/2011,176,281,Virgin Islands,457
12/10/2011,14414,2491,Virginia,16905
12/10/2011,7458,761,Washington,8219
12/10/2011,7493,788,West Virginia,8281
12/10/2011,12572,1746,Wisconsin,14318
12/7/2011,15428,1508,Arizona,16936
12/7/2011,2988,1684,Arkansas,4672
12/7/2011,6683,4142,Colorado,10825
12/7/2011,8022,2450,Connecticut,10472
12/7/2011,3382,416,Delaware,3798
12/7/2011,2040,307,Dist. of Columbia,2347
12/7/2011,53408,12763,Florida,66171
12/7/2011,14418,1160,Georgia,15578
12/7/2011,4821,775,Idaho,5596
12/7/2011,17935,2202,Illinois,20137
12/7/2011,12596,3002,Indiana,15598
12/7/2011,7057,1876,Iowa,8933
12/7/2011,5900,596,Kansas,6496
12/7/2011,13605,1248,Kentucky,14853
12/7/2011,14206,3298,Louisiana,17504
12/7/2011,1794,1190,Maine,2984
12/7/2011,11046,1001,Maryland,12047
12/7/2011,9248,1031,Massachusetts,10279
12/7/2011,14059,1752,Michigan,15811
12/7/2011,12580,848,Minnesota,13428
12/7/2011,15648,1087,Missouri,16735
12/7/2011,1896,684,Montana,2580
12/7/2011,5282,739,Nebraska,6021
12/7/2011,4331,581,New Hampshire,4912
12/7/2011,21882,2555,New Jersey,24437
12/7/2011,4236,794,New Mexico,5030
12/7/2011,37381,2438,New York,39819
12/7/2011,15250,6004,North Carolina,21254
12/7/2011,926,684,North Dakota,1610
12/7/2011,11838,2736,Ohio,14574
12/7/2011,5152,3441,Oklahoma,8593
12/7/2011,4751,1175,Oregon,5926
12/7/2011,29124,7141,Pennsylvania,36265
12/7/2011,4132,857,Rhode Island,4989
12/7/2011,7687,4766,South Carolina,12453
12/7/2011,2276,415,South Dakota,2691
12/7/2011,10897,3487,Tennessee,14384
12/7/2011,17081,5167,Texas,22248
12/7/2011,880,455,Vermont,1335
12/7/2011,118,234,Virgin Islands,352
12/7/2011,10829,1790,Virginia,12619
12/7/2011,6427,669,Washington,7096
12/7/2011,6015,609,West Virginia,6624
12/7/2011,10766,1490,Wisconsin,12256
12/3/2011,17972,1895,Arizona,19867
12/3/2011,3866,2233,Arkansas,6099
12/3/2011,6838,4896,Colorado,11734
12/3/2011,9274,3108,Connecticut,12382
12/3/2011,3898,511,Delaware,4409
12/3/2011,2572,447,Dist. of Columbia,3019
12/3/2011,69913,16984,Florida,86897
12/3/2011,17891,1565,Georgia,19456
12/3/2011,5669,1000,Idaho,6669
12/3/2011,20451,2804,Illinois,23255
12/3/2011,15381,3583,Indiana,18964
12/3/2011,7961,2290,Iowa,10251
12/3/2011,7077,580,Kansas,7657
12/3/2011,15979,1750,Kentucky,17729
12/3/2011,17137,4160,Louisiana,21297
12/3/2011,2309,1578,Maine,3887
12/3/2011,13285,1369,Maryland,14654
12/3/2011,11362,1501,Massachusetts,12863
12/3/2011,15982,2269,Michigan,18251
12/3/2011,13049,1034,Minnesota,14083
12/3/2011,18033,1396,Missouri,19429
12/3/2011,2168,766,Montana,2934
12/3/2011,5815,795,Nebraska,6610
12/3/2011,5673,749,New Hampshire,6422
12/3/2011,23915,3165,New Jersey,27080
12/3/2011,5128,1135,New Mexico,6263
12/3/2011,43036,3403,New York,46439
12/3/2011,19990,8473,North Carolina,28463
12/3/2011,964,743,North Dakota,1707
12/3/2011,12957,3329,Ohio,16286
12/3/2011,6129,3932,Oklahoma,10061
12/3/2011,4878,1289,Oregon,6167
12/3/2011,34118,9043,Pennsylvania,43161
12/3/2011,5300,1105,Rhode Island,6405
12/3/2011,9684,6607,South Carolina,16291
12/3/2011,2380,458,South Dakota,2838
12/3/2011,14069,4911,Tennessee,18980
12/3/2011,20706,6852,Texas,27558
12/3/2011,991,540,Vermont,1531
12/3/2011,195,312,Virgin Islands,507
12/3/2011,12829,2477,Virginia,15306
12/3/2011,6506,727,Washington,7233
12/3/2011,7099,866,West Virginia,7965
12/3/2011,12169,1762,Wisconsin,13931
11/30/2011,17065,1466,Arizona,18531
11/30/2011,3039,1694,Arkansas,4733
11/30/2011,6241,3977,Colorado,10218
11/30/2011,7610,2391,Connecticut,10001
11/30/2011,3086,389,Delaware,3475
11/30/2011,2194,385,Dist. of Columbia,2579
11/30/2011,51377,12887,Florida,64264
11/30/2011,14296,1275,Georgia,15571
11/30/2011,4857,778,Idaho,5635
11/30/2011,16132,2269,Illinois,18401
11/30/2011,11471,2576,Indiana,14047
11/30/2011,6688,1776,Iowa,8464
11/30/2011,5931,489,Kansas,6420
11/30/2011,12878,1233,Kentucky,14111
11/30/2011,14128,3060,Louisiana,17188
11/30/2011,1833,1293,Maine,3126
11/30/2011,10663,1101,Maryland,11764
11/30/2011,9786,1261,Massachusetts,11047
11/30/2011,12749,1684,Michigan,14433
11/30/2011,11471,822,Minnesota,12293
11/30/2011,14885,1178,Missouri,16063
11/30/2011,1966,655,Montana,2621
11/30/2011,5273,723,Nebraska,5996
11/30/2011,4385,584,New Hampshire,4969
11/30/2011,22117,2901,New Jersey,25018
11/30/2011,4274,858,New Mexico,5132
11/30/2011,41024,2926,New York,43950
11/30/2011,14789,5932,North Carolina,20721
11/30/2011,878,685,North Dakota,1563
11/30/2011,10742,2571,Ohio,13313
11/30/2011,4402,2861,Oklahoma,7263
11/30/2011,4362,1048,Oregon,5410
11/30/2011,27212,7276,Pennsylvania,34488
11/30/2011,4212,812,Rhode Island,5024
11/30/2011,7343,4642,South Carolina,11985
11/30/2011,2127,397,South Dakota,2524
11/30/2011,10321,3372,Tennessee,13693
11/30/2011,17163,5596,Texas,22759
11/30/2011,865,502,Vermont,1367
11/30/2011,146,234,Virgin Islands,380
11/30/2011,10419,1858,Virginia,12277
11/30/2011,5710,611,Washington,6321
11/30/2011,5746,626,West Virginia,6372
11/30/2011,10328,1444,Wisconsin,11772
11/26/2011,14837,1489,Arizona,16326
11/26/2011,2879,1712,Arkansas,4591
11/26/2011,5704,4037,Colorado,9741
11/26/2011,7453,2598,Connecticut,10051
11/26/2011,3095,421,Delaware,3516
11/26/2011,1624,304,Dist. of Columbia,1928
11/26/2011,52210,12497,Florida,64707
11/26/2011,13794,1204,Georgia,14998
11/26/2011,4488,762,Idaho,5250
11/26/2011,13347,1955,Illinois,15302
11/26/2011,12972,2987,Indiana,15959
11/26/2011,6575,1860,Iowa,8435
11/26/2011,5423,440,Kansas,5863
11/26/2011,12838,1268,Kentucky,14106
11/26/2011,13816,3115,Louisiana,16931
11/26/2011,1884,1394,Maine,3278
11/26/2011,10614,983,Maryland,11597
11/26/2011,8967,1198,Massachusetts,10165
11/26/2011,12287,1637,Michigan,13924
11/26/2011,10156,731,Minnesota,10887
11/26/2011,13364,1045,Missouri,14409
11/26/2011,1642,575,Montana,2217
11/26/2011,4722,742,Nebraska,5464
11/26/2011,4691,610,New Hampshire,5301
11/26/2011,17670,2512,New Jersey,20182
11/26/2011,3709,748,New Mexico,4457
11/26/2011,33942,2614,New York,36556
11/26/2011,15137,6253,North Carolina,21390
11/26/2011,748,595,North Dakota,1343
11/26/2011,10573,2587,Ohio,13160
11/26/2011,4281,2781,Oklahoma,7062
11/26/2011,3923,994,Oregon,4917
11/26/2011,25632,7017,Pennsylvania,32649
11/26/2011,4339,930,Rhode Island,5269
11/26/2011,7756,5132,South Carolina,12888
11/26/2011,1862,415,South Dakota,2277
11/26/2011,10991,3647,Tennessee,14638
11/26/2011,15959,5481,Texas,21440
11/26/2011,903,497,Vermont,1400
11/26/2011,146,216,Virgin Islands,362
11/26/2011,9944,1857,Virginia,11801
11/26/2011,4543,540,Washington,5083
11/26/2011,5765,645,West Virginia,6410
11/26/2011,9760,1304,Wisconsin,11064
11/23/2011,16468,1623,Arizona,18091
11/23/2011,3213,1992,Arkansas,5205
11/23/2011,6193,4211,Colorado,10404
11/23/2011,8568,2877,Connecticut,11445
11/23/2011,3516,450,Delaware,3966
11/23/2011,2130,375,Dist. of Columbia,2505
11/23/2011,58171,14490,Florida,72661
11/23/2011,14691,1425,Georgia,16116
11/23/2011,4879,815,Idaho,5694
11/23/2011,16053,2465,Illinois,18518
11/23/2011,11834,2864,Indiana,14698
11/23/2011,7176,1856,Iowa,9032
11/23/2011,5985,544,Kansas,6529
11/23/2011,12953,1293,Kentucky,14246
11/23/2011,13807,3112,Louisiana,16919
11/23/2011,1853,1329,Maine,3182
11/23/2011,11895,1244,Maryland,13139
11/23/2011,10453,1313,Massachusetts,11766
11/23/2011,13167,1795,Michigan,14962
11/23/2011,11043,737,Minnesota,11780
11/23/2011,15432,1233,Missouri,16665
11/23/2011,1963,655,Montana,2618
11/23/2011,5279,674,Nebraska,5953
11/23/2011,5011,668,New Hampshire,5679
11/23/2011,22139,2973,New Jersey,25112
11/23/2011,4109,771,New Mexico,4880
11/23/2011,41074,3100,New York,44174
11/23/2011,16525,6797,North Carolina,23322
11/23/2011,901,646,North Dakota,1547
11/23/2011,12140,3013,Ohio,15153
11/23/2011,4901,3001,Oklahoma,7902
11/23/2011,4108,1070,Oregon,5178
11/23/2011,28086,7522,Pennsylvania,35608
11/23/2011,4728,939,Rhode Island,5667
11/23/2011,8270,5368,South Carolina,13638
11/23/2011,2120,400,South Dakota,2520
11/23/2011,12093,3764,Tennessee,15857
11/23/2011,17166,5711,Texas,22877
11/23/2011,814,459,Vermont,1273
11/23/2011,154,254,Virgin Islands,408
11/23/2011,11716,2135,Virginia,13851
11/23/2011,5793,583,Washington,6376
11/23/2011,6373,694,West Virginia,7067
11/23/2011,10361,1432,Wisconsin,11793
11/19/2011,21743,2329,Arizona,24072
11/19/2011,4891,2843,Arkansas,7734
11/19/2011,9120,6161,Colorado,15281
11/19/2011,11693,3749,Connecticut,15442
11/19/2011,4708,594,Delaware,5302
11/19/2011,3028,562,Dist. of Columbia,3590
11/19/2011,88746,21685,Florida,110431
11/19/2011,21640,1890,Georgia,23530
11/19/2011,6324,1149,Idaho,7473
11/19/2011,23854,3300,Illinois,27154
11/19/2011,18164,4190,Indiana,22354
11/19/2011,9778,2522,Iowa,12300
11/19/2011,8075,728,Kansas,8803
11/19/2011,18463,1886,Kentucky,20349
11/19/2011,21093,4683,Louisiana,25776
11/19/2011,2548,1746,Maine,4294
11/19/2011,16574,1570,Maryland,18144
11/19/2011,13801,1633,Massachusetts,15434
11/19/2011,19568,2510,Michigan,22078
11/19/2011,15093,1140,Minnesota,16233
11/19/2011,20004,1662,Missouri,21666
11/19/2011,2323,837,Montana,3160
11/19/2011,6848,983,Nebraska,7831
11/19/2011,6509,865,New Hampshire,7374
11/19/2011,30067,3628,New Jersey,33695
11/19/2011,6125,1193,New Mexico,7318
11/19/2011,59418,4149,New York,63567
11/19/2011,24597,10089,North Carolina,34686
11/19/2011,1084,977,North Dakota,2061
11/19/2011,16929,3713,Ohio,20642
11/19/2011,7219,4816,Oklahoma,12035
11/19/2011,5934,1503,Oregon,7437
11/19/2011,42068,10720,Pennsylvania,52788
11/19/2011,5972,1236,Rhode Island,7208
11/19/2011,11964,7831,South Carolina,19795
11/19/2011,2706,554,South Dakota,3260
11/19/2011,17140,5848,Tennessee,22988
11/19/2011,26159,7793,Texas,33952
11/19/2011,1155,670,Vermont,1825
11/19/2011,223,394,Virgin Islands,617
11/19/2011,16392,2793,Virginia,19185
11/19/2011,7852,925,Washington,8777
11/19/2011,8594,983,West Virginia,9577
11/19/2011,13491,1881,Wisconsin,15372
11/16/2011,17251,1746,Arizona,18997
11/16/2011,3655,2088,Arkansas,5743
11/16/2011,7179,4631,Colorado,11810
11/16/2011,8672,2964,Connecticut,11636
11/16/2011,3714,426,Delaware,4140
11/16/2011,2392,372,Dist. of Columbia,2764
11/16/2011,59036,14410,Florida,73446
11/16/2011,16023,1356,Georgia,17379
11/16/2011,5019,771,Idaho,5790
11/16/2011,18765,2563,Illinois,21328
11/16/2011,13504,3113,Indiana,16617
11/16/2011,7732,1996,Iowa,9728
11/16/2011,6220,543,Kansas,6763
11/16/2011,14277,1434,Kentucky,15711
11/16/2011,16542,3970,Louisiana,20512
11/16/2011,1974,1484,Maine,3458
11/16/2011,12486,1269,Maryland,13755
11/16/2011,10726,1287,Massachusetts,12013
11/16/2011,15813,2134,Michigan,17947
11/16/2011,12734,927,Minnesota,13661
11/16/2011,16612,1295,Missouri,17907
11/16/2011,1983,629,Montana,2612
11/16/2011,5574,1114,Nebraska,6688
11/16/2011,4995,699,New Hampshire,5694
11/16/2011,24622,3394,New Jersey,28016
11/16/2011,4672,897,New Mexico,5569
11/16/2011,46635,3457,New York,50092
11/16/2011,16971,7181,North Carolina,24152
11/16/2011,913,854,North Dakota,1767
11/16/2011,14146,3038,Ohio,17184
11/16/2011,5237,3367,Oklahoma,8604
11/16/2011,5028,1270,Oregon,6298
11/16/2011,31727,8408,Pennsylvania,40135
11/16/2011,4626,1072,Rhode Island,5698
11/16/2011,8431,5611,South Carolina,14042
11/16/2011,2280,413,South Dakota,2693
11/16/2011,12038,3964,Tennessee,16002
11/16/2011,20350,6822,Texas,27172
11/16/2011,982,549,Vermont,1531
11/16/2011,151,245,Virgin Islands,396
11/16/2011,12559,2356,Virginia,14915
11/16/2011,6778,704,Washington,7482
11/16/2011,6554,804,West Virginia,7358
11/16/2011,11301,1583,Wisconsin,12884
11/12/2011,21084,2014,Arizona,23098
11/12/2011,4165,2450,Arkansas,6615
11/12/2011,8387,5617,Colorado,14004
11/12/2011,9381,3017,Connecticut,12398
11/12/2011,4145,515,Delaware,4660
11/12/2011,2518,432,Dist. of Columbia,2950
11/12/2011,70317,16793,Florida,87110
11/12/2011,19008,1507,Georgia,20515
11/12/2011,6275,1020,Idaho,7295
11/12/2011,21234,2926,Illinois,24160
11/12/2011,16413,3638,Indiana,20051
11/12/2011,8721,2402,Iowa,11123
11/12/2011,7812,611,Kansas,8423
11/12/2011,16905,1646,Kentucky,18551
11/12/2011,19010,4391,Louisiana,23401
11/12/2011,2191,1566,Maine,3757
11/12/2011,14347,1324,Maryland,15671
11/12/2011,11666,1457,Massachusetts,13123
11/12/2011,17055,2293,Michigan,19348
11/12/2011,14419,1019,Minnesota,15438
11/12/2011,19172,1354,Missouri,20526
11/12/2011,2489,827,Montana,3316
11/12/2011,6445,920,Nebraska,7365
11/12/2011,5861,804,New Hampshire,6665
11/12/2011,25499,3143,New Jersey,28642
11/12/2011,5703,1162,New Mexico,6865
11/12/2011,50145,3556,New York,53701
11/12/2011,21167,8649,North Carolina,29816
11/12/2011,1068,1003,North Dakota,2071
11/12/2011,14793,3327,Ohio,18120
11/12/2011,6269,4152,Oklahoma,10421
11/12/2011,5673,1365,Oregon,7038
11/12/2011,34998,9236,Pennsylvania,44234
11/12/2011,5315,1038,Rhode Island,6353
11/12/2011,10192,6501,South Carolina,16693
11/12/2011,2541,518,South Dakota,3059
11/12/2011,15044,4972,Tennessee,20016
11/12/2011,23369,7012,Texas,30381
11/12/2011,1067,571,Vermont,1638
11/12/2011,196,318,Virgin Islands,514
11/12/2011,14013,2447,Virginia,16460
11/12/2011,7389,811,Washington,8200
11/12/2011,7356,844,West Virginia,8200
11/12/2011,13365,1673,Wisconsin,15038
11/9/2011,16481,1666,Arizona,18147
11/9/2011,3608,2124,Arkansas,5732
11/9/2011,6415,4253,Colorado,10668
11/9/2011,8044,2616,Connecticut,10660
11/9/2011,3325,431,Delaware,3756
11/9/2011,2415,405,Dist. of Columbia,2820
11/9/2011,58785,14760,Florida,73545
11/9/2011,15187,1241,Georgia,16428
11/9/2011,5387,906,Idaho,6293
11/9/2011,17059,2392,Illinois,19451
11/9/2011,12897,3106,Indiana,16003
11/9/2011,7082,1791,Iowa,8873
11/9/2011,5974,494,Kansas,6468
11/9/2011,13698,1482,Kentucky,15180
11/9/2011,16392,3781,Louisiana,20173
11/9/2011,1803,1291,Maine,3094
11/9/2011,12323,1218,Maryland,13541
11/9/2011,9815,1157,Massachusetts,10972
11/9/2011,14800,1988,Michigan,16788
11/9/2011,11491,813,Minnesota,12304
11/9/2011,15615,1210,Missouri,16825
11/9/2011,2014,681,Montana,2695
11/9/2011,5403,763,Nebraska,6166
11/9/2011,4645,584,New Hampshire,5229
11/9/2011,23057,2814,New Jersey,25871
11/9/2011,4347,938,New Mexico,5285
11/9/2011,44379,3041,New York,47420
11/9/2011,18430,7574,North Carolina,26004
11/9/2011,889,826,North Dakota,1715
11/9/2011,12815,2829,Ohio,15644
11/9/2011,5190,3329,Oklahoma,8519
11/9/2011,4732,1190,Oregon,5922
11/9/2011,29286,7939,Pennsylvania,37225
11/9/2011,4473,885,Rhode Island,5358
11/9/2011,8600,5511,South Carolina,14111
11/9/2011,2202,417,South Dakota,2619
11/9/2011,12498,4354,Tennessee,16852
11/9/2011,18813,5832,Texas,24645
11/9/2011,942,493,Vermont,1435
11/9/2011,148,269,Virgin Islands,417
11/9/2011,12138,2175,Virginia,14313
11/9/2011,5965,657,Washington,6622
11/9/2011,6541,654,West Virginia,7195
11/9/2011,10230,1419,Wisconsin,11649
11/5/2011,18236,1705,Arizona,19941
11/5/2011,3741,2226,Arkansas,5967
11/5/2011,6525,4498,Colorado,11023
11/5/2011,7830,2598,Connecticut,10428
11/5/2011,3864,443,Delaware,4307
11/5/2011,2336,379,Dist. of Columbia,2715
11/5/2011,62385,14835,Florida,77220
11/5/2011,16299,1289,Georgia,17588
11/5/2011,5483,861,Idaho,6344
11/5/2011,19130,2519,Illinois,21649
11/5/2011,15157,3347,Indiana,18504
11/5/2011,7809,2012,Iowa,9821
11/5/2011,6587,538,Kansas,7125
11/5/2011,15278,1492,Kentucky,16770
11/5/2011,17080,3631,Louisiana,20711
11/5/2011,2074,1585,Maine,3659
11/5/2011,13620,1244,Maryland,14864
11/5/2011,10638,1306,Massachusetts,11944
11/5/2011,15793,1864,Michigan,17657
11/5/2011,12316,832,Minnesota,13148
11/5/2011,16853,1253,Missouri,18106
11/5/2011,2007,671,Montana,2678
11/5/2011,5589,778,Nebraska,6367
11/5/2011,5430,646,New Hampshire,6076
11/5/2011,22634,2786,New Jersey,25420
11/5/2011,4582,809,New Mexico,5391
11/5/2011,45408,3066,New York,48474
11/5/2011,19098,7596,North Carolina,26694
11/5/2011,988,851,North Dakota,1839
11/5/2011,15348,3369,Ohio,18717
11/5/2011,5407,3455,Oklahoma,8862
11/5/2011,4861,1233,Oregon,6094
11/5/2011,32283,8173,Pennsylvania,40456
11/5/2011,4802,921,Rhode Island,5723
11/5/2011,9659,6121,South Carolina,15780
11/5/2011,2369,464,South Dakota,2833
11/5/2011,13858,4457,Tennessee,18315
11/5/2011,20575,6501,Texas,27076
11/5/2011,1047,564,Vermont,1611
11/5/2011,161,253,Virgin Islands,414
11/5/2011,12864,2235,Virginia,15099
11/5/2011,5807,605,Washington,6412
11/5/2011,7242,707,West Virginia,7949
11/5/2011,12295,1623,Wisconsin,13918
11/2/2011,57080,3567,Arizona,60647
11/2/2011,11198,5265,Arkansas,16463
11/2/2011,23989,10699,Colorado,34688
11/2/2011,23401,5289,Connecticut,28690
11/2/2011,14735,1155,Delaware,15890
11/2/2011,8495,849,Dist. of Columbia,9344
11/2/2011,219178,36688,Florida,255866
11/2/2011,63069,3557,Georgia,66626
11/2/2011,13225,1664,Idaho,14889
11/2/2011,92356,6870,Illinois,99226
11/2/2011,41820,6342,Indiana,48162
11/2/2011,25538,4891,Iowa,30429
11/2/2011,16139,966,Kansas,17105
11/2/2011,40833,2931,Kentucky,43764
11/2/2011,50084,6751,Louisiana,56835
11/2/2011,4524,2494,Maine,7018
11/2/2011,51868,2824,Maryland,54692
11/2/2011,52700,3141,Massachusetts,55841
11/2/2011,61095,4650,Michigan,65745
11/2/2011,46073,2045,Minnesota,48118
11/2/2011,49052,2199,Missouri,51251
11/2/2011,4412,1204,Montana,5616
11/2/2011,15461,1488,Nebraska,16949
11/2/2011,14578,1338,New Hampshire,15916
11/2/2011,133497,8186,New Jersey,141683
11/2/2011,17015,2293,New Mexico,19308
11/2/2011,263117,8794,New York,271911
11/2/2011,49484,15037,North Carolina,64521
11/2/2011,3368,1926,North Dakota,5294
11/2/2011,60418,7902,Ohio,68320
11/2/2011,16755,7715,Oklahoma,24470
11/2/2011,20282,3022,Oregon,23304
11/2/2011,158837,25848,Pennsylvania,184685
11/2/2011,15370,2156,Rhode Island,17526
11/2/2011,24442,12083,South Carolina,36525
11/2/2011,8728,1151,South Dakota,9879
11/2/2011,35282,8396,Tennessee,43678
11/2/2011,84322,17485,Texas,101807
11/2/2011,2483,1016,Vermont,3499
11/2/2011,285,360,Virgin Islands,645
11/2/2011,53448,6109,Virginia,59557
11/2/2011,20678,1562,Washington,22240
11/2/2011,18280,1503,West Virginia,19783
11/2/2011,35823,3199,Wisconsin,39022
10/29/2011,41309,2728,Arizona,44037
10/29/2011,7817,3727,Arkansas,11544
10/29/2011,19394,9220,Colorado,28614
10/29/2011,19222,4237,Connecticut,23459
10/29/2011,10331,873,Delaware,11204
10/29/2011,4583,552,Dist. of Columbia,5135
10/29/2011,156606,27963,Florida,184569
10/29/2011,43710,2526,Georgia,46236
10/29/2011,10429,1233,Idaho,11662
10/29/2011,64922,5099,Illinois,70021
10/29/2011,31537,5204,Indiana,36741
10/29/2011,18636,3786,Iowa,22422
10/29/2011,13295,870,Kansas,14165
10/29/2011,31243,2317,Kentucky,33560
10/29/2011,37346,5261,Louisiana,42607
10/29/2011,3866,2155,Maine,6021
10/29/2011,33710,2210,Maryland,35920
10/29/2011,40026,2342,Massachusetts,42368
10/29/2011,46764,3701,Michigan,50465
10/29/2011,33912,1585,Minnesota,35497
10/29/2011,37617,1753,Missouri,39370
10/29/2011,3312,955,Montana,4267
10/29/2011,11829,1198,Nebraska,13027
10/29/2011,13820,1140,New Hampshire,14960
10/29/2011,79117,5218,New Jersey,84335
10/29/2011,10806,1445,New Mexico,12251
10/29/2011,166672,6388,New York,173060
10/29/2011,38004,11816,North Carolina,49820
10/29/2011,2301,1381,North Dakota,3682
10/29/2011,42932,6062,Ohio,48994
10/29/2011,12579,5944,Oklahoma,18523
10/29/2011,13975,2242,Oregon,16217
10/29/2011,96858,16402,Pennsylvania,113260
10/29/2011,10235,1591,Rhode Island,11826
10/29/2011,19093,9658,South Carolina,28751
10/29/2011,6282,798,South Dakota,7080
10/29/2011,26522,6446,Tennessee,32968
10/29/2011,60156,12841,Texas,72997
10/29/2011,2323,914,Vermont,3237
10/29/2011,246,322,Virgin Islands,568
10/29/2011,32091,4084,Virginia,36175
10/29/2011,15854,1195,Washington,17049
10/29/2011,13088,1078,West Virginia,14166
10/29/2011,26675,2424,Wisconsin,29099
10/26/2011,34347,2638,Arizona,36985
10/26/2011,6809,3390,Arkansas,10199
10/26/2011,15104,7148,Colorado,22252
10/26/2011,18072,4457,Connecticut,22529
10/26/2011,8707,807,Delaware,9514
10/26/2011,4442,622,Dist. of Columbia,5064
10/26/2011,125303,24584,Florida,149887
10/26/2011,32467,2198,Georgia,34665
10/26/2011,9165,1297,Idaho,10462
10/26/2011,55093,4938,Illinois,60031
10/26/2011,26657,4766,Indiana,31423
10/26/2011,15744,3428,Iowa,19172
10/26/2011,10981,853,Kansas,11834
10/26/2011,25155,2171,Kentucky,27326
10/26/2011,31122,5168,Louisiana,36290
10/26/2011,3158,1862,Maine,5020
10/26/2011,27899,2059,Maryland,29958
10/26/2011,34137,2598,Massachusetts,36735
10/26/2011,36841,3358,Michigan,40199
10/26/2011,26993,1433,Minnesota,28426
10/26/2011,30028,1762,Missouri,31790
10/26/2011,3144,932,Montana,4076
10/26/2011,10217,1147,Nebraska,11364
10/26/2011,10670,1092,New Hampshire,11762
10/26/2011,76740,5747,New Jersey,82487
10/26/2011,9262,1571,New Mexico,10833
10/26/2011,149151,6572,New York,155723
10/26/2011,32315,10707,North Carolina,43022
10/26/2011,2058,1348,North Dakota,3406
10/26/2011,33138,5092,Ohio,38230
10/26/2011,10666,5507,Oklahoma,16173
10/26/2011,11085,1940,Oregon,13025
10/26/2011,86744,16031,Pennsylvania,102775
10/26/2011,8549,1462,Rhode Island,10011
10/26/2011,15601,8258,South Carolina,23859
10/26/2011,4422,740,South Dakota,5162
10/26/2011,22431,5998,Tennessee,28429
10/26/2011,49781,11125,Texas,60906
10/26/2011,1827,832,Vermont,2659
10/26/2011,218,302,Virgin Islands,520
10/26/2011,26306,3465,Virginia,29771
10/26/2011,14042,1152,Washington,15194
10/26/2011,11347,1045,West Virginia,12392
10/26/2011,21694,2389,Wisconsin,24083
10/22/2011,33281,2708,Arizona,35989
10/22/2011,6491,3416,Arkansas,9907
10/22/2011,14578,7695,Colorado,22273
10/22/2011,16529,4613,Connecticut,21142
10/22/2011,7696,817,Delaware,8513
10/22/2011,4200,690,Dist. of Columbia,4890
10/22/2011,117035,25382,Florida,142417
10/22/2011,33319,2506,Georgia,35825
10/22/2011,8906,1370,Idaho,10276
10/22/2011,45552,4984,Illinois,50536
10/22/2011,26841,5163,Indiana,32004
10/22/2011,14471,3399,Iowa,17870
10/22/2011,11039,929,Kansas,11968
10/22/2011,25398,2357,Kentucky,27755
10/22/2011,30206,5532,Louisiana,35738
10/22/2011,3104,1941,Maine,5045
10/22/2011,25132,2122,Maryland,27254
10/22/2011,28111,2526,Massachusetts,30637
10/22/2011,32089,3557,Michigan,35646
10/22/2011,24110,1414,Minnesota,25524
10/22/2011,28199,1906,Missouri,30105
10/22/2011,3156,1001,Montana,4157
10/22/2011,9732,1188,Nebraska,10920
10/22/2011,9480,1051,New Hampshire,10531
10/22/2011,63559,5758,New Jersey,69317
10/22/2011,9151,1618,New Mexico,10769
10/22/2011,121198,6566,New York,127764
10/22/2011,30911,11204,North Carolina,42115
10/22/2011,1640,1081,North Dakota,2721
10/22/2011,27899,5001,Ohio,32900
10/22/2011,9741,5313,Oklahoma,15054
10/22/2011,10294,1975,Oregon,12269
10/22/2011,76098,15868,Pennsylvania,91966
10/22/2011,9166,1621,Rhode Island,10787
10/22/2011,15429,8714,South Carolina,24143
10/22/2011,4036,645,South Dakota,4681
10/22/2011,21689,6322,Tennessee,28011
10/22/2011,44982,11488,Texas,56470
10/22/2011,1759,855,Vermont,2614
10/22/2011,241,366,Virgin Islands,607
10/22/2011,24977,3727,Virginia,28704
10/22/2011,12931,1243,Washington,14174
10/22/2011,11198,1121,West Virginia,12319
10/22/2011,20586,2437,Wisconsin,23023
10/19/2011,25590,2020,Arizona,27610
10/19/2011,4846,2291,Arkansas,7137
10/19/2011,12189,6140,Colorado,18329
10/19/2011,12705,3336,Connecticut,16041
10/19/2011,5931,627,Delaware,6558
10/19/2011,3546,463,Dist. of Columbia,4009
10/19/2011,85465,17204,Florida,102669
10/19/2011,24849,1787,Georgia,26636
10/19/2011,7112,991,Idaho,8103
10/19/2011,36649,3896,Illinois,40545
10/19/2011,19633,3951,Indiana,23584
10/19/2011,11897,2680,Iowa,14577
10/19/2011,8833,635,Kansas,9468
10/19/2011,19926,1659,Kentucky,21585
10/19/2011,24225,4209,Louisiana,28434
10/19/2011,2509,1496,Maine,4005
10/19/2011,19671,1525,Maryland,21196
10/19/2011,22220,1817,Massachusetts,24037
10/19/2011,25249,2652,Michigan,27901
10/19/2011,20120,1143,Minnesota,21263
10/19/2011,22374,1409,Missouri,23783
10/19/2011,2637,776,Montana,3413
10/19/2011,7772,941,Nebraska,8713
10/19/2011,7115,786,New Hampshire,7901
10/19/2011,49691,4157,New Jersey,53848
10/19/2011,7299,1196,New Mexico,8495
10/19/2011,90549,4540,New York,95089
10/19/2011,24643,8654,North Carolina,33297
10/19/2011,1414,904,North Dakota,2318
10/19/2011,23384,3909,Ohio,27293
10/19/2011,8093,4283,Oklahoma,12376
10/19/2011,8411,1502,Oregon,9913
10/19/2011,61202,11918,Pennsylvania,73120
10/19/2011,6370,1127,Rhode Island,7497
10/19/2011,12307,6818,South Carolina,19125
10/19/2011,3380,521,South Dakota,3901
10/19/2011,16941,4703,Tennessee,21644
10/19/2011,34909,8652,Texas,43561
10/19/2011,1468,649,Vermont,2117
10/19/2011,190,302,Virgin Islands,492
10/19/2011,19531,2807,Virginia,22338
10/19/2011,11010,983,Washington,11993
10/19/2011,8784,863,West Virginia,9647
10/19/2011,16632,1890,Wisconsin,18522
10/15/2011,22653,1949,Arizona,24602
10/15/2011,4633,2329,Arkansas,6962
10/15/2011,10629,5923,Colorado,16552
10/15/2011,12176,3400,Connecticut,15576
10/15/2011,5572,595,Delaware,6167
10/15/2011,3130,497,Dist. of Columbia,3627
10/15/2011,84794,17724,Florida,102518
10/15/2011,24445,1804,Georgia,26249
10/15/2011,6594,896,Idaho,7490
10/15/2011,34966,3590,Illinois,38556
10/15/2011,19952,3947,Indiana,23899
10/15/2011,10833,2595,Iowa,13428
10/15/2011,8503,696,Kansas,9199
10/15/2011,19308,1726,Kentucky,21034
10/15/2011,24450,4446,Louisiana,28896
10/15/2011,2525,1622,Maine,4147
10/15/2011,17656,1572,Maryland,19228
10/15/2011,19063,1694,Massachusetts,20757
10/15/2011,24175,2579,Michigan,26754
10/15/2011,18715,1155,Minnesota,19870
10/15/2011,21883,1422,Missouri,23305
10/15/2011,2438,723,Montana,3161
10/15/2011,7543,950,Nebraska,8493
10/15/2011,7206,865,New Hampshire,8071
10/15/2011,42041,4053,New Jersey,46094
10/15/2011,6801,1171,New Mexico,7972
10/15/2011,77179,4275,New York,81454
10/15/2011,23162,8395,North Carolina,31557
10/15/2011,1322,832,North Dakota,2154
10/15/2011,20875,3948,Ohio,24823
10/15/2011,7473,4002,Oklahoma,11475
10/15/2011,7567,1508,Oregon,9075
10/15/2011,54001,11151,Pennsylvania,65152
10/15/2011,6551,1141,Rhode Island,7692
10/15/2011,11846,6850,South Carolina,18696
10/15/2011,3163,510,South Dakota,3673
10/15/2011,16567,4866,Tennessee,21433
10/15/2011,32171,8417,Texas,40588
10/15/2011,1401,643,Vermont,2044
10/15/2011,168,308,Virgin Islands,476
10/15/2011,18962,2922,Virginia,21884
10/15/2011,9942,929,Washington,10871
10/15/2011,8646,862,West Virginia,9508
10/15/2011,15629,1901,Wisconsin,17530
10/12/2011,18086,1816,Arizona,19902
10/12/2011,4255,2429,Arkansas,6684
10/12/2011,9165,5192,Colorado,14357
10/12/2011,10094,3247,Connecticut,13341
10/12/2011,4467,537,Delaware,5004
10/12/2011,2633,449,Dist. of Columbia,3082
10/12/2011,77877,18197,Florida,96074
10/12/2011,18549,1548,Georgia,20097
10/12/2011,6039,932,Idaho,6971
10/12/2011,26363,2977,Illinois,29340
10/12/2011,15208,3380,Indiana,18588
10/12/2011,8529,2182,Iowa,10711
10/12/2011,7147,638,Kansas,7785
10/12/2011,15455,1608,Kentucky,17063
10/12/2011,19516,3848,Louisiana,23364
10/12/2011,2227,1502,Maine,3729
10/12/2011,15008,1440,Maryland,16448
10/12/2011,13496,1391,Massachusetts,14887
10/12/2011,18581,2272,Michigan,20853
10/12/2011,14887,1020,Minnesota,15907
10/12/2011,18137,1314,Missouri,19451
10/12/2011,2403,722,Montana,3125
10/12/2011,6514,816,Nebraska,7330
10/12/2011,5639,737,New Hampshire,6376
10/12/2011,32411,3467,New Jersey,35878
10/12/2011,5707,1153,New Mexico,6860
10/12/2011,55700,3635,New York,59335
10/12/2011,22309,8839,North Carolina,31148
10/12/2011,1207,785,North Dakota,1992
10/12/2011,16335,3387,Ohio,19722
10/12/2011,6802,4049,Oklahoma,10851
10/12/2011,6044,1275,Oregon,7319
10/12/2011,41535,9768,Pennsylvania,51303
10/12/2011,4893,931,Rhode Island,5824
10/12/2011,10997,6600,South Carolina,17597
10/12/2011,2728,482,South Dakota,3210
10/12/2011,15170,4711,Tennessee,19881
10/12/2011,24094,6908,Texas,31002
10/12/2011,1155,579,Vermont,1734
10/12/2011,162,242,Virgin Islands,404
10/12/2011,15272,2518,Virginia,17790
10/12/2011,8011,783,Washington,8794
10/12/2011,7568,849,West Virginia,8417
10/12/2011,12895,1696,Wisconsin,14591
10/8/2011,18854,1783,Arizona,20637
10/8/2011,3873,2134,Arkansas,6007
10/8/2011,8447,5070,Colorado,13517
10/8/2011,10343,3403,Connecticut,13746
10/8/2011,4507,556,Delaware,5063
10/8/2011,2906,475,Dist. of Columbia,3381
10/8/2011,67228,15136,Florida,82364
10/8/2011,19623,1528,Georgia,21151
10/8/2011,6024,927,Idaho,6951
10/8/2011,22753,2863,Illinois,25616
10/8/2011,16887,3768,Indiana,20655
10/8/2011,8411,2199,Iowa,10610
10/8/2011,7497,674,Kansas,8171
10/8/2011,16412,1612,Kentucky,18024
10/8/2011,20177,4117,Louisiana,24294
10/8/2011,2349,1548,Maine,3897
10/8/2011,14197,1370,Maryland,15567
10/8/2011,13275,1442,Massachusetts,14717
10/8/2011,18635,2324,Michigan,20959
10/8/2011,14639,1022,Minnesota,15661
10/8/2011,18798,1373,Missouri,20171
10/8/2011,2318,751,Montana,3069
10/8/2011,6489,875,Nebraska,7364
10/8/2011,6255,801,New Hampshire,7056
10/8/2011,29648,3515,New Jersey,33163
10/8/2011,5310,953,New Mexico,6263
10/8/2011,50272,3299,New York,53571
10/8/2011,19840,7814,North Carolina,27654
10/8/2011,1092,777,North Dakota,1869
10/8/2011,15000,3488,Ohio,18488
10/8/2011,6167,3670,Oklahoma,9837
10/8/2011,6063,1409,Oregon,7472
10/8/2011,39648,9362,Pennsylvania,49010
10/8/2011,5418,1064,Rhode Island,6482
10/8/2011,10571,6521,South Carolina,17092
10/8/2011,2652,484,South Dakota,3136
10/8/2011,14876,4570,Tennessee,19446
10/8/2011,25560,7046,Texas,32606
10/8/2011,1292,594,Vermont,1886
10/8/2011,157,276,Virgin Islands,433
10/8/2011,14737,2429,Virginia,17166
10/8/2011,7417,739,Washington,8156
10/8/2011,7618,773,West Virginia,8391
10/8/2011,13771,1799,Wisconsin,15570
10/5/2011,16773,1753,Arizona,18526
10/5/2011,3753,2172,Arkansas,5925
10/5/2011,7821,4661,Colorado,12482
10/5/2011,8782,2819,Connecticut,11601
10/5/2011,3825,480,Delaware,4305
10/5/2011,2573,439,Dist. of Columbia,3012
10/5/2011,65967,16188,Florida,82155
10/5/2011,15841,1388,Georgia,17229
10/5/2011,5898,967,Idaho,6865
10/5/2011,19725,2625,Illinois,22350
10/5/2011,13211,3094,Indiana,16305
10/5/2011,7672,1943,Iowa,9615
10/5/2011,6698,629,Kansas,7327
10/5/2011,14387,1464,Kentucky,15851
10/5/2011,16869,3536,Louisiana,20405
10/5/2011,2017,1359,Maine,3376
10/5/2011,12590,1222,Maryland,13812
10/5/2011,11389,1323,Massachusetts,12712
10/5/2011,15824,2138,Michigan,17962
10/5/2011,13411,915,Minnesota,14326
10/5/2011,16806,1232,Missouri,18038
10/5/2011,2300,786,Montana,3086
10/5/2011,5893,826,Nebraska,6719
10/5/2011,5135,692,New Hampshire,5827
10/5/2011,26939,3178,New Jersey,30117
10/5/2011,4867,986,New Mexico,5853
10/5/2011,43773,3143,New York,46916
10/5/2011,18784,7633,North Carolina,26417
10/5/2011,1047,766,North Dakota,1813
10/5/2011,12904,3021,Ohio,15925
10/5/2011,5757,3558,Oklahoma,9315
10/5/2011,5231,1258,Oregon,6489
10/5/2011,34547,8812,Pennsylvania,43359
10/5/2011,4560,948,Rhode Island,5508
10/5/2011,9047,6020,South Carolina,15067
10/5/2011,2417,489,South Dakota,2906
10/5/2011,13054,4472,Tennessee,17526
10/5/2011,20420,6191,Texas,26611
10/5/2011,1013,505,Vermont,1518
10/5/2011,139,266,Virgin Islands,405
10/5/2011,12708,2249,Virginia,14957
10/5/2011,7033,764,Washington,7797
10/5/2011,6894,743,West Virginia,7637
10/5/2011,12110,1604,Wisconsin,13714
10/1/2011,17587,1825,Arizona,19412
10/1/2011,3567,2099,Arkansas,5666
10/1/2011,7372,4825,Colorado,12197
10/1/2011,9273,3358,Connecticut,12631
10/1/2011,3821,516,Delaware,4337
10/1/2011,2505,459,Dist. of Columbia,2964
10/1/2011,63167,14861,Florida,78028
10/1/2011,16542,1412,Georgia,17954
10/1/2011,5711,877,Idaho,6588
10/1/2011,17827,2620,Illinois,20447
10/1/2011,15515,3591,Indiana,19106
10/1/2011,7824,2122,Iowa,9946
10/1/2011,6990,623,Kansas,7613
10/1/2011,15389,1564,Kentucky,16953
10/1/2011,17927,3823,Louisiana,21750
10/1/2011,2247,1540,Maine,3787
10/1/2011,12438,1294,Maryland,13732
10/1/2011,11078,1452,Massachusetts,12530
10/1/2011,14969,1997,Michigan,16966
10/1/2011,13286,915,Minnesota,14201
10/1/2011,17012,1321,Missouri,18333
10/1/2011,2260,725,Montana,2985
10/1/2011,6041,897,Nebraska,6938
10/1/2011,6006,789,New Hampshire,6795
10/1/2011,23417,3247,New Jersey,26664
10/1/2011,4860,993,New Mexico,5853
10/1/2011,39943,3034,New York,42977
10/1/2011,17851,7482,North Carolina,25333
10/1/2011,951,700,North Dakota,1651
10/1/2011,12076,3256,Ohio,15332
10/1/2011,5480,3476,Oklahoma,8956
10/1/2011,5061,1292,Oregon,6353
10/1/2011,34461,8961,Pennsylvania,43422
10/1/2011,5274,1050,Rhode Island,6324
10/1/2011,9563,6158,South Carolina,15721
10/1/2011,2348,440,South Dakota,2788
10/1/2011,13307,4535,Tennessee,17842
10/1/2011,20283,6391,Texas,26674
10/1/2011,1098,593,Vermont,1691
10/1/2011,232,248,Virgin Islands,480
10/1/2011,12330,2277,Virginia,14607
10/1/2011,5969,632,Washington,6601
10/1/2011,6982,778,West Virginia,7760
10/1/2011,12647,1764,Wisconsin,14411
9/28/2011,15190,1650,Arizona,16840
9/28/2011,3076,1859,Arkansas,4935
9/28/2011,6518,4236,Colorado,10754
9/28/2011,7492,2500,Connecticut,9992
9/28/2011,3302,452,Delaware,3754
9/28/2011,2210,401,Dist. of Columbia,2611
9/28/2011,56363,14209,Florida,70572
9/28/2011,13375,1278,Georgia,14653
9/28/2011,5579,918,Idaho,6497
9/28/2011,15622,2456,Illinois,18078
9/28/2011,12203,3039,Indiana,15242
9/28/2011,6573,1906,Iowa,8479
9/28/2011,6071,571,Kansas,6642
9/28/2011,12962,1387,Kentucky,14349
9/28/2011,15757,3607,Louisiana,19364
9/28/2011,1777,1286,Maine,3063
9/28/2011,10490,1127,Maryland,11617
9/28/2011,9524,1349,Massachusetts,10873
9/28/2011,12942,1999,Michigan,14941
9/28/2011,12196,889,Minnesota,13085
9/28/2011,14986,1169,Missouri,16155
9/28/2011,2106,718,Montana,2824
9/28/2011,5431,779,Nebraska,6210
9/28/2011,4982,658,New Hampshire,5640
9/28/2011,20964,2868,New Jersey,23832
9/28/2011,4494,945,New Mexico,5439
9/28/2011,35042,2990,New York,38032
9/28/2011,16101,6991,North Carolina,23092
9/28/2011,923,659,North Dakota,1582
9/28/2011,9914,2745,Ohio,12659
9/28/2011,4830,3182,Oklahoma,8012
9/28/2011,4454,1192,Oregon,5646
9/28/2011,29154,7619,Pennsylvania,36773
9/28/2011,4331,892,Rhode Island,5223
9/28/2011,7952,5360,South Carolina,13312
9/28/2011,2124,414,South Dakota,2538
9/28/2011,11379,3751,Tennessee,15130
9/28/2011,16655,5495,Texas,22150
9/28/2011,899,418,Vermont,1317
9/28/2011,145,258,Virgin Islands,403
9/28/2011,9971,1976,Virginia,11947
9/28/2011,5676,666,Washington,6342
9/28/2011,6145,660,West Virginia,6805
9/28/2011,10835,1570,Wisconsin,12405
9/24/2011,16440,1660,Arizona,18100
9/24/2011,3477,1960,Arkansas,5437
9/24/2011,6613,4439,Colorado,11052
9/24/2011,8382,2934,Connecticut,11316
9/24/2011,3557,457,Delaware,4014
9/24/2011,2294,387,Dist. of Columbia,2681
9/24/2011,61563,14631,Florida,76194
9/24/2011,14694,1346,Georgia,16040
9/24/2011,5342,846,Idaho,6188
9/24/2011,15998,2390,Illinois,18388
9/24/2011,14493,3299,Indiana,17792
9/24/2011,7264,1993,Iowa,9257
9/24/2011,6493,557,Kansas,7050
9/24/2011,14309,1490,Kentucky,15799
9/24/2011,16610,3593,Louisiana,20203
9/24/2011,2234,1467,Maine,3701
9/24/2011,11743,1167,Maryland,12910
9/24/2011,10445,1349,Massachusetts,11794
9/24/2011,13634,1967,Michigan,15601
9/24/2011,12580,982,Minnesota,13562
9/24/2011,16144,1265,Missouri,17409
9/24/2011,1991,682,Montana,2673
9/24/2011,5677,840,Nebraska,6517
9/24/2011,5789,742,New Hampshire,6531
9/24/2011,21395,2964,New Jersey,24359
9/24/2011,4487,820,New Mexico,5307
9/24/2011,36328,2815,New York,39143
9/24/2011,17744,7302,North Carolina,25046
9/24/2011,899,699,North Dakota,1598
9/24/2011,11231,2877,Ohio,14108
9/24/2011,4978,3206,Oklahoma,8184
9/24/2011,4556,1211,Oregon,5767
9/24/2011,31071,7926,Pennsylvania,38997
9/24/2011,5162,941,Rhode Island,6103
9/24/2011,8845,5912,South Carolina,14757
9/24/2011,2294,478,South Dakota,2772
9/24/2011,12840,4144,Tennessee,16984
9/24/2011,17903,5879,Texas,23782
9/24/2011,983,522,Vermont,1505
9/24/2011,130,250,Virgin Islands,380
9/24/2011,11359,2143,Virginia,13502
9/24/2011,5460,682,Washington,6142
9/24/2011,6856,705,West Virginia,7561
9/24/2011,12090,1625,Wisconsin,13715
9/21/2011,15111,1696,Arizona,16807
9/21/2011,3278,1923,Arkansas,5201
9/21/2011,6081,4105,Colorado,10186
9/21/2011,7244,2598,Connecticut,9842
9/21/2011,3288,453,Delaware,3741
9/21/2011,2328,396,Dist. of Columbia,2724
9/21/2011,55691,13802,Florida,69493
9/21/2011,13087,1333,Georgia,14420
9/21/2011,5691,1010,Idaho,6701
9/21/2011,14884,2501,Illinois,17385
9/21/2011,12481,3086,Indiana,15567
9/21/2011,6785,1833,Iowa,8618
9/21/2011,6386,600,Kansas,6986
9/21/2011,12874,1410,Kentucky,14284
9/21/2011,15799,3431,Louisiana,19230
9/21/2011,1784,1238,Maine,3022
9/21/2011,10735,1147,Maryland,11882
9/21/2011,9372,1339,Massachusetts,10711
9/21/2011,12817,1950,Michigan,14767
9/21/2011,11313,804,Minnesota,12117
9/21/2011,15340,1237,Missouri,16577
9/21/2011,2333,725,Montana,3058
9/21/2011,5714,803,Nebraska,6517
9/21/2011,5091,642,New Hampshire,5733
9/21/2011,21068,2969,New Jersey,24037
9/21/2011,4498,902,New Mexico,5400
9/21/2011,35944,3083,New York,39027
9/21/2011,15823,6561,North Carolina,22384
9/21/2011,915,620,North Dakota,1535
9/21/2011,9768,2763,Ohio,12531
9/21/2011,4850,3081,Oklahoma,7931
9/21/2011,4418,1198,Oregon,5616
9/21/2011,28341,7583,Pennsylvania,35924
9/21/2011,4546,895,Rhode Island,5441
9/21/2011,7984,5045,South Carolina,13029
9/21/2011,2200,434,South Dakota,2634
9/21/2011,11485,3893,Tennessee,15378
9/21/2011,16670,5674,Texas,22344
9/21/2011,898,515,Vermont,1413
9/21/2011,126,225,Virgin Islands,351
9/21/2011,9990,1909,Virginia,11899
9/21/2011,5420,722,Washington,6142
9/21/2011,6420,722,West Virginia,7142
9/21/2011,10928,1586,Wisconsin,12514
9/17/2011,16978,1815,Arizona,18793
9/17/2011,3816,2395,Arkansas,6211
9/17/2011,6847,4768,Colorado,11615
9/17/2011,8721,2980,Connecticut,11701
9/17/2011,3686,513,Delaware,4199
9/17/2011,2523,426,Dist. of Columbia,2949
9/17/2011,69131,17069,Florida,86200
9/17/2011,15011,1351,Georgia,16362
9/17/2011,5699,996,Idaho,6695
9/17/2011,15450,2504,Illinois,17954
9/17/2011,15279,3699,Indiana,18978
9/17/2011,7621,2215,Iowa,9836
9/17/2011,6838,664,Kansas,7502
9/17/2011,14566,1430,Kentucky,15996
9/17/2011,17205,3772,Louisiana,20977
9/17/2011,2126,1617,Maine,3743
9/17/2011,12153,1289,Maryland,13442
9/17/2011,10288,1397,Massachusetts,11685
9/17/2011,13998,1981,Michigan,15979
9/17/2011,12348,908,Minnesota,13256
9/17/2011,16479,1332,Missouri,17811
9/17/2011,2249,811,Montana,3060
9/17/2011,5807,874,Nebraska,6681
9/17/2011,6335,750,New Hampshire,7085
9/17/2011,20703,2902,New Jersey,23605
9/17/2011,4734,952,New Mexico,5686
9/17/2011,37145,3048,New York,40193
9/17/2011,19768,8382,North Carolina,28150
9/17/2011,1015,767,North Dakota,1782
9/17/2011,11192,3050,Ohio,14242
9/17/2011,5609,3758,Oklahoma,9367
9/17/2011,4576,1305,Oregon,5881
9/17/2011,31996,8536,Pennsylvania,40532
9/17/2011,5157,1059,Rhode Island,6216
9/17/2011,10137,6711,South Carolina,16848
9/17/2011,2131,433,South Dakota,2564
9/17/2011,14098,4854,Tennessee,18952
9/17/2011,18085,6257,Texas,24342
9/17/2011,950,539,Vermont,1489
9/17/2011,162,295,Virgin Islands,457
9/17/2011,11539,2225,Virginia,13764
9/17/2011,5446,738,Washington,6184
9/17/2011,6835,819,West Virginia,7654
9/17/2011,11861,1754,Wisconsin,13615
9/14/2011,15598,1690,Arizona,17288
9/14/2011,3321,1948,Arkansas,5269
9/14/2011,6481,4512,Colorado,10993
9/14/2011,7573,2698,Connecticut,10271
9/14/2011,3277,492,Delaware,3769
9/14/2011,2388,408,Dist. of Columbia,2796
9/14/2011,55477,13773,Florida,69250
9/14/2011,13099,1215,Georgia,14314
9/14/2011,5552,941,Idaho,6493
9/14/2011,15184,2395,Illinois,17579
9/14/2011,12258,3028,Indiana,15286
9/14/2011,7033,1957,Iowa,8990
9/14/2011,6398,558,Kansas,6956
9/14/2011,12794,1308,Kentucky,14102
9/14/2011,15869,3611,Louisiana,19480
9/14/2011,2066,1528,Maine,3594
9/14/2011,10605,1174,Maryland,11779
9/14/2011,10229,1434,Massachusetts,11663
9/14/2011,13473,2070,Michigan,15543
9/14/2011,11772,927,Minnesota,12699
9/14/2011,15146,1190,Missouri,16336
9/14/2011,2139,758,Montana,2897
9/14/2011,5924,807,Nebraska,6731
9/14/2011,5427,743,New Hampshire,6170
9/14/2011,20824,2965,New Jersey,23789
9/14/2011,4359,906,New Mexico,5265
9/14/2011,35293,3125,New York,38418
9/14/2011,17394,7520,North Carolina,24914
9/14/2011,928,720,North Dakota,1648
9/14/2011,10125,2832,Ohio,12957
9/14/2011,4973,3216,Oklahoma,8189
9/14/2011,4504,1250,Oregon,5754
9/14/2011,29684,8188,Pennsylvania,37872
9/14/2011,4735,971,Rhode Island,5706
9/14/2011,8467,5734,South Carolina,14201
9/14/2011,2188,411,South Dakota,2599
9/14/2011,12009,4129,Tennessee,16138
9/14/2011,16314,5285,Texas,21599
9/14/2011,919,570,Vermont,1489
9/14/2011,142,265,Virgin Islands,407
9/14/2011,10216,1992,Virginia,12208
9/14/2011,5598,647,Washington,6245
9/14/2011,6397,721,West Virginia,7118
9/14/2011,11160,1624,Wisconsin,12784
9/10/2011,17407,1796,Arizona,19203
9/10/2011,3806,2181,Arkansas,5987
9/10/2011,6499,4505,Colorado,11004
9/10/2011,8413,2871,Connecticut,11284
9/10/2011,3694,514,Delaware,4208
9/10/2011,2417,375,Dist. of Columbia,2792
9/10/2011,62496,14937,Florida,77433
9/10/2011,15760,1463,Georgia,17223
9/10/2011,5825,952,Idaho,6777
9/10/2011,17107,2653,Illinois,19760
9/10/2011,15230,3522,Indiana,18752
9/10/2011,7482,1988,Iowa,9470
9/10/2011,6899,621,Kansas,7520
9/10/2011,15123,1492,Kentucky,16615
9/10/2011,16842,3746,Louisiana,20588
9/10/2011,2112,1548,Maine,3660
9/10/2011,11983,1192,Maryland,13175
9/10/2011,10994,1463,Massachusetts,12457
9/10/2011,14822,2019,Michigan,16841
9/10/2011,12367,868,Minnesota,13235
9/10/2011,16790,1279,Missouri,18069
9/10/2011,2238,756,Montana,2994
9/10/2011,5778,799,Nebraska,6577
9/10/2011,6140,705,New Hampshire,6845
9/10/2011,22057,3072,New Jersey,25129
9/10/2011,4659,933,New Mexico,5592
9/10/2011,40932,3127,New York,44059
9/10/2011,18773,7844,North Carolina,26617
9/10/2011,1010,700,North Dakota,1710
9/10/2011,12837,3448,Ohio,16285
9/10/2011,5513,3553,Oklahoma,9066
9/10/2011,4620,1275,Oregon,5895
9/10/2011,32489,8403,Pennsylvania,40892
9/10/2011,5343,1029,Rhode Island,6372
9/10/2011,9683,6207,South Carolina,15890
9/10/2011,2120,387,South Dakota,2507
9/10/2011,13538,4748,Tennessee,18286
9/10/2011,19699,6158,Texas,25857
9/10/2011,981,539,Vermont,1520
9/10/2011,154,281,Virgin Islands,435
9/10/2011,11865,2183,Virginia,14048
9/10/2011,5895,712,Washington,6607
9/10/2011,7028,784,West Virginia,7812
9/10/2011,12611,1706,Wisconsin,14317
9/7/2011,25860,2354,Arizona,28214
9/7/2011,5420,2905,Arkansas,8325
9/7/2011,12129,6382,Colorado,18511
9/7/2011,12632,3805,Connecticut,16437
9/7/2011,6026,717,Delaware,6743
9/7/2011,3155,527,Dist. of Columbia,3682
9/7/2011,89742,20791,Florida,110533
9/7/2011,25050,2092,Georgia,27142
9/7/2011,8666,1405,Idaho,10071
9/7/2011,35410,4216,Illinois,39626
9/7/2011,19372,4170,Indiana,23542
9/7/2011,10808,2642,Iowa,13450
9/7/2011,9932,779,Kansas,10711
9/7/2011,19614,1922,Kentucky,21536
9/7/2011,24268,4738,Louisiana,29006
9/7/2011,2627,1629,Maine,4256
9/7/2011,16953,1638,Maryland,18591
9/7/2011,22576,2227,Massachusetts,24803
9/7/2011,27747,3184,Michigan,30931
9/7/2011,19689,1310,Minnesota,20999
9/7/2011,23858,1714,Missouri,25572
9/7/2011,3087,882,Montana,3969
9/7/2011,8386,1029,Nebraska,9415
9/7/2011,8415,893,New Hampshire,9308
9/7/2011,47847,4885,New Jersey,52732
9/7/2011,7916,1397,New Mexico,9313
9/7/2011,85815,5423,New York,91238
9/7/2011,25347,9565,North Carolina,34912
9/7/2011,1449,849,North Dakota,2298
9/7/2011,21860,4214,Ohio,26074
9/7/2011,8402,4745,Oklahoma,13147
9/7/2011,8805,1793,Oregon,10598
9/7/2011,57810,12347,Pennsylvania,70157
9/7/2011,6976,1344,Rhode Island,8320
9/7/2011,12756,7460,South Carolina,20216
9/7/2011,3665,568,South Dakota,4233
9/7/2011,18199,5518,Tennessee,23717
9/7/2011,33947,9202,Texas,43149
9/7/2011,1441,667,Vermont,2108
9/7/2011,204,277,Virgin Islands,481
9/7/2011,19125,3062,Virginia,22187
9/7/2011,11108,1179,Washington,12287
9/7/2011,9941,1044,West Virginia,10985
9/7/2011,17254,2220,Wisconsin,19474
9/3/2011,21022,1847,Arizona,22869
9/3/2011,4485,2419,Arkansas,6904
9/3/2011,10491,5916,Colorado,16407
9/3/2011,10933,3343,Connecticut,14276
9/3/2011,5440,633,Delaware,6073
9/3/2011,3002,459,Dist. of Columbia,3461
9/3/2011,78396,17118,Florida,95514
9/3/2011,21807,1742,Georgia,23549
9/3/2011,6998,1052,Idaho,8050
9/3/2011,28369,3333,Illinois,31702
9/3/2011,18918,3906,Indiana,22824
9/3/2011,9537,2385,Iowa,11922
9/3/2011,8857,768,Kansas,9625
9/3/2011,18947,1647,Kentucky,20594
9/3/2011,20842,4096,Louisiana,24938
9/3/2011,2767,1766,Maine,4533
9/3/2011,15840,1386,Maryland,17226
9/3/2011,15948,1610,Massachusetts,17558
9/3/2011,22480,2621,Michigan,25101
9/3/2011,17932,1148,Minnesota,19080
9/3/2011,21877,1511,Missouri,23388
9/3/2011,2513,821,Montana,3334
9/3/2011,7055,861,Nebraska,7916
9/3/2011,6894,852,New Hampshire,7746
9/3/2011,33911,3636,New Jersey,37547
9/3/2011,6423,1137,New Mexico,7560
9/3/2011,61525,3959,New York,65484
9/3/2011,22892,8672,North Carolina,31564
9/3/2011,1160,800,North Dakota,1960
9/3/2011,18354,3952,Ohio,22306
9/3/2011,7474,4525,Oklahoma,11999
9/3/2011,7487,1495,Oregon,8982
9/3/2011,50136,10821,Pennsylvania,60957
9/3/2011,6021,1069,Rhode Island,7090
9/3/2011,12303,7284,South Carolina,19587
9/3/2011,3041,508,South Dakota,3549
9/3/2011,16779,5034,Tennessee,21813
9/3/2011,28439,7845,Texas,36284
9/3/2011,1301,633,Vermont,1934
9/3/2011,193,286,Virgin Islands,479
9/3/2011,16955,2775,Virginia,19730
9/3/2011,9228,842,Washington,10070
9/3/2011,8577,882,West Virginia,9459
9/3/2011,15501,1765,Wisconsin,17266
8/31/2011,17356,1711,Arizona,19067
8/31/2011,3819,1996,Arkansas,5815
8/31/2011,8685,4798,Colorado,13483
8/31/2011,8062,2744,Connecticut,10806
8/31/2011,4126,474,Delaware,4600
8/31/2011,2510,405,Dist. of Columbia,2915
8/31/2011,60704,13584,Florida,74288
8/31/2011,17405,1321,Georgia,18726
8/31/2011,6266,869,Idaho,7135
8/31/2011,22586,2784,Illinois,25370
8/31/2011,15321,3368,Indiana,18689
8/31/2011,8137,2090,Iowa,10227
8/31/2011,7296,590,Kansas,7886
8/31/2011,15299,1424,Kentucky,16723
8/31/2011,18623,3666,Louisiana,22289
8/31/2011,2063,1376,Maine,3439
8/31/2011,12234,1152,Maryland,13386
8/31/2011,12847,1460,Massachusetts,14307
8/31/2011,18761,2381,Michigan,21142
8/31/2011,15176,949,Minnesota,16125
8/31/2011,18369,1266,Missouri,19635
8/31/2011,2282,684,Montana,2966
8/31/2011,6309,868,Nebraska,7177
8/31/2011,5207,762,New Hampshire,5969
8/31/2011,27548,3177,New Jersey,30725
8/31/2011,5210,926,New Mexico,6136
8/31/2011,55911,3636,New York,59547
8/31/2011,17813,6903,North Carolina,24716
8/31/2011,1154,722,North Dakota,1876
8/31/2011,14752,3220,Ohio,17972
8/31/2011,5831,3378,Oklahoma,9209
8/31/2011,6278,1387,Oregon,7665
8/31/2011,36353,8764,Pennsylvania,45117
8/31/2011,4513,846,Rhode Island,5359
8/31/2011,9250,5425,South Carolina,14675
8/31/2011,2623,415,South Dakota,3038
8/31/2011,13103,4019,Tennessee,17122
8/31/2011,22737,6536,Texas,29273
8/31/2011,1031,488,Vermont,1519
8/31/2011,159,218,Virgin Islands,377
8/31/2011,13271,2195,Virginia,15466
8/31/2011,8376,899,Washington,9275
8/31/2011,7092,697,West Virginia,7789
8/31/2011,13017,1572,Wisconsin,14589
8/27/2011,19216,1822,Arizona,21038
8/27/2011,4178,2303,Arkansas,6481
8/27/2011,8433,5082,Colorado,13515
8/27/2011,10286,3132,Connecticut,13418
8/27/2011,4005,487,Delaware,4492
8/27/2011,2598,449,Dist. of Columbia,3047
8/27/2011,67112,15080,Florida,82192
8/27/2011,19428,1520,Georgia,20948
8/27/2011,6759,1049,Idaho,7808
8/27/2011,22192,2862,Illinois,25054
8/27/2011,16656,3587,Indiana,20243
8/27/2011,8309,2139,Iowa,10448
8/27/2011,8031,667,Kansas,8698
8/27/2011,17324,1623,Kentucky,18947
8/27/2011,19606,3829,Louisiana,23435
8/27/2011,2392,1630,Maine,4022
8/27/2011,13461,1229,Maryland,14690
8/27/2011,13254,1365,Massachusetts,14619
8/27/2011,18395,2148,Michigan,20543
8/27/2011,14914,995,Minnesota,15909
8/27/2011,19501,1267,Missouri,20768
8/27/2011,2347,786,Montana,3133
8/27/2011,6608,854,Nebraska,7462
8/27/2011,6262,751,New Hampshire,7013
8/27/2011,28207,3319,New Jersey,31526
8/27/2011,5611,1120,New Mexico,6731
8/27/2011,55886,3562,New York,59448
8/27/2011,18700,7515,North Carolina,26215
8/27/2011,1121,742,North Dakota,1863
8/27/2011,14351,3206,Ohio,17557
8/27/2011,6790,4082,Oklahoma,10872
8/27/2011,6106,1401,Oregon,7507
8/27/2011,41919,10180,Pennsylvania,52099
8/27/2011,6086,1055,Rhode Island,7141
8/27/2011,10248,6560,South Carolina,16808
8/27/2011,2598,463,South Dakota,3061
8/27/2011,14790,4760,Tennessee,19550
8/27/2011,24593,6997,Texas,31590
8/27/2011,1206,594,Vermont,1800
8/27/2011,141,272,Virgin Islands,413
8/27/2011,12966,1996,Virginia,14962
8/27/2011,8283,883,Washington,9166
8/27/2011,7723,748,West Virginia,8471
8/27/2011,13930,1745,Wisconsin,15675
8/24/2011,16558,1501,Arizona,18059
8/24/2011,3581,1905,Arkansas,5486
8/24/2011,7771,4573,Colorado,12344
8/24/2011,8837,2854,Connecticut,11691
8/24/2011,3872,483,Delaware,4355
8/24/2011,2558,423,Dist. of Columbia,2981
8/24/2011,57231,13246,Florida,70477
8/24/2011,15883,1263,Georgia,17146
8/24/2011,6154,895,Idaho,7049
8/24/2011,18355,2434,Illinois,20789
8/24/2011,14083,3244,Indiana,17327
8/24/2011,7459,1918,Iowa,9377
8/24/2011,6759,518,Kansas,7277
8/24/2011,14705,1353,Kentucky,16058
8/24/2011,17299,3470,Louisiana,20769
8/24/2011,2129,1302,Maine,3431
8/24/2011,12185,1159,Maryland,13344
8/24/2011,11538,1242,Massachusetts,12780
8/24/2011,16530,2064,Michigan,18594
8/24/2011,13988,896,Minnesota,14884
8/24/2011,17643,1246,Missouri,18889
8/24/2011,2236,711,Montana,2947
8/24/2011,6081,797,Nebraska,6878
8/24/2011,5235,667,New Hampshire,5902
8/24/2011,26514,3023,New Jersey,29537
8/24/2011,4754,885,New Mexico,5639
8/24/2011,50212,3321,New York,53533
8/24/2011,17659,6567,North Carolina,24226
8/24/2011,1018,698,North Dakota,1716
8/24/2011,13025,3166,Ohio,16191
8/24/2011,5613,3235,Oklahoma,8848
8/24/2011,5680,1317,Oregon,6997
8/24/2011,33100,8006,Pennsylvania,41106
8/24/2011,4946,862,Rhode Island,5808
8/24/2011,9165,5222,South Carolina,14387
8/24/2011,2438,404,South Dakota,2842
8/24/2011,12634,3926,Tennessee,16560
8/24/2011,21080,6217,Texas,27297
8/24/2011,1069,497,Vermont,1566
8/24/2011,24,27,Virgin Islands,51
8/24/2011,12607,2125,Virginia,14732
8/24/2011,7743,771,Washington,8514
8/24/2011,6962,725,West Virginia,7687
8/24/2011,12229,1532,Wisconsin,13761
8/20/2011,16649,1619,Arizona,18268
8/20/2011,3695,1997,Arkansas,5692
8/20/2011,7154,4472,Colorado,11626
8/20/2011,8578,2788,Connecticut,11366
8/20/2011,3819,457,Delaware,4276
8/20/2011,2399,416,Dist. of Columbia,2815
8/20/2011,57866,12966,Florida,70832
8/20/2011,16741,1216,Georgia,17957
8/20/2011,5936,917,Idaho,6853
8/20/2011,17551,2353,Illinois,19904
8/20/2011,15149,3413,Indiana,18562
8/20/2011,7367,1991,Iowa,9358
8/20/2011,6744,584,Kansas,7328
8/20/2011,15197,1507,Kentucky,16704
8/20/2011,17629,3462,Louisiana,21091
8/20/2011,2187,1437,Maine,3624
8/20/2011,12222,1147,Maryland,13369
8/20/2011,11103,1296,Massachusetts,12399
8/20/2011,16281,2179,Michigan,18460
8/20/2011,12861,918,Minnesota,13779
8/20/2011,17221,1138,Missouri,18359
8/20/2011,2034,707,Montana,2741
8/20/2011,5960,791,Nebraska,6751
8/20/2011,5719,731,New Hampshire,6450
8/20/2011,23072,2972,New Jersey,26044
8/20/2011,4582,884,New Mexico,5466
8/20/2011,45432,3111,New York,48543
8/20/2011,18057,7080,North Carolina,25137
8/20/2011,976,661,North Dakota,1637
8/20/2011,12263,3209,Ohio,15472
8/20/2011,5527,3408,Oklahoma,8935
8/20/2011,5274,1263,Oregon,6537
8/20/2011,32120,7899,Pennsylvania,40019
8/20/2011,5161,941,Rhode Island,6102
8/20/2011,9309,5729,South Carolina,15038
8/20/2011,2291,423,South Dakota,2714
8/20/2011,12969,4148,Tennessee,17117
8/20/2011,19962,6156,Texas,26118
8/20/2011,1043,552,Vermont,1595
8/20/2011,166,268,Virgin Islands,434
8/20/2011,12145,2079,Virginia,14224
8/20/2011,6515,684,Washington,7199
8/20/2011,6971,699,West Virginia,7670
8/20/2011,12296,1602,Wisconsin,13898
8/17/2011,14270,1374,Arizona,15644
8/17/2011,3184,1792,Arkansas,4976
8/17/2011,5979,3939,Colorado,9918
8/17/2011,7193,2349,Connecticut,9542
8/17/2011,3223,389,Delaware,3612
8/17/2011,2077,324,Dist. of Columbia,2401
8/17/2011,45383,10914,Florida,56297
8/17/2011,13025,1009,Georgia,14034
8/17/2011,5389,825,Idaho,6214
8/17/2011,14486,2034,Illinois,16520
8/17/2011,12625,3134,Indiana,15759
8/17/2011,6691,1822,Iowa,8513
8/17/2011,5813,520,Kansas,6333
8/17/2011,12342,1191,Kentucky,13533
8/17/2011,14962,3154,Louisiana,18116
8/17/2011,1789,1211,Maine,3000
8/17/2011,10401,1003,Maryland,11404
8/17/2011,8763,1003,Massachusetts,9766
8/17/2011,13594,1737,Michigan,15331
8/17/2011,11282,723,Minnesota,12005
8/17/2011,14819,1170,Missouri,15989
8/17/2011,1911,658,Montana,2569
8/17/2011,5052,711,Nebraska,5763
8/17/2011,4289,590,New Hampshire,4879
8/17/2011,19889,2347,New Jersey,22236
8/17/2011,4000,744,New Mexico,4744
8/17/2011,38662,2568,New York,41230
8/17/2011,14881,5916,North Carolina,20797
8/17/2011,883,684,North Dakota,1567
8/17/2011,10404,2727,Ohio,13131
8/17/2011,5053,3205,Oklahoma,8258
8/17/2011,4601,1167,Oregon,5768
8/17/2011,26611,6722,Pennsylvania,33333
8/17/2011,4034,749,Rhode Island,4783
8/17/2011,7614,4703,South Carolina,12317
8/17/2011,2034,318,South Dakota,2352
8/17/2011,11211,3560,Tennessee,14771
8/17/2011,16125,4958,Texas,21083
8/17/2011,889,448,Vermont,1337
8/17/2011,128,221,Virgin Islands,349
8/17/2011,10000,1765,Virginia,11765
8/17/2011,5812,661,Washington,6473
8/17/2011,6114,639,West Virginia,6753
8/17/2011,10932,1474,Wisconsin,12406
8/13/2011,17814,1663,Arizona,19477
8/13/2011,3814,2305,Arkansas,6119
8/13/2011,6975,4640,Colorado,11615
8/13/2011,8620,2960,Connecticut,11580
8/13/2011,4067,489,Delaware,4556
8/13/2011,2613,408,Dist. of Columbia,3021
8/13/2011,64117,15372,Florida,79489
8/13/2011,16045,1306,Georgia,17351
8/13/2011,6239,894,Idaho,7133
8/13/2011,18102,2769,Illinois,20871
8/13/2011,15751,3546,Indiana,19297
8/13/2011,8300,2009,Iowa,10309
8/13/2011,6964,634,Kansas,7598
8/13/2011,15022,1430,Kentucky,16452
8/13/2011,17732,3545,Louisiana,21277
8/13/2011,2278,1572,Maine,3850
8/13/2011,13152,1262,Maryland,14414
8/13/2011,11662,1480,Massachusetts,13142
8/13/2011,16707,2173,Michigan,18880
8/13/2011,11604,850,Minnesota,12454
8/13/2011,17341,1281,Missouri,18622
8/13/2011,2176,734,Montana,2910
8/13/2011,5947,817,Nebraska,6764
8/13/2011,5967,742,New Hampshire,6709
8/13/2011,22893,3115,New Jersey,26008
8/13/2011,4831,898,New Mexico,5729
8/13/2011,48195,3329,New York,51524
8/13/2011,20215,7929,North Carolina,28144
8/13/2011,1038,735,North Dakota,1773
8/13/2011,13332,3435,Ohio,16767
8/13/2011,5379,3500,Oklahoma,8879
8/13/2011,5355,1218,Oregon,6573
8/13/2011,33768,8494,Pennsylvania,42262
8/13/2011,5324,1061,Rhode Island,6385
8/13/2011,10239,6421,South Carolina,16660
8/13/2011,2297,452,South Dakota,2749
8/13/2011,14486,4522,Tennessee,19008
8/13/2011,20785,6369,Texas,27154
8/13/2011,1149,589,Vermont,1738
8/13/2011,154,257,Virgin Islands,411
8/13/2011,12763,2214,Virginia,14977
8/13/2011,6310,725,Washington,7035
8/13/2011,7019,720,West Virginia,7739
8/13/2011,12960,1570,Wisconsin,14530
8/10/2011,46781,2890,Arizona,49671
8/10/2011,9057,4199,Arkansas,13256
8/10/2011,21479,9219,Colorado,30698
8/10/2011,25899,5727,Connecticut,31626
8/10/2011,12609,950,Delaware,13559
8/10/2011,5781,585,Dist. of Columbia,6366
8/10/2011,183159,30630,Florida,213789
8/10/2011,43269,2377,Georgia,45646
8/10/2011,12784,1498,Idaho,14282
8/10/2011,57835,5219,Illinois,63054
8/10/2011,34462,5859,Indiana,40321
8/10/2011,19031,3843,Iowa,22874
8/10/2011,15113,941,Kansas,16054
8/10/2011,31018,2306,Kentucky,33324
8/10/2011,43111,5808,Louisiana,48919
8/10/2011,3924,2002,Maine,5926
8/10/2011,35738,2230,Maryland,37968
8/10/2011,45639,2817,Massachusetts,48456
8/10/2011,52989,4106,Michigan,57095
8/10/2011,35275,1524,Minnesota,36799
8/10/2011,39522,1922,Missouri,41444
8/10/2011,3669,971,Montana,4640
8/10/2011,13194,1277,Nebraska,14471
8/10/2011,15269,1335,New Hampshire,16604
8/10/2011,110025,6710,New Jersey,116735
8/10/2011,12273,1607,New Mexico,13880
8/10/2011,232893,7881,New York,240774
8/10/2011,39968,12175,North Carolina,52143
8/10/2011,2639,1434,North Dakota,4073
8/10/2011,38515,5848,Ohio,44363
8/10/2011,14028,6807,Oklahoma,20835
8/10/2011,17781,2715,Oregon,20496
8/10/2011,131770,20886,Pennsylvania,152656
8/10/2011,10406,1474,Rhode Island,11880
8/10/2011,20686,9670,South Carolina,30356
8/10/2011,5866,819,South Dakota,6685
8/10/2011,29892,7023,Tennessee,36915
8/10/2011,64070,13633,Texas,77703
8/10/2011,2279,922,Vermont,3201
8/10/2011,219,293,Virgin Islands,512
8/10/2011,34657,3965,Virginia,38622
8/10/2011,19815,1582,Washington,21397
8/10/2011,15075,1166,West Virginia,16241
8/10/2011,29135,2388,Wisconsin,31523
8/6/2011,31961,2465,Arizona,34426
8/6/2011,7019,3783,Arkansas,10802
8/6/2011,16238,8001,Colorado,24239
8/6/2011,19832,5170,Connecticut,25002
8/6/2011,10076,986,Delaware,11062
8/6/2011,4246,689,Dist. of Columbia,4935
8/6/2011,146581,28130,Florida,174711
8/6/2011,35785,2585,Georgia,38370
8/6/2011,11122,1446,Idaho,12568
8/6/2011,43539,4574,Illinois,48113
8/6/2011,28142,5273,Indiana,33415
8/6/2011,16351,3686,Iowa,20037
8/6/2011,12862,994,Kansas,13856
8/6/2011,26952,2197,Kentucky,29149
8/6/2011,37091,5737,Louisiana,42828
8/6/2011,3566,2147,Maine,5713
8/6/2011,26592,2036,Maryland,28628
8/6/2011,32481,2613,Massachusetts,35094
8/6/2011,40445,3685,Michigan,44130
8/6/2011,26462,1372,Minnesota,27834
8/6/2011,31842,1904,Missouri,33746
8/6/2011,3390,974,Montana,4364
8/6/2011,10624,1205,Nebraska,11829
8/6/2011,11043,1114,New Hampshire,12157
8/6/2011,71814,5455,New Jersey,77269
8/6/2011,10286,1641,New Mexico,11927
8/6/2011,156112,6515,New York,162627
8/6/2011,35200,11935,North Carolina,47135
8/6/2011,1934,1127,North Dakota,3061
8/6/2011,28397,5224,Ohio,33621
8/6/2011,11876,6192,Oklahoma,18068
8/6/2011,12061,2122,Oregon,14183
8/6/2011,94531,17225,Pennsylvania,111756
8/6/2011,9864,1645,Rhode Island,11509
8/6/2011,17664,9604,South Carolina,27268
8/6/2011,4644,708,South Dakota,5352
8/6/2011,24743,6903,Tennessee,31646
8/6/2011,48973,11179,Texas,60152
8/6/2011,1902,807,Vermont,2709
8/6/2011,270,375,Virgin Islands,645
8/6/2011,25706,3635,Virginia,29341
8/6/2011,14256,1245,Washington,15501
8/6/2011,12929,1224,West Virginia,14153
8/6/2011,24122,2503,Wisconsin,26625
8/3/2011,29736,2448,Arizona,32184
8/3/2011,6873,3484,Arkansas,10357
8/3/2011,15151,7579,Colorado,22730
8/3/2011,17965,4974,Connecticut,22939
8/3/2011,8946,850,Delaware,9796
8/3/2011,4108,646,Dist. of Columbia,4754
8/3/2011,135038,28427,Florida,163465
8/3/2011,30669,2214,Georgia,32883
8/3/2011,10456,1554,Idaho,12010
8/3/2011,39943,4398,Illinois,44341
8/3/2011,22745,4476,Indiana,27221
8/3/2011,14559,3411,Iowa,17970
8/3/2011,11578,864,Kansas,12442
8/3/2011,23512,2204,Kentucky,25716
8/3/2011,32515,5518,Louisiana,38033
8/3/2011,3139,1867,Maine,5006
8/3/2011,24862,2113,Maryland,26975
8/3/2011,28833,2399,Massachusetts,31232
8/3/2011,36512,3676,Michigan,40188
8/3/2011,22111,1343,Minnesota,23454
8/3/2011,27930,1844,Missouri,29774
8/3/2011,3261,1066,Montana,4327
8/3/2011,9732,1205,Nebraska,10937
8/3/2011,9668,1083,New Hampshire,10751
8/3/2011,64255,5518,New Jersey,69773
8/3/2011,9321,1576,New Mexico,10897
8/3/2011,135210,6153,New York,141363
8/3/2011,32672,11807,North Carolina,44479
8/3/2011,1787,1051,North Dakota,2838
8/3/2011,24397,5180,Ohio,29577
8/3/2011,10657,5888,Oklahoma,16545
8/3/2011,11218,2095,Oregon,13313
8/3/2011,82082,15635,Pennsylvania,97717
8/3/2011,8748,1514,Rhode Island,10262
8/3/2011,16333,9293,South Carolina,25626
8/3/2011,4445,638,South Dakota,5083
8/3/2011,22862,6621,Tennessee,29483
8/3/2011,42148,10340,Texas,52488
8/3/2011,1666,796,Vermont,2462
8/3/2011,241,333,Virgin Islands,574
8/3/2011,23560,3537,Virginia,27097
8/3/2011,13880,1304,Washington,15184
8/3/2011,11673,1104,West Virginia,12777
8/3/2011,20999,2385,Wisconsin,23384
7/30/2011,25374,2150,Arizona,27524
7/30/2011,5770,2908,Arkansas,8678
7/30/2011,12815,6790,Colorado,19605
7/30/2011,15251,4079,Connecticut,19330
7/30/2011,7407,813,Delaware,8220
7/30/2011,3533,561,Dist. of Columbia,4094
7/30/2011,115689,24337,Florida,140026
7/30/2011,28690,1985,Georgia,30675
7/30/2011,8763,1235,Idaho,9998
7/30/2011,35037,3845,Illinois,38882
7/30/2011,22261,4574,Indiana,26835
7/30/2011,13012,3179,Iowa,16191
7/30/2011,10190,908,Kansas,11098
7/30/2011,22075,1835,Kentucky,23910
7/30/2011,28891,4970,Louisiana,33861
7/30/2011,2982,1839,Maine,4821
7/30/2011,20883,1864,Maryland,22747
7/30/2011,23344,2186,Massachusetts,25530
7/30/2011,29970,3316,Michigan,33286
7/30/2011,19018,1106,Minnesota,20124
7/30/2011,25056,1656,Missouri,26712
7/30/2011,2844,878,Montana,3722
7/30/2011,8377,1067,Nebraska,9444
7/30/2011,8689,997,New Hampshire,9686
7/30/2011,48722,4367,New Jersey,53089
7/30/2011,8060,1412,New Mexico,9472
7/30/2011,95345,4989,New York,100334
7/30/2011,29157,10694,North Carolina,39851
7/30/2011,1477,855,North Dakota,2332
7/30/2011,22498,4106,Ohio,26604
7/30/2011,9232,5183,Oklahoma,14415
7/30/2011,8885,1741,Oregon,10626
7/30/2011,66291,13449,Pennsylvania,79740
7/30/2011,7946,1380,Rhode Island,9326
7/30/2011,15067,8864,South Carolina,23931
7/30/2011,3644,564,South Dakota,4208
7/30/2011,20929,5938,Tennessee,26867
7/30/2011,36528,9072,Texas,45600
7/30/2011,1773,802,Vermont,2575
7/30/2011,251,389,Virgin Islands,640
7/30/2011,21181,3238,Virginia,24419
7/30/2011,11788,1060,Washington,12848
7/30/2011,10454,1015,West Virginia,11469
7/30/2011,18795,1911,Wisconsin,20706
7/27/2011,21641,1902,Arizona,23543
7/27/2011,4571,2201,Arkansas,6772
7/27/2011,11043,5763,Colorado,16806
7/27/2011,12342,3493,Connecticut,15835
7/27/2011,5803,607,Delaware,6410
7/27/2011,3158,465,Dist. of Columbia,3623
7/27/2011,85906,18264,Florida,104170
7/27/2011,21686,1516,Georgia,23202
7/27/2011,8058,1133,Idaho,9191
7/27/2011,30817,3416,Illinois,34233
7/27/2011,17454,3301,Indiana,20755
7/27/2011,10607,2532,Iowa,13139
7/27/2011,8959,704,Kansas,9663
7/27/2011,18252,1639,Kentucky,19891
7/27/2011,23306,4119,Louisiana,27425
7/27/2011,2606,1481,Maine,4087
7/27/2011,16381,1384,Maryland,17765
7/27/2011,20064,1841,Massachusetts,21905
7/27/2011,24729,2584,Michigan,27313
7/27/2011,16095,947,Minnesota,17042
7/27/2011,21757,1329,Missouri,23086
7/27/2011,2667,783,Montana,3450
7/27/2011,7460,912,Nebraska,8372
7/27/2011,7110,819,New Hampshire,7929
7/27/2011,44536,4188,New Jersey,48724
7/27/2011,6843,1247,New Mexico,8090
7/27/2011,84167,4578,New York,88745
7/27/2011,22705,8241,North Carolina,30946
7/27/2011,1304,823,North Dakota,2127
7/27/2011,17731,3279,Ohio,21010
7/27/2011,7525,4153,Oklahoma,11678
7/27/2011,8103,1536,Oregon,9639
7/27/2011,52663,10957,Pennsylvania,63620
7/27/2011,6515,1111,Rhode Island,7626
7/27/2011,11483,5981,South Carolina,17464
7/27/2011,3294,472,South Dakota,3766
7/27/2011,16502,4505,Tennessee,21007
7/27/2011,31923,8142,Texas,40065
7/27/2011,1340,573,Vermont,1913
7/27/2011,163,241,Virgin Islands,404
7/27/2011,17074,2519,Virginia,19593
7/27/2011,11470,1135,Washington,12605
7/27/2011,8287,795,West Virginia,9082
7/27/2011,16305,1885,Wisconsin,18190
7/23/2011,20292,1877,Arizona,22169
7/23/2011,4240,2281,Arkansas,6521
7/23/2011,9610,5482,Colorado,15092
7/23/2011,10894,3527,Connecticut,14421
7/23/2011,4882,597,Delaware,5479
7/23/2011,2703,438,Dist. of Columbia,3141
7/23/2011,77225,17535,Florida,94760
7/23/2011,20161,1569,Georgia,21730
7/23/2011,6947,1046,Idaho,7993
7/23/2011,23038,3157,Illinois,26195
7/23/2011,18600,4205,Indiana,22805
7/23/2011,9016,2353,Iowa,11369
7/23/2011,8441,744,Kansas,9185
7/23/2011,17749,1709,Kentucky,19458
7/23/2011,21931,4306,Louisiana,26237
7/23/2011,2633,1709,Maine,4342
7/23/2011,14737,1405,Maryland,16142
7/23/2011,14267,1765,Massachusetts,16032
7/23/2011,20499,2582,Michigan,23081
7/23/2011,14028,922,Minnesota,14950
7/23/2011,20643,1543,Missouri,22186
7/23/2011,2404,748,Montana,3152
7/23/2011,6798,835,Nebraska,7633
7/23/2011,6544,818,New Hampshire,7362
7/23/2011,31363,3784,New Jersey,35147
7/23/2011,6127,1129,New Mexico,7256
7/23/2011,57247,3732,New York,60979
7/23/2011,21345,8348,North Carolina,29693
7/23/2011,1238,766,North Dakota,2004
7/23/2011,15936,3415,Ohio,19351
7/23/2011,6691,3894,Oklahoma,10585
7/23/2011,6569,1440,Oregon,8009
7/23/2011,42547,9853,Pennsylvania,52400
7/23/2011,6131,1117,Rhode Island,7248
7/23/2011,11238,6772,South Carolina,18010
7/23/2011,2996,489,South Dakota,3485
7/23/2011,15239,4811,Tennessee,20050
7/23/2011,26927,7413,Texas,34340
7/23/2011,1367,664,Vermont,2031
7/23/2011,193,295,Virgin Islands,488
7/23/2011,15380,2693,Virginia,18073
7/23/2011,9430,995,Washington,10425
7/23/2011,8145,858,West Virginia,9003
7/23/2011,14942,1852,Wisconsin,16794
7/20/2011,17534,1744,Arizona,19278
7/20/2011,3870,2068,Arkansas,5938
7/20/2011,8355,4919,Colorado,13274
7/20/2011,9149,3016,Connecticut,12165
7/20/2011,4272,536,Delaware,4808
7/20/2011,2630,428,Dist. of Columbia,3058
7/20/2011,71130,17609,Florida,88739
7/20/2011,16113,1372,Georgia,17485
7/20/2011,6404,1059,Idaho,7463
7/20/2011,19930,2826,Illinois,22756
7/20/2011,13937,3185,Indiana,17122
7/20/2011,7907,2013,Iowa,9920
7/20/2011,7026,627,Kansas,7653
7/20/2011,14988,1531,Kentucky,16519
7/20/2011,17765,3678,Louisiana,21443
7/20/2011,2199,1392,Maine,3591
7/20/2011,12493,1266,Maryland,13759
7/20/2011,11787,1445,Massachusetts,13232
7/20/2011,16780,2252,Michigan,19032
7/20/2011,454,34,Minnesota,488
7/20/2011,17799,1277,Missouri,19076
7/20/2011,2404,754,Montana,3158
7/20/2011,5996,831,Nebraska,6827
7/20/2011,5470,755,New Hampshire,6225
7/20/2011,28103,3447,New Jersey,31550
7/20/2011,5263,1004,New Mexico,6267
7/20/2011,50090,3606,New York,53696
7/20/2011,19845,8046,North Carolina,27891
7/20/2011,1146,771,North Dakota,1917
7/20/2011,13089,2786,Ohio,15875
7/20/2011,6136,3632,Oklahoma,9768
7/20/2011,5492,1253,Oregon,6745
7/20/2011,36337,8973,Pennsylvania,45310
7/20/2011,5048,1051,Rhode Island,6099
7/20/2011,9787,6252,South Carolina,16039
7/20/2011,2713,483,South Dakota,3196
7/20/2011,13863,4496,Tennessee,18359
7/20/2011,22504,6435,Texas,28939
7/20/2011,1123,566,Vermont,1689
7/20/2011,147,248,Virgin Islands,395
7/20/2011,13398,2328,Virginia,15726
7/20/2011,8667,861,Washington,9528
7/20/2011,7227,804,West Virginia,8031
7/20/2011,13562,1737,Wisconsin,15299
7/16/2011,17883,1809,Arizona,19692
7/16/2011,3955,2265,Arkansas,6220
7/16/2011,7989,4919,Colorado,12908
7/16/2011,9753,3188,Connecticut,12941
7/16/2011,4456,572,Delaware,5028
7/16/2011,2735,565,Dist. of Columbia,3300
7/16/2011,73161,17815,Florida,90976
7/16/2011,17403,1503,Georgia,18906
7/16/2011,6263,909,Idaho,7172
7/16/2011,19390,2803,Illinois,22193
7/16/2011,15307,3426,Indiana,18733
7/16/2011,8645,2124,Iowa,10769
7/16/2011,7270,643,Kansas,7913
7/16/2011,16128,1521,Kentucky,17649
7/16/2011,18488,3891,Louisiana,22379
7/16/2011,2380,1613,Maine,3993
7/16/2011,13654,1441,Maryland,15095
7/16/2011,12100,1583,Massachusetts,13683
7/16/2011,16784,2363,Michigan,19147
7/16/2011,518,46,Minnesota,564
7/16/2011,18382,1357,Missouri,19739
7/16/2011,2217,649,Montana,2866
7/16/2011,6129,786,Nebraska,6915
7/16/2011,5886,809,New Hampshire,6695
7/16/2011,25533,3520,New Jersey,29053
7/16/2011,5165,1043,New Mexico,6208
7/16/2011,43531,3404,New York,46935
7/16/2011,20579,8389,North Carolina,28968
7/16/2011,1177,775,North Dakota,1952
7/16/2011,13503,3149,Ohio,16652
7/16/2011,6205,3847,Oklahoma,10052
7/16/2011,5265,1274,Oregon,6539
7/16/2011,36736,9109,Pennsylvania,45845
7/16/2011,5341,1014,Rhode Island,6355
7/16/2011,10721,6858,South Carolina,17579
7/16/2011,2529,443,South Dakota,2972
7/16/2011,15266,4750,Tennessee,20016
7/16/2011,23431,6792,Texas,30223
7/16/2011,1148,618,Vermont,1766
7/16/2011,165,270,Virgin Islands,435
7/16/2011,13662,2527,Virginia,16189
7/16/2011,7868,857,Washington,8725
7/16/2011,7700,815,West Virginia,8515
7/16/2011,13928,1773,Wisconsin,15701
7/13/2011,16312,1690,Arizona,18002
7/13/2011,3503,1856,Arkansas,5359
7/13/2011,7126,4480,Colorado,11606
7/13/2011,8092,2669,Connecticut,10761
7/13/2011,3662,435,Delaware,4097
7/13/2011,2503,476,Dist. of Columbia,2979
7/13/2011,58818,14798,Florida,73616
7/13/2011,14257,1333,Georgia,15590
7/13/2011,6134,943,Idaho,7077
7/13/2011,16707,2480,Illinois,19187
7/13/2011,13386,3218,Indiana,16604
7/13/2011,7571,2019,Iowa,9590
7/13/2011,6562,622,Kansas,7184
7/13/2011,13623,1431,Kentucky,15054
7/13/2011,17007,3794,Louisiana,20801
7/13/2011,1966,1291,Maine,3257
7/13/2011,11366,1261,Maryland,12627
7/13/2011,10794,1526,Massachusetts,12320
7/13/2011,15122,2244,Michigan,17366
7/13/2011,734,79,Minnesota,813
7/13/2011,16374,1322,Missouri,17696
7/13/2011,2303,775,Montana,3078
7/13/2011,5883,788,Nebraska,6671
7/13/2011,5086,684,New Hampshire,5770
7/13/2011,23410,3060,New Jersey,26470
7/13/2011,4881,953,New Mexico,5834
7/13/2011,38136,3245,New York,41381
7/13/2011,17898,7683,North Carolina,25581
7/13/2011,1142,750,North Dakota,1892
7/13/2011,11250,2638,Ohio,13888
7/13/2011,5439,3447,Oklahoma,8886
7/13/2011,4831,1203,Oregon,6034
7/13/2011,30515,7785,Pennsylvania,38300
7/13/2011,4635,923,Rhode Island,5558
7/13/2011,8844,5456,South Carolina,14300
7/13/2011,2496,435,South Dakota,2931
7/13/2011,12317,4109,Tennessee,16426
7/13/2011,19733,5700,Texas,25433
7/13/2011,970,450,Vermont,1420
7/13/2011,156,251,Virgin Islands,407
7/13/2011,11280,2114,Virginia,13394
7/13/2011,7676,822,Washington,8498
7/13/2011,6481,787,West Virginia,7268
7/13/2011,12969,1747,Wisconsin,14716
7/9/2011,17249,1780,Arizona,19029
7/9/2011,3665,2060,Arkansas,5725
7/9/2011,7074,4654,Colorado,11728
7/9/2011,8926,2975,Connecticut,11901
7/9/2011,4019,546,Delaware,4565
7/9/2011,2774,528,Dist. of Columbia,3302
7/9/2011,65292,16282,Florida,81574
7/9/2011,16233,1374,Georgia,17607
7/9/2011,6144,979,Idaho,7123
7/9/2011,17130,2633,Illinois,19763
7/9/2011,16358,3874,Indiana,20232
7/9/2011,7997,2126,Iowa,10123
7/9/2011,7121,686,Kansas,7807
7/9/2011,15217,1455,Kentucky,16672
7/9/2011,17935,3806,Louisiana,21741
7/9/2011,2399,1701,Maine,4100
7/9/2011,12415,1389,Maryland,13804
7/9/2011,11383,1651,Massachusetts,13034
7/9/2011,15871,2294,Michigan,18165
7/9/2011,1030,79,Minnesota,1109
7/9/2011,18083,1435,Missouri,19518
7/9/2011,2350,790,Montana,3140
7/9/2011,6208,891,Nebraska,7099
7/9/2011,5882,855,New Hampshire,6737
7/9/2011,22597,3207,New Jersey,25804
7/9/2011,5134,1098,New Mexico,6232
7/9/2011,39084,3174,New York,42258
7/9/2011,19544,7924,North Carolina,27468
7/9/2011,1090,690,North Dakota,1780
7/9/2011,11873,2924,Ohio,14797
7/9/2011,5650,3572,Oklahoma,9222
7/9/2011,4798,1238,Oregon,6036
7/9/2011,31861,8434,Pennsylvania,40295
7/9/2011,5358,1126,Rhode Island,6484
7/9/2011,9766,6297,South Carolina,16063
7/9/2011,2487,448,South Dakota,2935
7/9/2011,13647,4604,Tennessee,18251
7/9/2011,20297,5922,Texas,26219
7/9/2011,1088,614,Vermont,1702
7/9/2011,176,330,Virgin Islands,506
7/9/2011,12136,2312,Virginia,14448
7/9/2011,6470,771,Washington,7241
7/9/2011,7404,816,West Virginia,8220
7/9/2011,13737,1784,Wisconsin,15521
7/6/2011,13940,1506,Arizona,15446
7/6/2011,2928,1664,Arkansas,4592
7/6/2011,5694,3796,Colorado,9490
7/6/2011,6685,2307,Connecticut,8992
7/6/2011,3044,419,Delaware,3463
7/6/2011,2126,398,Dist. of Columbia,2524
7/6/2011,50363,13105,Florida,63468
7/6/2011,11772,1168,Georgia,12940
7/6/2011,5659,885,Idaho,6544
7/6/2011,13352,2175,Illinois,15527
7/6/2011,11487,2930,Indiana,14417
7/6/2011,6359,1775,Iowa,8134
7/6/2011,5339,498,Kansas,5837
7/6/2011,11673,1229,Kentucky,12902
7/6/2011,14505,3376,Louisiana,17881
7/6/2011,1816,1215,Maine,3031
7/6/2011,9925,1119,Maryland,11044
7/6/2011,9001,1339,Massachusetts,10340
7/6/2011,12389,2026,Michigan,14415
7/6/2011,1155,139,Minnesota,1294
7/6/2011,14197,1095,Missouri,15292
7/6/2011,1986,678,Montana,2664
7/6/2011,5069,717,Nebraska,5786
7/6/2011,4320,648,New Hampshire,4968
7/6/2011,19397,2693,New Jersey,22090
7/6/2011,4222,907,New Mexico,5129
7/6/2011,31467,2815,New York,34282
7/6/2011,15524,6803,North Carolina,22327
7/6/2011,910,617,North Dakota,1527
7/6/2011,9431,2451,Ohio,11882
7/6/2011,4448,2991,Oklahoma,7439
7/6/2011,4002,1026,Oregon,5028
7/6/2011,24237,6555,Pennsylvania,30792
7/6/2011,4046,817,Rhode Island,4863
7/6/2011,7508,4839,South Carolina,12347
7/6/2011,1933,384,South Dakota,2317
7/6/2011,10873,3682,Tennessee,14555
7/6/2011,16358,4979,Texas,21337
7/6/2011,813,415,Vermont,1228
7/6/2011,134,196,Virgin Islands,330
7/6/2011,9093,1849,Virginia,10942
7/6/2011,5536,650,Washington,6186
7/6/2011,5738,684,West Virginia,6422
7/6/2011,10824,1526,Wisconsin,12350
7/2/2011,15348,1500,Arizona,16848
7/2/2011,3181,1769,Arkansas,4950
7/2/2011,5799,3904,Colorado,9703
7/2/2011,7534,2612,Connecticut,10146
7/2/2011,3564,427,Delaware,3991
7/2/2011,2359,369,Dist. of Columbia,2728
7/2/2011,54967,13132,Florida,68099
7/2/2011,13444,1228,Georgia,14672
7/2/2011,5327,842,Idaho,6169
7/2/2011,14011,2181,Illinois,16192
7/2/2011,13581,3056,Indiana,16637
7/2/2011,6837,1829,Iowa,8666
7/2/2011,5967,543,Kansas,6510
7/2/2011,14008,1368,Kentucky,15376
7/2/2011,15295,3237,Louisiana,18532
7/2/2011,1984,1556,Maine,3540
7/2/2011,11105,1096,Maryland,12201
7/2/2011,9610,1277,Massachusetts,10887
7/2/2011,13008,1910,Michigan,14918
7/2/2011,3783,283,Minnesota,4066
7/2/2011,15435,1117,Missouri,16552
7/2/2011,1991,634,Montana,2625
7/2/2011,5144,766,Nebraska,5910
7/2/2011,5046,649,New Hampshire,5695
7/2/2011,18911,2731,New Jersey,21642
7/2/2011,4339,905,New Mexico,5244
7/2/2011,34670,2813,New York,37483
7/2/2011,16441,6808,North Carolina,23249
7/2/2011,881,614,North Dakota,1495
7/2/2011,10787,2748,Ohio,13535
7/2/2011,4741,3077,Oklahoma,7818
7/2/2011,4347,1110,Oregon,5457
7/2/2011,26940,7049,Pennsylvania,33989
7/2/2011,4777,906,Rhode Island,5683
7/2/2011,8593,5505,South Carolina,14098
7/2/2011,2100,380,South Dakota,2480
7/2/2011,11966,3992,Tennessee,15958
7/2/2011,18288,5295,Texas,23583
7/2/2011,876,517,Vermont,1393
7/2/2011,140,250,Virgin Islands,390
7/2/2011,9823,1919,Virginia,11742
7/2/2011,5101,613,Washington,5714
7/2/2011,6494,712,West Virginia,7206
7/2/2011,11358,1424,Wisconsin,12782
6/29/2011,16548,1589,Arizona,18137
6/29/2011,3444,1762,Arkansas,5206
6/29/2011,7419,4363,Colorado,11782
6/29/2011,8377,2749,Connecticut,11126
6/29/2011,3857,464,Delaware,4321
6/29/2011,2489,402,Dist. of Columbia,2891
6/29/2011,63169,15003,Florida,78172
6/29/2011,15106,1231,Georgia,16337
6/29/2011,5664,916,Idaho,6580
6/29/2011,17528,2629,Illinois,20157
6/29/2011,13363,2982,Indiana,16345
6/29/2011,7486,1957,Iowa,9443
6/29/2011,6708,545,Kansas,7253
6/29/2011,14019,1396,Kentucky,15415
6/29/2011,17595,3352,Louisiana,20947
6/29/2011,2012,1451,Maine,3463
6/29/2011,11930,1193,Maryland,13123
6/29/2011,11339,1354,Massachusetts,12693
6/29/2011,15260,2038,Michigan,17298
6/29/2011,14127,920,Minnesota,15047
6/29/2011,16575,1196,Missouri,17771
6/29/2011,2098,679,Montana,2777
6/29/2011,5624,863,Nebraska,6487
6/29/2011,4942,663,New Hampshire,5605
6/29/2011,25021,3226,New Jersey,28247
6/29/2011,4720,935,New Mexico,5655
6/29/2011,43100,3158,New York,46258
6/29/2011,17507,7170,North Carolina,24677
6/29/2011,1012,681,North Dakota,1693
6/29/2011,12122,2727,Ohio,14849
6/29/2011,5501,3154,Oklahoma,8655
6/29/2011,5501,1186,Oregon,6687
6/29/2011,31929,7887,Pennsylvania,39816
6/29/2011,4626,909,Rhode Island,5535
6/29/2011,8676,5297,South Carolina,13973
6/29/2011,2600,409,South Dakota,3009
6/29/2011,12061,3749,Tennessee,15810
6/29/2011,20826,5718,Texas,26544
6/29/2011,986,515,Vermont,1501
6/29/2011,121,254,Virgin Islands,375
6/29/2011,11301,1959,Virginia,13260
6/29/2011,6904,754,Washington,7658
6/29/2011,7024,699,West Virginia,7723
6/29/2011,12263,1611,Wisconsin,13874
6/25/2011,18327,1764,Arizona,20091
6/25/2011,3927,2164,Arkansas,6091
6/25/2011,7983,4892,Colorado,12875
6/25/2011,9045,2980,Connecticut,12025
6/25/2011,4096,536,Delaware,4632
6/25/2011,2693,492,Dist. of Columbia,3185
6/25/2011,74268,17757,Florida,92025
6/25/2011,17619,1514,Georgia,19133
6/25/2011,6296,1011,Idaho,7307
6/25/2011,18237,2741,Illinois,20978
6/25/2011,16456,3680,Indiana,20136
6/25/2011,8177,2167,Iowa,10344
6/25/2011,7348,665,Kansas,8013
6/25/2011,15635,1638,Kentucky,17273
6/25/2011,19937,4075,Louisiana,24012
6/25/2011,2034,2556,Maine,4590
6/25/2011,12675,1374,Maryland,14049
6/25/2011,11339,1515,Massachusetts,12854
6/25/2011,16680,2521,Michigan,19201
6/25/2011,14409,1045,Minnesota,15454
6/25/2011,18504,1376,Missouri,19880
6/25/2011,2182,743,Montana,2925
6/25/2011,6355,864,Nebraska,7219
6/25/2011,5675,704,New Hampshire,6379
6/25/2011,24463,3393,New Jersey,27856
6/25/2011,5440,1096,New Mexico,6536
6/25/2011,42841,3379,New York,46220
6/25/2011,21142,8699,North Carolina,29841
6/25/2011,997,644,North Dakota,1641
6/25/2011,12155,3004,Ohio,15159
6/25/2011,6203,3887,Oklahoma,10090
6/25/2011,5407,1333,Oregon,6740
6/25/2011,34804,9091,Pennsylvania,43895
6/25/2011,5475,1099,Rhode Island,6574
6/25/2011,10389,6578,South Carolina,16967
6/25/2011,2664,452,South Dakota,3116
6/25/2011,14985,4909,Tennessee,19894
6/25/2011,22480,6385,Texas,28865
6/25/2011,1102,583,Vermont,1685
6/25/2011,214,352,Virgin Islands,566
6/25/2011,12237,2385,Virginia,14622
6/25/2011,7000,906,Washington,7906
6/25/2011,7485,796,West Virginia,8281
6/25/2011,13148,1628,Wisconsin,14776
6/22/2011,16022,1686,Arizona,17708
6/22/2011,3442,1839,Arkansas,5281
6/22/2011,6936,4281,Colorado,11217
6/22/2011,7936,2620,Connecticut,10556
6/22/2011,3611,499,Delaware,4110
6/22/2011,2443,445,Dist. of Columbia,2888
6/22/2011,62417,15779,Florida,78196
6/22/2011,14249,1276,Georgia,15525
6/22/2011,5713,968,Idaho,6681
6/22/2011,15116,2495,Illinois,17611
6/22/2011,12743,3190,Indiana,15933
6/22/2011,7336,1901,Iowa,9237
6/22/2011,6205,567,Kansas,6772
6/22/2011,13124,1340,Kentucky,14464
6/22/2011,16931,3696,Louisiana,20627
6/22/2011,1774,2083,Maine,3857
6/22/2011,11142,1194,Maryland,12336
6/22/2011,9927,1341,Massachusetts,11268
6/22/2011,14580,2243,Michigan,16823
6/22/2011,12695,919,Minnesota,13614
6/22/2011,15785,1283,Missouri,17068
6/22/2011,2153,709,Montana,2862
6/22/2011,5618,799,Nebraska,6417
6/22/2011,4687,625,New Hampshire,5312
6/22/2011,22848,3118,New Jersey,25966
6/22/2011,4734,1026,New Mexico,5760
6/22/2011,38099,3218,New York,41317
6/22/2011,18141,7699,North Carolina,25840
6/22/2011,928,662,North Dakota,1590
6/22/2011,10383,2598,Ohio,12981
6/22/2011,5283,3335,Oklahoma,8618
6/22/2011,4921,1147,Oregon,6068
6/22/2011,28692,7648,Pennsylvania,36340
6/22/2011,4778,956,Rhode Island,5734
6/22/2011,8384,5434,South Carolina,13818
6/22/2011,2436,447,South Dakota,2883
6/22/2011,12423,4216,Tennessee,16639
6/22/2011,19019,5314,Texas,24333
6/22/2011,909,488,Vermont,1397
6/22/2011,184,280,Virgin Islands,464
6/22/2011,10612,2121,Virginia,12733
6/22/2011,6379,744,Washington,7123
6/22/2011,6416,698,West Virginia,7114
6/22/2011,11647,1519,Wisconsin,13166
6/18/2011,16758,1724,Arizona,18482
6/18/2011,3803,2276,Arkansas,6079
6/18/2011,6969,4809,Colorado,11778
6/18/2011,8975,3105,Connecticut,12080
6/18/2011,3930,544,Delaware,4474
6/18/2011,2481,462,Dist. of Columbia,2943
6/18/2011,74874,18846,Florida,93720
6/18/2011,14763,1348,Georgia,16111
6/18/2011,5718,985,Idaho,6703
6/18/2011,14674,2377,Illinois,17051
6/18/2011,14616,3465,Indiana,18081
6/18/2011,7869,2167,Iowa,10036
6/18/2011,6590,632,Kansas,7222
6/18/2011,14475,1503,Kentucky,15978
6/18/2011,16978,3676,Louisiana,20654
6/18/2011,2098,2387,Maine,4485
6/18/2011,12128,1324,Maryland,13452
6/18/2011,10154,1449,Massachusetts,11603
6/18/2011,14352,2213,Michigan,16565
6/18/2011,12529,956,Minnesota,13485
6/18/2011,16417,1324,Missouri,17741
6/18/2011,2134,668,Montana,2802
6/18/2011,5800,810,Nebraska,6610
6/18/2011,5412,698,New Hampshire,6110
6/18/2011,21098,3103,New Jersey,24201
6/18/2011,4957,1090,New Mexico,6047
6/18/2011,37273,3137,New York,40410
6/18/2011,20784,8857,North Carolina,29641
6/18/2011,948,694,North Dakota,1642
6/18/2011,11446,3002,Ohio,14448
6/18/2011,5660,3794,Oklahoma,9454
6/18/2011,4575,1215,Oregon,5790
6/18/2011,31979,8405,Pennsylvania,40384
6/18/2011,5113,1005,Rhode Island,6118
6/18/2011,10192,6672,South Carolina,16864
6/18/2011,2370,436,South Dakota,2806
6/18/2011,14294,4935,Tennessee,19229
6/18/2011,19582,5621,Texas,25203
6/18/2011,1001,547,Vermont,1548
6/18/2011,136,307,Virgin Islands,443
6/18/2011,11405,2281,Virginia,13686
6/18/2011,5868,715,Washington,6583
6/18/2011,6948,787,West Virginia,7735
6/18/2011,11936,1655,Wisconsin,13591
6/15/2011,14264,1492,Arizona,15756
6/15/2011,2886,1555,Arkansas,4441
6/15/2011,5755,3771,Colorado,9526
6/15/2011,7214,2571,Connecticut,9785
6/15/2011,2960,428,Delaware,3388
6/15/2011,2053,344,Dist. of Columbia,2397
6/15/2011,48730,12401,Florida,61131
6/15/2011,11583,1092,Georgia,12675
6/15/2011,4879,747,Idaho,5626
6/15/2011,12358,2104,Illinois,14462
6/15/2011,11316,3006,Indiana,14322
6/15/2011,6345,1779,Iowa,8124
6/15/2011,5454,492,Kansas,5946
6/15/2011,11540,1280,Kentucky,12820
6/15/2011,14306,3053,Louisiana,17359
6/15/2011,1686,1905,Maine,3591
6/15/2011,9772,1112,Maryland,10884
6/15/2011,9541,1335,Massachusetts,10876
6/15/2011,12780,2064,Michigan,14844
6/15/2011,10641,845,Minnesota,11486
6/15/2011,14294,1177,Missouri,15471
6/15/2011,1871,582,Montana,2453
6/15/2011,5102,716,Nebraska,5818
6/15/2011,4558,707,New Hampshire,5265
6/15/2011,19984,3072,New Jersey,23056
6/15/2011,4086,856,New Mexico,4942
6/15/2011,32826,2860,New York,35686
6/15/2011,14391,6221,North Carolina,20612
6/15/2011,829,644,North Dakota,1473
6/15/2011,9616,2698,Ohio,12314
6/15/2011,4340,2625,Oklahoma,6965
6/15/2011,4212,1104,Oregon,5316
6/15/2011,23917,6666,Pennsylvania,30583
6/15/2011,4434,865,Rhode Island,5299
6/15/2011,6866,4410,South Carolina,11276
6/15/2011,1960,371,South Dakota,2331
6/15/2011,9883,3312,Tennessee,13195
6/15/2011,16663,4728,Texas,21391
6/15/2011,890,464,Vermont,1354
6/15/2011,119,241,Virgin Islands,360
6/15/2011,9014,1830,Virginia,10844
6/15/2011,5366,726,Washington,6092
6/15/2011,5781,641,West Virginia,6422
6/15/2011,10247,1394,Wisconsin,11641
6/11/2011,17054,1822,Arizona,18876
6/11/2011,3434,2133,Arkansas,5567
6/11/2011,6249,4663,Colorado,10912
6/11/2011,8046,2829,Connecticut,10875
6/11/2011,3598,487,Delaware,4085
6/11/2011,2521,451,Dist. of Columbia,2972
6/11/2011,62713,15775,Florida,78488
6/11/2011,14604,1347,Georgia,15951
6/11/2011,5729,976,Idaho,6705
6/11/2011,14009,2499,Illinois,16508
6/11/2011,13818,3830,Indiana,17648
6/11/2011,7294,2035,Iowa,9329
6/11/2011,6300,619,Kansas,6919
6/11/2011,13843,1435,Kentucky,15278
6/11/2011,16647,3687,Louisiana,20334
6/11/2011,2013,1405,Maine,3418
6/11/2011,11612,1338,Maryland,12950
6/11/2011,9907,1416,Massachusetts,11323
6/11/2011,14314,2422,Michigan,16736
6/11/2011,11889,934,Minnesota,12823
6/11/2011,16317,1238,Missouri,17555
6/11/2011,2038,683,Montana,2721
6/11/2011,5646,792,Nebraska,6438
6/11/2011,5054,677,New Hampshire,5731
6/11/2011,20317,3205,New Jersey,23522
6/11/2011,4930,1013,New Mexico,5943
6/11/2011,36061,3357,New York,39418
6/11/2011,18119,8025,North Carolina,26144
6/11/2011,890,702,North Dakota,1592
6/11/2011,10722,2829,Ohio,13551
6/11/2011,5212,3567,Oklahoma,8779
6/11/2011,4525,1241,Oregon,5766
6/11/2011,28714,7973,Pennsylvania,36687
6/11/2011,4879,974,Rhode Island,5853
6/11/2011,8768,5986,South Carolina,14754
6/11/2011,2077,395,South Dakota,2472
6/11/2011,12710,4417,Tennessee,17127
6/11/2011,18875,5710,Texas,24585
6/11/2011,933,506,Vermont,1439
6/11/2011,160,328,Virgin Islands,488
6/11/2011,10248,2110,Virginia,12358
6/11/2011,5676,753,Washington,6429
6/11/2011,6697,842,West Virginia,7539
6/11/2011,11824,1655,Wisconsin,13479
6/8/2011,14830,1504,Arizona,16334
6/8/2011,2985,1702,Arkansas,4687
6/8/2011,5882,4049,Colorado,9931
6/8/2011,7485,2592,Connecticut,10077
6/8/2011,3221,459,Delaware,3680
6/8/2011,2200,393,Dist. of Columbia,2593
6/8/2011,51485,12755,Florida,64240
6/8/2011,12432,1201,Georgia,13633
6/8/2011,5195,847,Idaho,6042
6/8/2011,13395,2271,Illinois,15666
6/8/2011,11912,3058,Indiana,14970
6/8/2011,6720,1735,Iowa,8455
6/8/2011,5558,518,Kansas,6076
6/8/2011,12101,1291,Kentucky,13392
6/8/2011,15087,3252,Louisiana,18339
6/8/2011,1838,1284,Maine,3122
6/8/2011,10325,1148,Maryland,11473
6/8/2011,9636,1347,Massachusetts,10983
6/8/2011,13975,2071,Michigan,16046
6/8/2011,11028,855,Minnesota,11883
6/8/2011,14773,1148,Missouri,15921
6/8/2011,1934,611,Montana,2545
6/8/2011,5114,707,Nebraska,5821
6/8/2011,4492,641,New Hampshire,5133
6/8/2011,21238,3161,New Jersey,24399
6/8/2011,4388,915,New Mexico,5303
6/8/2011,34293,2949,New York,37242
6/8/2011,15163,6420,North Carolina,21583
6/8/2011,864,622,North Dakota,1486
6/8/2011,10619,2719,Ohio,13338
6/8/2011,4674,3002,Oklahoma,7676
6/8/2011,4470,1154,Oregon,5624
6/8/2011,25470,6896,Pennsylvania,32366
6/8/2011,4127,867,Rhode Island,4994
6/8/2011,7320,4595,South Carolina,11915
6/8/2011,2007,351,South Dakota,2358
6/8/2011,10599,3379,Tennessee,13978
6/8/2011,18043,4897,Texas,22940
6/8/2011,856,531,Vermont,1387
6/8/2011,157,237,Virgin Islands,394
6/8/2011,9730,1957,Virginia,11687
6/8/2011,6142,794,Washington,6936
6/8/2011,5936,671,West Virginia,6607
6/8/2011,10601,1421,Wisconsin,12022
6/4/2011,18788,1935,Arizona,20723
6/4/2011,3995,2369,Arkansas,6364
6/4/2011,6725,4758,Colorado,11483
6/4/2011,8543,3002,Connecticut,11545
6/4/2011,3861,508,Delaware,4369
6/4/2011,2649,459,Dist. of Columbia,3108
6/4/2011,68896,17305,Florida,86201
6/4/2011,15741,1396,Georgia,17137
6/4/2011,6386,1064,Idaho,7450
6/4/2011,16400,2653,Illinois,19053
6/4/2011,15552,4011,Indiana,19563
6/4/2011,8137,2159,Iowa,10296
6/4/2011,6737,617,Kansas,7354
6/4/2011,15348,1545,Kentucky,16893
6/4/2011,18385,3830,Louisiana,22215
6/4/2011,2089,1522,Maine,3611
6/4/2011,12926,1351,Maryland,14277
6/4/2011,12002,1543,Massachusetts,13545
6/4/2011,17416,2416,Michigan,19832
6/4/2011,12700,983,Minnesota,13683
6/4/2011,17771,1371,Missouri,19142
6/4/2011,2209,686,Montana,2895
6/4/2011,5913,830,Nebraska,6743
6/4/2011,5220,668,New Hampshire,5888
6/4/2011,21484,3034,New Jersey,24518
6/4/2011,5414,1073,New Mexico,6487
6/4/2011,39124,3180,New York,42304
6/4/2011,19305,8457,North Carolina,27762
6/4/2011,1001,764,North Dakota,1765
6/4/2011,12846,3227,Ohio,16073
6/4/2011,5708,3685,Oklahoma,9393
6/4/2011,5441,1336,Oregon,6777
6/4/2011,32723,8780,Pennsylvania,41503
6/4/2011,5286,982,Rhode Island,6268
6/4/2011,9952,6323,South Carolina,16275
6/4/2011,2182,428,South Dakota,2610
6/4/2011,13821,4778,Tennessee,18599
6/4/2011,21766,6265,Texas,28031
6/4/2011,1090,625,Vermont,1715
6/4/2011,184,360,Virgin Islands,544
6/4/2011,11615,2225,Virginia,13840
6/4/2011,6609,852,Washington,7461
6/4/2011,7345,773,West Virginia,8118
6/4/2011,12712,1755,Wisconsin,14467
6/1/2011,39095,2825,Arizona,41920
6/1/2011,7281,3538,Arkansas,10819
6/1/2011,18016,8356,Colorado,26372
6/1/2011,19662,5296,Connecticut,24958
6/1/2011,9375,864,Delaware,10239
6/1/2011,4372,716,Dist. of Columbia,5088
6/1/2011,163084,30671,Florida,193755
6/1/2011,39377,2691,Georgia,42068
6/1/2011,11106,1541,Idaho,12647
6/1/2011,46799,5009,Illinois,51808
6/1/2011,24281,4669,Indiana,28950
6/1/2011,15837,3315,Iowa,19152
6/1/2011,13211,982,Kansas,14193
6/1/2011,23600,2229,Kentucky,25829
6/1/2011,37225,5490,Louisiana,42715
6/1/2011,3106,1735,Maine,4841
6/1/2011,27423,2276,Maryland,29699
6/1/2011,32765,2659,Massachusetts,35424
6/1/2011,45127,4150,Michigan,49277
6/1/2011,29894,1555,Minnesota,31449
6/1/2011,34599,2013,Missouri,36612
6/1/2011,3442,946,Montana,4388
6/1/2011,11582,1241,Nebraska,12823
6/1/2011,10848,1163,New Hampshire,12011
6/1/2011,82417,7020,New Jersey,89437
6/1/2011,12883,2042,New Mexico,14925
6/1/2011,151845,7362,New York,159207
6/1/2011,37243,11931,North Carolina,49174
6/1/2011,1899,1068,North Dakota,2967
6/1/2011,29647,4827,Ohio,34474
6/1/2011,12578,6433,Oklahoma,19011
6/1/2011,14136,2397,Oregon,16533
6/1/2011,92043,17043,Pennsylvania,109086
6/1/2011,8918,1538,Rhode Island,10456
6/1/2011,17789,9085,South Carolina,26874
6/1/2011,4787,664,South Dakota,5451
6/1/2011,24980,6528,Tennessee,31508
6/1/2011,54208,11636,Texas,65844
6/1/2011,1802,751,Vermont,2553
6/1/2011,259,322,Virgin Islands,581
6/1/2011,27069,3880,Virginia,30949
6/1/2011,18476,1709,Washington,20185
6/1/2011,13173,1208,West Virginia,14381
6/1/2011,24867,2586,Wisconsin,27453
5/28/2011,32408,2764,Arizona,35172
5/28/2011,6949,3717,Arkansas,10666
5/28/2011,15333,7945,Colorado,23278
5/28/2011,17196,4674,Connecticut,21870
5/28/2011,8303,895,Delaware,9198
5/28/2011,4140,606,Dist. of Columbia,4746
5/28/2011,147143,30365,Florida,177508
5/28/2011,31687,2376,Georgia,34063
5/28/2011,10140,1497,Idaho,11637
5/28/2011,40651,4775,Illinois,45426
5/28/2011,25257,5111,Indiana,30368
5/28/2011,15617,3465,Iowa,19082
5/28/2011,12251,916,Kansas,13167
5/28/2011,24877,2291,Kentucky,27168
5/28/2011,32631,5392,Louisiana,38023
5/28/2011,3338,1853,Maine,5191
5/28/2011,24185,2202,Maryland,26387
5/28/2011,25624,2391,Massachusetts,28015
5/28/2011,38571,3914,Michigan,42485
5/28/2011,27175,1618,Minnesota,28793
5/28/2011,32253,2127,Missouri,34380
5/28/2011,3345,1002,Montana,4347
5/28/2011,10475,1222,Nebraska,11697
5/28/2011,9373,1038,New Hampshire,10411
5/28/2011,61560,5845,New Jersey,67405
5/28/2011,10888,1877,New Mexico,12765
5/28/2011,122504,6379,New York,128883
5/28/2011,34128,12316,North Carolina,46444
5/28/2011,1698,1052,North Dakota,2750
5/28/2011,26690,4677,Ohio,31367
5/28/2011,10814,5971,Oklahoma,16785
5/28/2011,11307,2208,Oregon,13515
5/28/2011,80168,15664,Pennsylvania,95832
5/28/2011,8649,1487,Rhode Island,10136
5/28/2011,17116,9407,South Carolina,26523
5/28/2011,4374,651,South Dakota,5025
5/28/2011,23841,6869,Tennessee,30710
5/28/2011,44717,10317,Texas,55034
5/28/2011,1610,824,Vermont,2434
5/28/2011,294,453,Virgin Islands,747
5/28/2011,23674,3751,Virginia,27425
5/28/2011,15047,1584,Washington,16631
5/28/2011,12166,1254,West Virginia,13420
5/28/2011,23257,2643,Wisconsin,25900
5/25/2011,29726,2653,Arizona,32379
5/25/2011,5749,3076,Arkansas,8825
5/25/2011,12510,6593,Colorado,19103
5/25/2011,14037,3901,Connecticut,17938
5/25/2011,6694,707,Delaware,7401
5/25/2011,3959,569,Dist. of Columbia,4528
5/25/2011,106130,23897,Florida,130027
5/25/2011,26612,2091,Georgia,28703
5/25/2011,8889,1405,Idaho,10294
5/25/2011,36428,4445,Illinois,40873
5/25/2011,19413,4169,Indiana,23582
5/25/2011,12612,2954,Iowa,15566
5/25/2011,10161,879,Kansas,11040
5/25/2011,21507,2107,Kentucky,23614
5/25/2011,27039,4907,Louisiana,31946
5/25/2011,2493,1487,Maine,3980
5/25/2011,18924,1649,Maryland,20573
5/25/2011,22114,2166,Massachusetts,24280
5/25/2011,31182,3446,Michigan,34628
5/25/2011,22754,1370,Minnesota,24124
5/25/2011,25734,1946,Missouri,27680
5/25/2011,2985,953,Montana,3938
5/25/2011,9231,1090,Nebraska,10321
5/25/2011,7186,815,New Hampshire,8001
5/25/2011,57037,5697,New Jersey,62734
5/25/2011,9514,1737,New Mexico,11251
5/25/2011,110501,6040,New York,116541
5/25/2011,27029,10187,North Carolina,37216
5/25/2011,1535,942,North Dakota,2477
5/25/2011,21990,3851,Ohio,25841
5/25/2011,8641,4885,Oklahoma,13526
5/25/2011,9778,1924,Oregon,11702
5/25/2011,67644,14538,Pennsylvania,82182
5/25/2011,7314,1355,Rhode Island,8669
5/25/2011,13199,7425,South Carolina,20624
5/25/2011,3755,533,South Dakota,4288
5/25/2011,18639,5642,Tennessee,24281
5/25/2011,39981,9066,Texas,49047
5/25/2011,1388,667,Vermont,2055
5/25/2011,200,332,Virgin Islands,532
5/25/2011,19319,3010,Virginia,22329
5/25/2011,14352,1417,Washington,15769
5/25/2011,10200,1056,West Virginia,11256
5/25/2011,20128,2435,Wisconsin,22563
5/21/2011,23918,2095,Arizona,26013
5/21/2011,4950,2617,Arkansas,7567
5/21/2011,11036,6032,Colorado,17068
5/21/2011,12671,3612,Connecticut,16283
5/21/2011,5728,655,Delaware,6383
5/21/2011,3151,482,Dist. of Columbia,3633
5/21/2011,91302,18795,Florida,110097
5/21/2011,24202,1740,Georgia,25942
5/21/2011,7345,1117,Idaho,8462
5/21/2011,31009,3772,Illinois,34781
5/21/2011,19837,3985,Indiana,23822
5/21/2011,11305,2692,Iowa,13997
5/21/2011,9347,782,Kansas,10129
5/21/2011,19867,1828,Kentucky,21695
5/21/2011,24082,4090,Louisiana,28172
5/21/2011,2472,1557,Maine,4029
5/21/2011,17406,1557,Maryland,18963
5/21/2011,18352,1914,Massachusetts,20266
5/21/2011,27894,3166,Michigan,31060
5/21/2011,20487,1268,Minnesota,21755
5/21/2011,23925,1453,Missouri,25378
5/21/2011,2728,784,Montana,3512
5/21/2011,7935,974,Nebraska,8909
5/21/2011,6839,774,New Hampshire,7613
5/21/2011,44638,4555,New Jersey,49193
5/21/2011,8028,1440,New Mexico,9468
5/21/2011,86692,5070,New York,91762
5/21/2011,22725,8255,North Carolina,30980
5/21/2011,1310,950,North Dakota,2260
5/21/2011,20880,3900,Ohio,24780
5/21/2011,7922,4434,Oklahoma,12356
5/21/2011,8343,1584,Oregon,9927
5/21/2011,53807,11094,Pennsylvania,64901
5/21/2011,6695,1195,Rhode Island,7890
5/21/2011,12547,6942,South Carolina,19489
5/21/2011,3276,479,South Dakota,3755
5/21/2011,16790,4999,Tennessee,21789
5/21/2011,33922,7991,Texas,41913
5/21/2011,1319,789,Vermont,2108
5/21/2011,204,318,Virgin Islands,522
5/21/2011,17525,2788,Virginia,20313
5/21/2011,11835,1245,Washington,13080
5/21/2011,9210,959,West Virginia,10169
5/21/2011,17567,2067,Wisconsin,19634
5/18/2011,20026,1848,Arizona,21874
5/18/2011,4288,2163,Arkansas,6451
5/18/2011,9165,5223,Colorado,14388
5/18/2011,10285,3119,Connecticut,13404
5/18/2011,4635,539,Delaware,5174
5/18/2011,3073,436,Dist. of Columbia,3509
5/18/2011,77277,17156,Florida,94433
5/18/2011,19931,1565,Georgia,21496
5/18/2011,6708,938,Idaho,7646
5/18/2011,26028,3346,Illinois,29374
5/18/2011,15731,3300,Indiana,19031
5/18/2011,9218,2174,Iowa,11392
5/18/2011,7913,698,Kansas,8611
5/18/2011,16948,1557,Kentucky,18505
5/18/2011,20294,3698,Louisiana,23992
5/18/2011,2074,1321,Maine,3395
5/18/2011,14088,1348,Maryland,15436
5/18/2011,15030,1580,Massachusetts,16610
5/18/2011,20383,2609,Michigan,22992
5/18/2011,16830,1054,Minnesota,17884
5/18/2011,19998,1354,Missouri,21352
5/18/2011,2471,779,Montana,3250
5/18/2011,6826,882,Nebraska,7708
5/18/2011,5363,660,New Hampshire,6023
5/18/2011,34884,3986,New Jersey,38870
5/18/2011,6927,1243,New Mexico,8170
5/18/2011,63579,4116,New York,67695
5/18/2011,21025,7956,North Carolina,28981
5/18/2011,1177,829,North Dakota,2006
5/18/2011,16536,3337,Ohio,19873
5/18/2011,6785,3994,Oklahoma,10779
5/18/2011,6818,1453,Oregon,8271
5/18/2011,42706,9413,Pennsylvania,52119
5/18/2011,5360,942,Rhode Island,6302
5/18/2011,10427,5945,South Carolina,16372
5/18/2011,2860,473,South Dakota,3333
5/18/2011,14425,4603,Tennessee,19028
5/18/2011,28665,6576,Texas,35241
5/18/2011,1129,599,Vermont,1728
5/18/2011,174,272,Virgin Islands,446
5/18/2011,15025,2516,Virginia,17541
5/18/2011,10708,1100,Washington,11808
5/18/2011,8317,855,West Virginia,9172
5/18/2011,14459,1774,Wisconsin,16233
5/14/2011,19557,1824,Arizona,21381
5/14/2011,4264,2343,Arkansas,6607
5/14/2011,8661,5230,Colorado,13891
5/14/2011,10139,3181,Connecticut,13320
5/14/2011,4684,551,Delaware,5235
5/14/2011,2999,494,Dist. of Columbia,3493
5/14/2011,76728,17465,Florida,94193
5/14/2011,19389,1594,Georgia,20983
5/14/2011,6148,932,Idaho,7080
5/14/2011,22789,3084,Illinois,25873
5/14/2011,16805,3675,Indiana,20480
5/14/2011,8853,2279,Iowa,11132
5/14/2011,8053,682,Kansas,8735
5/14/2011,17352,1539,Kentucky,18891
5/14/2011,19505,3595,Louisiana,23100
5/14/2011,2258,1477,Maine,3735
5/14/2011,14240,1344,Maryland,15584
5/14/2011,13390,1474,Massachusetts,14864
5/14/2011,18746,2614,Michigan,21360
5/14/2011,16006,1039,Minnesota,17045
5/14/2011,19605,1362,Missouri,20967
5/14/2011,2457,727,Montana,3184
5/14/2011,6639,840,Nebraska,7479
5/14/2011,5684,655,New Hampshire,6339
5/14/2011,29716,3712,New Jersey,33428
5/14/2011,6349,1045,New Mexico,7394
5/14/2011,56762,3973,New York,60735
5/14/2011,20820,8197,North Carolina,29017
5/14/2011,1150,880,North Dakota,2030
5/14/2011,14790,3201,Ohio,17991
5/14/2011,6874,3974,Oklahoma,10848
5/14/2011,6549,1401,Oregon,7950
5/14/2011,40553,9433,Pennsylvania,49986
5/14/2011,5715,969,Rhode Island,6684
5/14/2011,10897,6410,South Carolina,17307
5/14/2011,2775,496,South Dakota,3271
5/14/2011,15028,4835,Tennessee,19863
5/14/2011,26848,6449,Texas,33297
5/14/2011,1122,685,Vermont,1807
5/14/2011,194,296,Virgin Islands,490
5/14/2011,14238,2510,Virginia,16748
5/14/2011,9537,1018,Washington,10555
5/14/2011,8130,884,West Virginia,9014
5/14/2011,14499,1787,Wisconsin,16286
5/11/2011,17285,1780,Arizona,19065
5/11/2011,3710,1900,Arkansas,5610
5/11/2011,7404,4592,Colorado,11996
5/11/2011,9009,3097,Connecticut,12106
5/11/2011,3753,470,Delaware,4223
5/11/2011,2535,461,Dist. of Columbia,2996
5/11/2011,60915,14599,Florida,75514
5/11/2011,15343,1345,Georgia,16688
5/11/2011,5430,853,Idaho,6283
5/11/2011,18142,2762,Illinois,20904
5/11/2011,13560,3310,Indiana,16870
5/11/2011,7668,1914,Iowa,9582
5/11/2011,6953,562,Kansas,7515
5/11/2011,14141,1521,Kentucky,15662
5/11/2011,16406,3354,Louisiana,19760
5/11/2011,2098,1347,Maine,3445
5/11/2011,11440,1229,Maryland,12669
5/11/2011,11697,1484,Massachusetts,13181
5/11/2011,15861,2280,Michigan,18141
5/11/2011,13362,920,Minnesota,14282
5/11/2011,17170,1319,Missouri,18489
5/11/2011,2280,700,Montana,2980
5/11/2011,5786,813,Nebraska,6599
5/11/2011,4943,653,New Hampshire,5596
5/11/2011,26816,3646,New Jersey,30462
5/11/2011,4900,958,New Mexico,5858
5/11/2011,46891,3463,New York,50354
5/11/2011,16854,6834,North Carolina,23688
5/11/2011,1079,749,North Dakota,1828
5/11/2011,12602,2966,Ohio,15568
5/11/2011,5692,3595,Oklahoma,9287
5/11/2011,5661,1306,Oregon,6967
5/11/2011,32444,8121,Pennsylvania,40565
5/11/2011,4686,927,Rhode Island,5613
5/11/2011,8803,5462,South Carolina,14265
5/11/2011,2302,389,South Dakota,2691
5/11/2011,12556,4032,Tennessee,16588
5/11/2011,23110,5730,Texas,28840
5/11/2011,1004,569,Vermont,1573
5/11/2011,153,264,Virgin Islands,417
5/11/2011,12075,2254,Virginia,14329
5/11/2011,8679,950,Washington,9629
5/11/2011,6835,761,West Virginia,7596
5/11/2011,12583,1645,Wisconsin,14228
5/7/2011,18266,1850,Arizona,20116
5/7/2011,3895,2304,Arkansas,6199
5/7/2011,7297,4921,Colorado,12218
5/7/2011,8959,2989,Connecticut,11948
5/7/2011,3974,492,Delaware,4466
5/7/2011,2802,446,Dist. of Columbia,3248
5/7/2011,68309,16532,Florida,84841
5/7/2011,17038,1524,Georgia,18562
5/7/2011,5860,959,Idaho,6819
5/7/2011,18625,2975,Illinois,21600
5/7/2011,15789,3688,Indiana,19477
5/7/2011,7653,2155,Iowa,9808
5/7/2011,7177,715,Kansas,7892
5/7/2011,16417,1609,Kentucky,18026
5/7/2011,17850,3607,Louisiana,21457
5/7/2011,2044,1446,Maine,3490
5/7/2011,12235,1220,Maryland,13455
5/7/2011,11294,1495,Massachusetts,12789
5/7/2011,16486,2473,Michigan,18959
5/7/2011,13902,1054,Minnesota,14956
5/7/2011,18423,1410,Missouri,19833
5/7/2011,2281,717,Montana,2998
5/7/2011,6240,841,Nebraska,7081
5/7/2011,5122,625,New Hampshire,5747
5/7/2011,24944,3524,New Jersey,28468
5/7/2011,5231,998,New Mexico,6229
5/7/2011,47425,3697,New York,51122
5/7/2011,18802,7867,North Carolina,26669
5/7/2011,1049,780,North Dakota,1829
5/7/2011,12685,3130,Ohio,15815
5/7/2011,5873,3688,Oklahoma,9561
5/7/2011,5562,1390,Oregon,6952
5/7/2011,34899,8925,Pennsylvania,43824
5/7/2011,5189,960,Rhode Island,6149
5/7/2011,9783,6272,South Carolina,16055
5/7/2011,2319,383,South Dakota,2702
5/7/2011,13281,4327,Tennessee,17608
5/7/2011,23291,6122,Texas,29413
5/7/2011,1017,534,Vermont,1551
5/7/2011,160,316,Virgin Islands,476
5/7/2011,12164,2323,Virginia,14487
5/7/2011,8179,908,Washington,9087
5/7/2011,7380,897,West Virginia,8277
5/7/2011,13456,1649,Wisconsin,15105
5/4/2011,16547,1781,Arizona,18328
5/4/2011,3474,1964,Arkansas,5438
5/4/2011,6419,4287,Colorado,10706
5/4/2011,7865,2783,Connecticut,10648
5/4/2011,3337,447,Delaware,3784
5/4/2011,2624,441,Dist. of Columbia,3065
5/4/2011,59809,15001,Florida,74810
5/4/2011,14261,1411,Georgia,15672
5/4/2011,5437,925,Idaho,6362
5/4/2011,15163,2686,Illinois,17849
5/4/2011,12965,3415,Indiana,16380
5/4/2011,7025,1905,Iowa,8930
5/4/2011,6260,576,Kansas,6836
5/4/2011,14308,1546,Kentucky,15854
5/4/2011,15924,3522,Louisiana,19446
5/4/2011,1855,1380,Maine,3235
5/4/2011,10684,1181,Maryland,11865
5/4/2011,9869,1514,Massachusetts,11383
5/4/2011,13249,2302,Michigan,15551
5/4/2011,12274,913,Minnesota,13187
5/4/2011,16380,1309,Missouri,17689
5/4/2011,2198,716,Montana,2914
5/4/2011,5725,846,Nebraska,6571
5/4/2011,4626,650,New Hampshire,5276
5/4/2011,21914,3384,New Jersey,25298
5/4/2011,4814,810,New Mexico,5624
5/4/2011,37660,3468,New York,41128
5/4/2011,16960,7373,North Carolina,24333
5/4/2011,923,740,North Dakota,1663
5/4/2011,10725,2955,Ohio,13680
5/4/2011,4992,3412,Oklahoma,8404
5/4/2011,4632,1241,Oregon,5873
5/4/2011,28612,7914,Pennsylvania,36526
5/4/2011,4652,933,Rhode Island,5585
5/4/2011,8203,5708,South Carolina,13911
5/4/2011,2107,397,South Dakota,2504
5/4/2011,11958,4192,Tennessee,16150
5/4/2011,19807,5349,Texas,25156
5/4/2011,843,507,Vermont,1350
5/4/2011,149,283,Virgin Islands,432
5/4/2011,10018,2098,Virginia,12116
5/4/2011,6628,722,Washington,7350
5/4/2011,6809,785,West Virginia,7594
5/4/2011,11926,1653,Wisconsin,13579
4/30/2011,17182,1862,Arizona,19044
4/30/2011,3830,2212,Arkansas,6042
4/30/2011,6723,4899,Colorado,11622
4/30/2011,8297,2993,Connecticut,11290
4/30/2011,3527,479,Delaware,4006
4/30/2011,2562,425,Dist. of Columbia,2987
4/30/2011,65698,16409,Florida,82107
4/30/2011,14675,1403,Georgia,16078
4/30/2011,5591,917,Idaho,6508
4/30/2011,15520,2754,Illinois,18274
4/30/2011,15307,3772,Indiana,19079
4/30/2011,7509,2049,Iowa,9558
4/30/2011,6606,599,Kansas,7205
4/30/2011,15367,1607,Kentucky,16974
4/30/2011,16862,3614,Louisiana,20476
4/30/2011,2123,1496,Maine,3619
4/30/2011,11648,1322,Maryland,12970
4/30/2011,10175,1512,Massachusetts,11687
4/30/2011,14117,2425,Michigan,16542
4/30/2011,12147,953,Minnesota,13100
4/30/2011,17423,1390,Missouri,18813
4/30/2011,2152,736,Montana,2888
4/30/2011,5723,827,Nebraska,6550
4/30/2011,5152,694,New Hampshire,5846
4/30/2011,19710,3122,New Jersey,22832
4/30/2011,4917,964,New Mexico,5881
4/30/2011,32701,3095,New York,35796
4/30/2011,19061,8282,North Carolina,27343
4/30/2011,893,719,North Dakota,1612
4/30/2011,10548,3135,Ohio,13683
4/30/2011,5396,3554,Oklahoma,8950
4/30/2011,4794,1271,Oregon,6065
4/30/2011,30219,8319,Pennsylvania,38538
4/30/2011,5003,931,Rhode Island,5934
4/30/2011,9654,6362,South Carolina,16016
4/30/2011,2202,370,South Dakota,2572
4/30/2011,13165,4433,Tennessee,17598
4/30/2011,20068,5605,Texas,25673
4/30/2011,1053,567,Vermont,1620
4/30/2011,183,341,Virgin Islands,524
4/30/2011,10558,2259,Virginia,12817
4/30/2011,5986,734,Washington,6720
4/30/2011,6975,858,West Virginia,7833
4/30/2011,12412,1671,Wisconsin,14083
4/27/2011,16086,1812,Arizona,17898
4/27/2011,3415,2054,Arkansas,5469
4/27/2011,6173,4508,Colorado,10681
4/27/2011,7695,2834,Connecticut,10529
4/27/2011,3270,478,Delaware,3748
4/27/2011,2498,470,Dist. of Columbia,2968
4/27/2011,58971,15490,Florida,74461
4/27/2011,12429,1333,Georgia,13762
4/27/2011,5454,958,Idaho,6412
4/27/2011,14302,2701,Illinois,17003
4/27/2011,12660,3374,Indiana,16034
4/27/2011,7042,1903,Iowa,8945
4/27/2011,6173,579,Kansas,6752
4/27/2011,13188,1440,Kentucky,14628
4/27/2011,15069,3513,Louisiana,18582
4/27/2011,1950,1529,Maine,3479
4/27/2011,10302,1216,Maryland,11518
4/27/2011,9619,1599,Massachusetts,11218
4/27/2011,12925,2240,Michigan,15165
4/27/2011,11576,895,Minnesota,12471
4/27/2011,15568,1331,Missouri,16899
4/27/2011,2163,825,Montana,2988
4/27/2011,5717,771,Nebraska,6488
4/27/2011,4600,758,New Hampshire,5358
4/27/2011,19627,3234,New Jersey,22861
4/27/2011,4564,912,New Mexico,5476
4/27/2011,32357,3032,New York,35389
4/27/2011,17578,8028,North Carolina,25606
4/27/2011,919,796,North Dakota,1715
4/27/2011,9804,2847,Ohio,12651
4/27/2011,4946,3358,Oklahoma,8304
4/27/2011,4501,1268,Oregon,5769
4/27/2011,27411,7968,Pennsylvania,35379
4/27/2011,4609,972,Rhode Island,5581
4/27/2011,8510,5963,South Carolina,14473
4/27/2011,2167,391,South Dakota,2558
4/27/2011,10875,3953,Tennessee,14828
4/27/2011,18896,4904,Texas,23800
4/27/2011,913,548,Vermont,1461
4/27/2011,155,308,Virgin Islands,463
4/27/2011,9676,2153,Virginia,11829
4/27/2011,5927,666,Washington,6593
4/27/2011,6492,798,West Virginia,7290
4/27/2011,11265,1715,Wisconsin,12980
4/23/2011,21203,2039,Arizona,23242
4/23/2011,4862,2747,Arkansas,7609
4/23/2011,9177,5838,Colorado,15015
4/23/2011,11257,3584,Connecticut,14841
4/23/2011,4953,589,Delaware,5542
4/23/2011,2909,529,Dist. of Columbia,3438
4/23/2011,91236,21224,Florida,112460
4/23/2011,19743,1671,Georgia,21414
4/23/2011,6596,1023,Idaho,7619
4/23/2011,22824,3359,Illinois,26183
4/23/2011,18798,4230,Indiana,23028
4/23/2011,9455,2393,Iowa,11848
4/23/2011,8129,684,Kansas,8813
4/23/2011,17555,1710,Kentucky,19265
4/23/2011,20558,4057,Louisiana,24615
4/23/2011,2438,1698,Maine,4136
4/23/2011,14618,1555,Maryland,16173
4/23/2011,14570,1857,Massachusetts,16427
4/23/2011,20299,2837,Michigan,23136
4/23/2011,16493,1195,Minnesota,17688
4/23/2011,20239,1494,Missouri,21733
4/23/2011,2378,804,Montana,3182
4/23/2011,6956,954,Nebraska,7910
4/23/2011,6185,756,New Hampshire,6941
4/23/2011,29296,3747,New Jersey,33043
4/23/2011,6224,1132,New Mexico,7356
4/23/2011,47422,3620,New York,51042
4/23/2011,23260,9619,North Carolina,32879
4/23/2011,1264,881,North Dakota,2145
4/23/2011,15392,3699,Ohio,19091
4/23/2011,7378,4444,Oklahoma,11822
4/23/2011,6622,1465,Oregon,8087
4/23/2011,42482,10209,Pennsylvania,52691
4/23/2011,5993,1069,Rhode Island,7062
4/23/2011,11988,7286,South Carolina,19274
4/23/2011,2793,501,South Dakota,3294
4/23/2011,16608,5312,Tennessee,21920
4/23/2011,26864,6578,Texas,33442
4/23/2011,1218,618,Vermont,1836
4/23/2011,206,333,Virgin Islands,539
4/23/2011,14821,2665,Virginia,17486
4/23/2011,9643,798,Washington,10441
4/23/2011,8427,949,West Virginia,9376
4/23/2011,15319,1911,Wisconsin,17230
4/20/2011,18766,1796,Arizona,20562
4/20/2011,4064,2187,Arkansas,6251
4/20/2011,8087,4807,Colorado,12894
4/20/2011,9555,3144,Connecticut,12699
4/20/2011,3999,517,Delaware,4516
4/20/2011,2651,476,Dist. of Columbia,3127
4/20/2011,71423,17693,Florida,89116
4/20/2011,15729,1473,Georgia,17202
4/20/2011,6111,976,Idaho,7087
4/20/2011,19868,3116,Illinois,22984
4/20/2011,14257,3355,Indiana,17612
4/20/2011,7883,2044,Iowa,9927
4/20/2011,6953,573,Kansas,7526
4/20/2011,14912,1521,Kentucky,16433
4/20/2011,17616,3646,Louisiana,21262
4/20/2011,2004,1400,Maine,3404
4/20/2011,12493,1229,Maryland,13722
4/20/2011,12129,1591,Massachusetts,13720
4/20/2011,17106,2588,Michigan,19694
4/20/2011,14105,946,Minnesota,15051
4/20/2011,18419,1398,Missouri,19817
4/20/2011,2275,704,Montana,2979
4/20/2011,6384,882,Nebraska,7266
4/20/2011,5237,716,New Hampshire,5953
4/20/2011,28133,3887,New Jersey,32020
4/20/2011,5132,918,New Mexico,6050
4/20/2011,43419,3427,New York,46846
4/20/2011,18616,7515,North Carolina,26131
4/20/2011,1084,845,North Dakota,1929
4/20/2011,13105,3244,Ohio,16349
4/20/2011,6066,3659,Oklahoma,9725
4/20/2011,5788,1289,Oregon,7077
4/20/2011,35260,8738,Pennsylvania,43998
4/20/2011,4930,899,Rhode Island,5829
4/20/2011,9096,5597,South Carolina,14693
4/20/2011,2544,409,South Dakota,2953
4/20/2011,13243,4198,Tennessee,17441
4/20/2011,24141,5982,Texas,30123
4/20/2011,967,523,Vermont,1490
4/20/2011,154,337,Virgin Islands,491
4/20/2011,12549,2385,Virginia,14934
4/20/2011,8847,855,Washington,9702
4/20/2011,7293,817,West Virginia,8110
4/20/2011,13182,1625,Wisconsin,14807
4/16/2011,20522,2082,Arizona,22604
4/16/2011,4465,2839,Arkansas,7304
4/16/2011,7783,5521,Colorado,13304
4/16/2011,10011,3390,Connecticut,13401
4/16/2011,4192,570,Delaware,4762
4/16/2011,3056,528,Dist. of Columbia,3584
4/16/2011,86701,21633,Florida,108334
4/16/2011,17579,1756,Georgia,19335
4/16/2011,6660,1086,Idaho,7746
4/16/2011,18936,3387,Illinois,22323
4/16/2011,16613,4098,Indiana,20711
4/16/2011,8463,2326,Iowa,10789
4/16/2011,7657,703,Kansas,8360
4/16/2011,17233,1638,Kentucky,18871
4/16/2011,19874,4253,Louisiana,24127
4/16/2011,2271,1732,Maine,4003
4/16/2011,13541,1495,Maryland,15036
4/16/2011,12687,1862,Massachusetts,14549
4/16/2011,16974,2870,Michigan,19844
4/16/2011,14543,1155,Minnesota,15698
4/16/2011,19586,1483,Missouri,21069
4/16/2011,2524,838,Montana,3362
4/16/2011,6614,902,Nebraska,7516
4/16/2011,5802,793,New Hampshire,6595
4/16/2011,24258,3763,New Jersey,28021
4/16/2011,5729,1200,New Mexico,6929
4/16/2011,41392,3661,New York,45053
4/16/2011,22257,9258,North Carolina,31515
4/16/2011,1098,820,North Dakota,1918
4/16/2011,12472,3483,Ohio,15955
4/16/2011,6206,4301,Oklahoma,10507
4/16/2011,5819,1474,Oregon,7293
4/16/2011,36096,9936,Pennsylvania,46032
4/16/2011,5794,1100,Rhode Island,6894
4/16/2011,11083,7477,South Carolina,18560
4/16/2011,2621,500,South Dakota,3121
4/16/2011,15662,5317,Tennessee,20979
4/16/2011,24138,6398,Texas,30536
4/16/2011,1060,638,Vermont,1698
4/16/2011,238,389,Virgin Islands,627
4/16/2011,12722,2711,Virginia,15433
4/16/2011,7559,825,Washington,8384
4/16/2011,8171,929,West Virginia,9100
4/16/2011,13812,1850,Wisconsin,15662
4/13/2011,16515,1643,Arizona,18158
4/13/2011,3438,1974,Arkansas,5412
4/13/2011,6320,4168,Colorado,10488
4/13/2011,8267,2798,Connecticut,11065
4/13/2011,3457,448,Delaware,3905
4/13/2011,2482,403,Dist. of Columbia,2885
4/13/2011,59632,14560,Florida,74192
4/13/2011,12927,1273,Georgia,14200
4/13/2011,5398,884,Idaho,6282
4/13/2011,15025,2670,Illinois,17695
4/13/2011,12807,3205,Indiana,16012
4/13/2011,6840,1788,Iowa,8628
4/13/2011,6190,520,Kansas,6710
4/13/2011,13332,1330,Kentucky,14662
4/13/2011,16185,3458,Louisiana,19643
4/13/2011,1740,1256,Maine,2996
4/13/2011,11045,1069,Maryland,12114
4/13/2011,9533,1316,Massachusetts,10849
4/13/2011,13782,2203,Michigan,15985
4/13/2011,12089,888,Minnesota,12977
4/13/2011,16457,1157,Missouri,17614
4/13/2011,2160,751,Montana,2911
4/13/2011,5690,732,Nebraska,6422
4/13/2011,4334,575,New Hampshire,4909
4/13/2011,22246,3324,New Jersey,25570
4/13/2011,4515,869,New Mexico,5384
4/13/2011,35560,3063,New York,38623
4/13/2011,16204,6644,North Carolina,22848
4/13/2011,972,699,North Dakota,1671
4/13/2011,10603,3079,Ohio,13682
4/13/2011,4913,3070,Oklahoma,7983
4/13/2011,4767,1252,Oregon,6019
4/13/2011,28139,7410,Pennsylvania,35549
4/13/2011,4576,858,Rhode Island,5434
4/13/2011,8043,4830,South Carolina,12873
4/13/2011,2102,394,South Dakota,2496
4/13/2011,11382,3805,Tennessee,15187
4/13/2011,22356,5272,Texas,27628
4/13/2011,850,467,Vermont,1317
4/13/2011,162,258,Virgin Islands,420
4/13/2011,10021,2115,Virginia,12136
4/13/2011,6249,687,Washington,6936
4/13/2011,6601,735,West Virginia,7336
4/13/2011,11388,1488,Wisconsin,12876
4/9/2011,19699,2108,Arizona,21807
4/9/2011,4549,2705,Arkansas,7254
4/9/2011,7236,5189,Colorado,12425
4/9/2011,9804,3360,Connecticut,13164
4/9/2011,4421,502,Delaware,4923
4/9/2011,2868,521,Dist. of Columbia,3389
4/9/2011,82267,19874,Florida,102141
4/9/2011,15924,1519,Georgia,17443
4/9/2011,6363,1064,Idaho,7427
4/9/2011,17692,3017,Illinois,20709
4/9/2011,15741,3959,Indiana,19700
4/9/2011,8478,2240,Iowa,10718
4/9/2011,7094,633,Kansas,7727
4/9/2011,15363,1576,Kentucky,16939
4/9/2011,18229,3767,Louisiana,21996
4/9/2011,2131,1676,Maine,3807
4/9/2011,14193,1463,Maryland,15656
4/9/2011,11873,1560,Massachusetts,13433
4/9/2011,16489,2498,Michigan,18987
4/9/2011,13197,1055,Minnesota,14252
4/9/2011,18495,1465,Missouri,19960
4/9/2011,2330,821,Montana,3151
4/9/2011,6271,871,Nebraska,7142
4/9/2011,5472,771,New Hampshire,6243
4/9/2011,22756,3269,New Jersey,26025
4/9/2011,5271,1043,New Mexico,6314
4/9/2011,40888,3322,New York,44210
4/9/2011,21665,9508,North Carolina,31173
4/9/2011,1125,853,North Dakota,1978
4/9/2011,12813,3454,Ohio,16267
4/9/2011,6227,4202,Oklahoma,10429
4/9/2011,5361,1461,Oregon,6822
4/9/2011,35825,9309,Pennsylvania,45134
4/9/2011,5606,1054,Rhode Island,6660
4/9/2011,10870,7260,South Carolina,18130
4/9/2011,2386,480,South Dakota,2866
4/9/2011,15392,5265,Tennessee,20657
4/9/2011,24871,6221,Texas,31092
4/9/2011,1011,615,Vermont,1626
4/9/2011,190,385,Virgin Islands,575
4/9/2011,12437,2566,Virginia,15003
4/9/2011,6871,729,Washington,7600
4/9/2011,8097,904,West Virginia,9001
4/9/2011,13461,1808,Wisconsin,15269
4/6/2011,41616,3093,Arizona,44709
4/6/2011,8197,4300,Arkansas,12497
4/6/2011,17367,8382,Colorado,25749
4/6/2011,22416,5372,Connecticut,27788
4/6/2011,10784,982,Delaware,11766
4/6/2011,5262,718,Dist. of Columbia,5980
4/6/2011,197827,38230,Florida,236057
4/6/2011,37672,2761,Georgia,40433
4/6/2011,11201,1558,Idaho,12759
4/6/2011,57774,6514,Illinois,64288
4/6/2011,26657,5062,Indiana,31719
4/6/2011,15514,3330,Iowa,18844
4/6/2011,14434,1035,Kansas,15469
4/6/2011,26246,2366,Kentucky,28612
4/6/2011,41854,6095,Louisiana,47949
4/6/2011,2959,1759,Maine,4718
4/6/2011,27880,2178,Maryland,30058
4/6/2011,38577,2958,Massachusetts,41535
4/6/2011,45306,4526,Michigan,49832
4/6/2011,31785,1725,Minnesota,33510
4/6/2011,37999,2152,Missouri,40151
4/6/2011,3527,994,Montana,4521
4/6/2011,12397,1228,Nebraska,13625
4/6/2011,9653,909,New Hampshire,10562
4/6/2011,93130,7649,New Jersey,100779
4/6/2011,12070,1722,New Mexico,13792
4/6/2011,159386,7456,New York,166842
4/6/2011,35567,12167,North Carolina,47734
4/6/2011,2235,1400,North Dakota,3635
4/6/2011,31527,4925,Ohio,36452
4/6/2011,12249,6282,Oklahoma,18531
4/6/2011,14001,2380,Oregon,16381
4/6/2011,112169,19272,Pennsylvania,131441
4/6/2011,10522,1545,Rhode Island,12067
4/6/2011,17905,9664,South Carolina,27569
4/6/2011,5085,683,South Dakota,5768
4/6/2011,23608,6173,Tennessee,29781
4/6/2011,54831,11408,Texas,66239
4/6/2011,1648,743,Vermont,2391
4/6/2011,274,425,Virgin Islands,699
4/6/2011,27193,3883,Virginia,31076
4/6/2011,18141,1446,Washington,19587
4/6/2011,14301,1300,West Virginia,15601
4/6/2011,27326,2593,Wisconsin,29919
4/2/2011,40898,3707,Arizona,44605
4/2/2011,7671,4568,Arkansas,12239
4/2/2011,14313,7891,Colorado,22204
4/2/2011,19819,5601,Connecticut,25420
4/2/2011,9247,924,Delaware,10171
4/2/2011,4890,755,Dist. of Columbia,5645
4/2/2011,160761,34692,Florida,195453
4/2/2011,36498,3004,Georgia,39502
4/2/2011,10837,1590,Idaho,12427
4/2/2011,47070,6061,Illinois,53131
4/2/2011,26875,5730,Indiana,32605
4/2/2011,14777,3404,Iowa,18181
4/2/2011,13008,1072,Kansas,14080
4/2/2011,27645,2611,Kentucky,30256
4/2/2011,34762,6081,Louisiana,40843
4/2/2011,2891,1911,Maine,4802
4/2/2011,25784,2205,Maryland,27989
4/2/2011,32734,2857,Massachusetts,35591
4/2/2011,40329,4500,Michigan,44829
4/2/2011,27693,1548,Minnesota,29241
4/2/2011,35825,2377,Missouri,38202
4/2/2011,3408,1059,Montana,4467
4/2/2011,11351,1356,Nebraska,12707
4/2/2011,9205,978,New Hampshire,10183
4/2/2011,72750,7366,New Jersey,80116
4/2/2011,11432,1802,New Mexico,13234
4/2/2011,122847,7053,New York,129900
4/2/2011,34317,13452,North Carolina,47769
4/2/2011,1926,1249,North Dakota,3175
4/2/2011,27909,5287,Ohio,33196
4/2/2011,10959,6603,Oklahoma,17562
4/2/2011,11936,2366,Oregon,14302
4/2/2011,97241,20356,Pennsylvania,117597
4/2/2011,10353,1710,Rhode Island,12063
4/2/2011,17339,10218,South Carolina,27557
4/2/2011,4385,682,South Dakota,5067
4/2/2011,24278,7312,Tennessee,31590
4/2/2011,42324,10635,Texas,52959
4/2/2011,1758,792,Vermont,2550
4/2/2011,264,416,Virgin Islands,680
4/2/2011,24283,3917,Virginia,28200
4/2/2011,15209,1325,Washington,16534
4/2/2011,13603,1423,West Virginia,15026
4/2/2011,25441,2786,Wisconsin,28227
3/30/2011,28424,2488,Arizona,30912
3/30/2011,5727,3136,Arkansas,8863
3/30/2011,11240,6010,Colorado,17250
3/30/2011,14515,4039,Connecticut,18554
3/30/2011,6866,686,Delaware,7552
3/30/2011,3545,575,Dist. of Columbia,4120
3/30/2011,106886,22617,Florida,129503
3/30/2011,25541,1937,Georgia,27478
3/30/2011,7811,1148,Idaho,8959
3/30/2011,35438,4363,Illinois,39801
3/30/2011,20065,4573,Indiana,24638
3/30/2011,11498,2612,Iowa,14110
3/30/2011,9274,817,Kansas,10091
3/30/2011,19481,1813,Kentucky,21294
3/30/2011,24653,4458,Louisiana,29111
3/30/2011,2154,1453,Maine,3607
3/30/2011,18709,1639,Maryland,20348
3/30/2011,25743,2065,Massachusetts,27808
3/30/2011,30840,3522,Michigan,34362
3/30/2011,21430,1281,Minnesota,22711
3/30/2011,25179,1672,Missouri,26851
3/30/2011,2664,778,Montana,3442
3/30/2011,8448,1040,Nebraska,9488
3/30/2011,6693,724,New Hampshire,7417
3/30/2011,54150,5631,New Jersey,59781
3/30/2011,8473,1260,New Mexico,9733
3/30/2011,86406,4834,New York,91240
3/30/2011,23453,8605,North Carolina,32058
3/30/2011,1558,1010,North Dakota,2568
3/30/2011,21952,4010,Ohio,25962
3/30/2011,8566,5040,Oklahoma,13606
3/30/2011,9447,1726,Oregon,11173
3/30/2011,69358,13333,Pennsylvania,82691
3/30/2011,7063,1223,Rhode Island,8286
3/30/2011,11746,6695,South Carolina,18441
3/30/2011,3510,479,South Dakota,3989
3/30/2011,17434,4972,Tennessee,22406
3/30/2011,30371,7948,Texas,38319
3/30/2011,1222,588,Vermont,1810
3/30/2011,173,278,Virgin Islands,451
3/30/2011,18489,2883,Virginia,21372
3/30/2011,12391,1025,Washington,13416
3/30/2011,10195,1001,West Virginia,11196
3/30/2011,19398,2247,Wisconsin,21645
3/26/2011,37552,2961,Arizona,40513
3/26/2011,7651,4345,Arkansas,11996
3/26/2011,12485,7167,Colorado,19652
3/26/2011,17646,5223,Connecticut,22869
3/26/2011,7821,833,Delaware,8654
3/26/2011,4619,660,Dist. of Columbia,5279
3/26/2011,122020,27395,Florida,149415
3/26/2011,33371,2401,Georgia,35772
3/26/2011,8917,1322,Idaho,10239
3/26/2011,41248,5165,Illinois,46413
3/26/2011,24102,5110,Indiana,29212
3/26/2011,13778,3169,Iowa,16947
3/26/2011,11165,881,Kansas,12046
3/26/2011,23638,2244,Kentucky,25882
3/26/2011,26202,4986,Louisiana,31188
3/26/2011,2585,2479,Maine,5064
3/26/2011,25222,2041,Maryland,27263
3/26/2011,27063,2685,Massachusetts,29748
3/26/2011,32359,3890,Michigan,36249
3/26/2011,22077,1326,Minnesota,23403
3/26/2011,31067,1980,Missouri,33047
3/26/2011,2923,888,Montana,3811
3/26/2011,9408,1162,Nebraska,10570
3/26/2011,8758,1049,New Hampshire,9807
3/26/2011,51661,6004,New Jersey,57665
3/26/2011,9429,1453,New Mexico,10882
3/26/2011,75735,5276,New York,81011
3/26/2011,29833,11238,North Carolina,41071
3/26/2011,1677,1075,North Dakota,2752
3/26/2011,23668,4861,Ohio,28529
3/26/2011,9709,5439,Oklahoma,15148
3/26/2011,10819,2034,Oregon,12853
3/26/2011,72420,15149,Pennsylvania,87569
3/26/2011,8984,1557,Rhode Island,10541
3/26/2011,15277,8847,South Carolina,24124
3/26/2011,3677,580,South Dakota,4257
3/26/2011,22960,6519,Tennessee,29479
3/26/2011,29216,8265,Texas,37481
3/26/2011,1503,704,Vermont,2207
3/26/2011,239,410,Virgin Islands,649
3/26/2011,23504,3783,Virginia,27287
3/26/2011,14960,1102,Washington,16062
3/26/2011,12474,1217,West Virginia,13691
3/26/2011,20795,2320,Wisconsin,23115
3/23/2011,28935,2535,Arizona,31470
3/23/2011,5629,3322,Arkansas,8951
3/23/2011,10531,6001,Colorado,16532
3/23/2011,12086,3644,Connecticut,15730
3/23/2011,5500,616,Delaware,6116
3/23/2011,3674,520,Dist. of Columbia,4194
3/23/2011,101920,23439,Florida,125359
3/23/2011,26573,2324,Georgia,28897
3/23/2011,8035,1238,Idaho,9273
3/23/2011,31690,4501,Illinois,36191
3/23/2011,17870,4078,Indiana,21948
3/23/2011,10095,2501,Iowa,12596
3/23/2011,8861,712,Kansas,9573
3/23/2011,18653,2060,Kentucky,20713
3/23/2011,23186,4538,Louisiana,27724
3/23/2011,2085,1916,Maine,4001
3/23/2011,16818,1643,Maryland,18461
3/23/2011,19035,2108,Massachusetts,21143
3/23/2011,24740,3305,Michigan,28045
3/23/2011,17968,1150,Minnesota,19118
3/23/2011,24760,1749,Missouri,26509
3/23/2011,2762,836,Montana,3598
3/23/2011,8308,1060,Nebraska,9368
3/23/2011,6332,767,New Hampshire,7099
3/23/2011,41303,5222,New Jersey,46525
3/23/2011,7465,1279,New Mexico,8744
3/23/2011,63728,4726,New York,68454
3/23/2011,25102,9955,North Carolina,35057
3/23/2011,1166,839,North Dakota,2005
3/23/2011,15829,3713,Ohio,19542
3/23/2011,8147,4859,Oklahoma,13006
3/23/2011,8345,1734,Oregon,10079
3/23/2011,49034,11039,Pennsylvania,60073
3/23/2011,6701,1328,Rhode Island,8029
3/23/2011,12531,7494,South Carolina,20025
3/23/2011,3099,533,South Dakota,3632
3/23/2011,17890,5357,Tennessee,23247
3/23/2011,22930,6980,Texas,29910
3/23/2011,1106,501,Vermont,1607
3/23/2011,244,366,Virgin Islands,610
3/23/2011,17588,3116,Virginia,20704
3/23/2011,11013,955,Washington,11968
3/23/2011,9553,967,West Virginia,10520
3/23/2011,15481,1875,Wisconsin,17356
3/19/2011,23077,2485,Arizona,25562
3/19/2011,4678,2868,Arkansas,7546
3/19/2011,8722,5842,Colorado,14564
3/19/2011,10627,3554,Connecticut,14181
3/19/2011,4971,598,Delaware,5569
3/19/2011,2906,582,Dist. of Columbia,3488
3/19/2011,90071,21915,Florida,111986
3/19/2011,21366,2013,Georgia,23379
3/19/2011,6960,1090,Idaho,8050
3/19/2011,21890,3839,Illinois,25729
3/19/2011,17379,4457,Indiana,21836
3/19/2011,9360,2541,Iowa,11901
3/19/2011,8114,705,Kansas,8819
3/19/2011,17338,1748,Kentucky,19086
3/19/2011,21057,4427,Louisiana,25484
3/19/2011,2243,2004,Maine,4247
3/19/2011,14605,1630,Maryland,16235
3/19/2011,13600,1917,Massachusetts,15517
3/19/2011,18844,3205,Michigan,22049
3/19/2011,16254,1176,Minnesota,17430
3/19/2011,20781,1575,Missouri,22356
3/19/2011,2537,849,Montana,3386
3/19/2011,7178,987,Nebraska,8165
3/19/2011,6138,795,New Hampshire,6933
3/19/2011,29199,4638,New Jersey,33837
3/19/2011,6067,1188,New Mexico,7255
3/19/2011,47976,4246,New York,52222
3/19/2011,22681,9686,North Carolina,32367
3/19/2011,1110,854,North Dakota,1964
3/19/2011,13147,3613,Ohio,16760
3/19/2011,6939,4456,Oklahoma,11395
3/19/2011,6564,1558,Oregon,8122
3/19/2011,40704,10719,Pennsylvania,51423
3/19/2011,6266,1172,Rhode Island,7438
3/19/2011,11539,7426,South Carolina,18965
3/19/2011,2826,553,South Dakota,3379
3/19/2011,16041,5279,Tennessee,21320
3/19/2011,18948,6214,Texas,25162
3/19/2011,1075,604,Vermont,1679
3/19/2011,244,403,Virgin Islands,647
3/19/2011,14010,3048,Virginia,17058
3/19/2011,8233,931,Washington,9164
3/19/2011,8592,966,West Virginia,9558
3/19/2011,14609,1951,Wisconsin,16560
3/16/2011,19290,2029,Arizona,21319
3/16/2011,3906,2388,Arkansas,6294
3/16/2011,7512,4791,Colorado,12303
3/16/2011,8151,2967,Connecticut,11118
3/16/2011,3757,519,Delaware,4276
3/16/2011,2652,457,Dist. of Columbia,3109
3/16/2011,72708,18568,Florida,91276
3/16/2011,16057,1731,Georgia,17788
3/16/2011,5986,899,Idaho,6885
3/16/2011,17467,3124,Illinois,20591
3/16/2011,13603,3520,Indiana,17123
3/16/2011,7553,2008,Iowa,9561
3/16/2011,6907,590,Kansas,7497
3/16/2011,14119,1505,Kentucky,15624
3/16/2011,17927,4081,Louisiana,22008
3/16/2011,1761,1669,Maine,3430
3/16/2011,11862,1366,Maryland,13228
3/16/2011,10662,1596,Massachusetts,12258
3/16/2011,14684,2497,Michigan,17181
3/16/2011,13633,1034,Minnesota,14667
3/16/2011,16878,1387,Missouri,18265
3/16/2011,2326,748,Montana,3074
3/16/2011,6058,843,Nebraska,6901
3/16/2011,4659,635,New Hampshire,5294
3/16/2011,24453,3930,New Jersey,28383
3/16/2011,5011,1061,New Mexico,6072
3/16/2011,37138,3502,New York,40640
3/16/2011,18571,8358,North Carolina,26929
3/16/2011,966,789,North Dakota,1755
3/16/2011,10672,3032,Ohio,13704
3/16/2011,5534,3529,Oklahoma,9063
3/16/2011,5286,1268,Oregon,6554
3/16/2011,31758,8552,Pennsylvania,40310
3/16/2011,4715,992,Rhode Island,5707
3/16/2011,8970,6151,South Carolina,15121
3/16/2011,2566,466,South Dakota,3032
3/16/2011,13276,4523,Tennessee,17799
3/16/2011,15641,5368,Texas,21009
3/16/2011,853,451,Vermont,1304
3/16/2011,195,312,Virgin Islands,507
3/16/2011,11196,2497,Virginia,13693
3/16/2011,7203,797,Washington,8000
3/16/2011,7296,798,West Virginia,8094
3/16/2011,12255,1754,Wisconsin,14009
3/12/2011,20873,2099,Arizona,22972
3/12/2011,4187,2532,Arkansas,6719
3/12/2011,7854,5376,Colorado,13230
3/12/2011,9163,3319,Connecticut,12482
3/12/2011,4030,534,Delaware,4564
3/12/2011,2711,500,Dist. of Columbia,3211
3/12/2011,77602,19285,Florida,96887
3/12/2011,17540,1691,Georgia,19231
3/12/2011,6180,1018,Idaho,7198
3/12/2011,17206,3098,Illinois,20304
3/12/2011,16036,3993,Indiana,20029
3/12/2011,8514,2357,Iowa,10871
3/12/2011,7499,653,Kansas,8152
3/12/2011,15816,1644,Kentucky,17460
3/12/2011,19115,4064,Louisiana,23179
3/12/2011,2218,1665,Maine,3883
3/12/2011,12562,1415,Maryland,13977
3/12/2011,11429,1682,Massachusetts,13111
3/12/2011,15671,2877,Michigan,18548
3/12/2011,13655,1064,Minnesota,14719
3/12/2011,18646,1467,Missouri,20113
3/12/2011,2405,776,Montana,3181
3/12/2011,6577,882,Nebraska,7459
3/12/2011,5515,786,New Hampshire,6301
3/12/2011,23087,3958,New Jersey,27045
3/12/2011,5283,1060,New Mexico,6343
3/12/2011,38398,3654,New York,42052
3/12/2011,21394,9292,North Carolina,30686
3/12/2011,960,717,North Dakota,1677
3/12/2011,11176,3463,Ohio,14639
3/12/2011,5964,3952,Oklahoma,9916
3/12/2011,5555,1386,Oregon,6941
3/12/2011,33842,9226,Pennsylvania,43068
3/12/2011,5327,1060,Rhode Island,6387
3/12/2011,10506,7081,South Carolina,17587
3/12/2011,2592,482,South Dakota,3074
3/12/2011,14658,4886,Tennessee,19544
3/12/2011,17240,5667,Texas,22907
3/12/2011,1113,612,Vermont,1725
3/12/2011,218,381,Virgin Islands,599
3/12/2011,11689,2705,Virginia,14394
3/12/2011,6733,807,Washington,7540
3/12/2011,7817,901,West Virginia,8718
3/12/2011,12958,1741,Wisconsin,14699
3/9/2011,18199,2099,Arizona,20298
3/9/2011,3569,2384,Arkansas,5953
3/9/2011,6511,4623,Colorado,11134
3/9/2011,7611,2747,Connecticut,10358
3/9/2011,3222,405,Delaware,3627
3/9/2011,2500,426,Dist. of Columbia,2926
3/9/2011,63419,16440,Florida,79859
3/9/2011,13683,1524,Georgia,15207
3/9/2011,5539,1002,Idaho,6541
3/9/2011,14648,2874,Illinois,17522
3/9/2011,12711,3393,Indiana,16104
3/9/2011,7059,1862,Iowa,8921
3/9/2011,6163,634,Kansas,6797
3/9/2011,13362,1423,Kentucky,14785
3/9/2011,15606,3745,Louisiana,19351
3/9/2011,1805,1252,Maine,3057
3/9/2011,10945,1334,Maryland,12279
3/9/2011,9666,1545,Massachusetts,11211
3/9/2011,13192,2638,Michigan,15830
3/9/2011,12187,905,Minnesota,13092
3/9/2011,16241,1297,Missouri,17538
3/9/2011,2171,722,Montana,2893
3/9/2011,5595,762,Nebraska,6357
3/9/2011,4485,572,New Hampshire,5057
3/9/2011,21433,3869,New Jersey,25302
3/9/2011,4896,958,New Mexico,5854
3/9/2011,34412,3412,New York,37824
3/9/2011,17432,8222,North Carolina,25654
3/9/2011,930,695,North Dakota,1625
3/9/2011,9407,2953,Ohio,12360
3/9/2011,5168,3559,Oklahoma,8727
3/9/2011,4730,1217,Oregon,5947
3/9/2011,27201,7929,Pennsylvania,35130
3/9/2011,4394,939,Rhode Island,5333
3/9/2011,8260,5788,South Carolina,14048
3/9/2011,2111,420,South Dakota,2531
3/9/2011,11977,4240,Tennessee,16217
3/9/2011,14009,5034,Texas,19043
3/9/2011,786,434,Vermont,1220
3/9/2011,210,321,Virgin Islands,531
3/9/2011,9701,2313,Virginia,12014
3/9/2011,6340,739,Washington,7079
3/9/2011,6794,796,West Virginia,7590
3/9/2011,10902,1583,Wisconsin,12485
3/5/2011,20024,2256,Arizona,22280
3/5/2011,4253,2934,Arkansas,7187
3/5/2011,6585,5058,Colorado,11643
3/5/2011,8480,3256,Connecticut,11736
3/5/2011,3507,545,Delaware,4052
3/5/2011,2559,508,Dist. of Columbia,3067
3/5/2011,66633,18120,Florida,84753
3/5/2011,15779,1663,Georgia,17442
3/5/2011,5967,969,Idaho,6936
3/5/2011,14949,2929,Illinois,17878
3/5/2011,16069,4209,Indiana,20278
3/5/2011,7667,2073,Iowa,9740
3/5/2011,6876,672,Kansas,7548
3/5/2011,15841,1617,Kentucky,17458
3/5/2011,17751,4036,Louisiana,21787
3/5/2011,2023,1482,Maine,3505
3/5/2011,12078,1383,Maryland,13461
3/5/2011,10610,1788,Massachusetts,12398
3/5/2011,14292,2798,Michigan,17090
3/5/2011,12302,1003,Minnesota,13305
3/5/2011,17683,1520,Missouri,19203
3/5/2011,2235,677,Montana,2912
3/5/2011,5960,892,Nebraska,6852
3/5/2011,4939,649,New Hampshire,5588
3/5/2011,20856,3696,New Jersey,24552
3/5/2011,5150,1037,New Mexico,6187
3/5/2011,36486,3439,New York,39925
3/5/2011,19200,8883,North Carolina,28083
3/5/2011,918,892,North Dakota,1810
3/5/2011,10807,3445,Ohio,14252
3/5/2011,5580,3898,Oklahoma,9478
3/5/2011,5103,1400,Oregon,6503
3/5/2011,30891,8913,Pennsylvania,39804
3/5/2011,5068,1030,Rhode Island,6098
3/5/2011,9605,6912,South Carolina,16517
3/5/2011,2194,449,South Dakota,2643
3/5/2011,13271,4818,Tennessee,18089
3/5/2011,15729,5831,Texas,21560
3/5/2011,1009,576,Vermont,1585
3/5/2011,196,388,Virgin Islands,584
3/5/2011,10769,2483,Virginia,13252
3/5/2011,5891,735,Washington,6626
3/5/2011,7425,860,West Virginia,8285
3/5/2011,12296,1869,Wisconsin,14165
3/2/2011,17661,1808,Arizona,19469
3/2/2011,3640,2304,Arkansas,5944
3/2/2011,6034,4420,Colorado,10454
3/2/2011,7421,2509,Connecticut,9930
3/2/2011,3269,431,Delaware,3700
3/2/2011,2265,482,Dist. of Columbia,2747
3/2/2011,54269,14212,Florida,68481
3/2/2011,12744,1373,Georgia,14117
3/2/2011,5400,895,Idaho,6295
3/2/2011,13736,2625,Illinois,16361
3/2/2011,12626,3461,Indiana,16087
3/2/2011,7316,1974,Iowa,9290
3/2/2011,6279,540,Kansas,6819
3/2/2011,13275,1373,Kentucky,14648
3/2/2011,15381,3619,Louisiana,19000
3/2/2011,1810,1292,Maine,3102
3/2/2011,10700,1238,Maryland,11938
3/2/2011,9395,1642,Massachusetts,11037
3/2/2011,12812,2427,Michigan,15239
3/2/2011,10952,839,Minnesota,11791
3/2/2011,15869,1305,Missouri,17174
3/2/2011,2155,723,Montana,2878
3/2/2011,5640,709,Nebraska,6349
3/2/2011,4300,592,New Hampshire,4892
3/2/2011,19645,3321,New Jersey,22966
3/2/2011,4625,932,New Mexico,5557
3/2/2011,34446,3217,New York,37663
3/2/2011,16643,7602,North Carolina,24245
3/2/2011,805,810,North Dakota,1615
3/2/2011,9778,3034,Ohio,12812
3/2/2011,5026,3436,Oklahoma,8462
3/2/2011,4583,1154,Oregon,5737
3/2/2011,26740,7352,Pennsylvania,34092
3/2/2011,4206,790,Rhode Island,4996
3/2/2011,7979,5550,South Carolina,13529
3/2/2011,2123,418,South Dakota,2541
3/2/2011,11190,3962,Tennessee,15152
3/2/2011,13839,4623,Texas,18462
3/2/2011,859,480,Vermont,1339
3/2/2011,179,292,Virgin Islands,471
3/2/2011,9555,2211,Virginia,11766
3/2/2011,5868,741,Washington,6609
3/2/2011,6698,763,West Virginia,7461
3/2/2011,11297,1569,Wisconsin,12866
2/26/2011,42353,3553,Arizona,45906
2/26/2011,7922,4521,Arkansas,12443
2/26/2011,15909,8372,Colorado,24281
2/26/2011,19981,5368,Connecticut,25349
2/26/2011,8998,1020,Delaware,10018
2/26/2011,4715,802,Dist. of Columbia,5517
2/26/2011,186141,37879,Florida,224020
2/26/2011,34351,2926,Georgia,37277
2/26/2011,10274,1486,Idaho,11760
2/26/2011,43669,6090,Illinois,49759
2/26/2011,27400,5982,Indiana,33382
2/26/2011,16016,3533,Iowa,19549
2/26/2011,12948,948,Kansas,13896
2/26/2011,26624,2384,Kentucky,29008
2/26/2011,36400,6318,Louisiana,42718
2/26/2011,3010,1857,Maine,4867
2/26/2011,24333,2329,Maryland,26662
2/26/2011,30926,2905,Massachusetts,33831
2/26/2011,35448,4944,Michigan,40392
2/26/2011,27199,1556,Minnesota,28755
2/26/2011,31900,2076,Missouri,33976
2/26/2011,3225,993,Montana,4218
2/26/2011,10685,1199,Nebraska,11884
2/26/2011,9641,1030,New Hampshire,10671
2/26/2011,68273,7506,New Jersey,75779
2/26/2011,11495,1769,New Mexico,13264
2/26/2011,116666,7310,New York,123976
2/26/2011,37089,14156,North Carolina,51245
2/26/2011,1713,1293,North Dakota,3006
2/26/2011,25240,5285,Ohio,30525
2/26/2011,11957,6952,Oklahoma,18909
2/26/2011,11823,2305,Oregon,14128
2/26/2011,87924,17746,Pennsylvania,105670
2/26/2011,9444,1571,Rhode Island,11015
2/26/2011,18136,10436,South Carolina,28572
2/26/2011,4470,683,South Dakota,5153
2/26/2011,24564,7070,Tennessee,31634
2/26/2011,38091,9553,Texas,47644
2/26/2011,1607,781,Vermont,2388
2/26/2011,329,493,Virgin Islands,822
2/26/2011,23772,4337,Virginia,28109
2/26/2011,14865,1370,Washington,16235
2/26/2011,14225,1313,West Virginia,15538
2/26/2011,23501,2515,Wisconsin,26016
2/23/2011,33093,2714,Arizona,35807
2/23/2011,5892,3262,Arkansas,9154
2/23/2011,12645,6466,Colorado,19111
2/23/2011,15172,4250,Connecticut,19422
2/23/2011,6550,695,Delaware,7245
2/23/2011,3410,512,Dist. of Columbia,3922
2/23/2011,122870,25630,Florida,148500
2/23/2011,25321,2138,Georgia,27459
2/23/2011,8269,1148,Idaho,9417
2/23/2011,34104,4631,Illinois,38735
2/23/2011,20482,4510,Indiana,24992
2/23/2011,12748,2896,Iowa,15644
2/23/2011,10422,731,Kansas,11153
2/23/2011,21200,1894,Kentucky,23094
2/23/2011,29015,5217,Louisiana,34232
2/23/2011,2545,1465,Maine,4010
2/23/2011,17416,1663,Maryland,19079
2/23/2011,25394,2428,Massachusetts,27822
2/23/2011,27223,3901,Michigan,31124
2/23/2011,21284,1209,Minnesota,22493
2/23/2011,25638,1659,Missouri,27297
2/23/2011,2747,835,Montana,3582
2/23/2011,9304,990,Nebraska,10294
2/23/2011,7817,917,New Hampshire,8734
2/23/2011,54783,6252,New Jersey,61035
2/23/2011,9088,1402,New Mexico,10490
2/23/2011,90695,5726,New York,96421
2/23/2011,26215,9902,North Carolina,36117
2/23/2011,1467,1188,North Dakota,2655
2/23/2011,20424,4366,Ohio,24790
2/23/2011,9358,5234,Oklahoma,14592
2/23/2011,10503,1937,Oregon,12440
2/23/2011,63288,13077,Pennsylvania,76365
2/23/2011,7066,1222,Rhode Island,8288
2/23/2011,12932,7335,South Carolina,20267
2/23/2011,3466,557,South Dakota,4023
2/23/2011,18174,5223,Tennessee,23397
2/23/2011,30122,7653,Texas,37775
2/23/2011,1378,624,Vermont,2002
2/23/2011,205,343,Virgin Islands,548
2/23/2011,18009,3236,Virginia,21245
2/23/2011,13148,1156,Washington,14304
2/23/2011,10701,986,West Virginia,11687
2/23/2011,18505,2095,Wisconsin,20600
2/19/2011,29115,2492,Arizona,31607
2/19/2011,5848,3208,Arkansas,9056
2/19/2011,12199,6705,Colorado,18904
2/19/2011,14146,3897,Connecticut,18043
2/19/2011,6120,612,Delaware,6732
2/19/2011,3308,526,Dist. of Columbia,3834
2/19/2011,105349,21718,Florida,127067
2/19/2011,25511,2149,Georgia,27660
2/19/2011,8113,1274,Idaho,9387
2/19/2011,32481,4353,Illinois,36834
2/19/2011,21246,4537,Indiana,25783
2/19/2011,11676,2693,Iowa,14369
2/19/2011,10070,741,Kansas,10811
2/19/2011,21463,1947,Kentucky,23410
2/19/2011,27628,4836,Louisiana,32464
2/19/2011,2527,1542,Maine,4069
2/19/2011,16911,1620,Maryland,18531
2/19/2011,20640,2155,Massachusetts,22795
2/19/2011,26846,3662,Michigan,30508
2/19/2011,21650,1221,Minnesota,22871
2/19/2011,25551,1616,Missouri,27167
2/19/2011,2730,857,Montana,3587
2/19/2011,8753,1007,Nebraska,9760
2/19/2011,8057,887,New Hampshire,8944
2/19/2011,47109,5445,New Jersey,52554
2/19/2011,8495,1346,New Mexico,9841
2/19/2011,81496,5313,New York,86809
2/19/2011,26072,9793,North Carolina,35865
2/19/2011,1256,1041,North Dakota,2297
2/19/2011,19281,4325,Ohio,23606
2/19/2011,8703,5003,Oklahoma,13706
2/19/2011,9423,1809,Oregon,11232
2/19/2011,58376,12056,Pennsylvania,70432
2/19/2011,7255,1245,Rhode Island,8500
2/19/2011,12936,7372,South Carolina,20308
2/19/2011,3520,539,South Dakota,4059
2/19/2011,18632,5383,Tennessee,24015
2/19/2011,27769,7418,Texas,35187
2/19/2011,1318,633,Vermont,1951
2/19/2011,213,355,Virgin Islands,568
2/19/2011,17119,3053,Virginia,20172
2/19/2011,11739,1141,Washington,12880
2/19/2011,10388,1007,West Virginia,11395
2/19/2011,19180,2067,Wisconsin,21247
2/16/2011,27691,2481,Arizona,30172
2/16/2011,5584,3219,Arkansas,8803
2/16/2011,11237,6377,Colorado,17614
2/16/2011,13086,3829,Connecticut,16915
2/16/2011,5365,652,Delaware,6017
2/16/2011,3466,587,Dist. of Columbia,4053
2/16/2011,97430,21879,Florida,119309
2/16/2011,22716,2231,Georgia,24947
2/16/2011,7905,1170,Idaho,9075
2/16/2011,30744,4649,Illinois,35393
2/16/2011,18199,4345,Indiana,22544
2/16/2011,10553,2595,Iowa,13148
2/16/2011,9196,714,Kansas,9910
2/16/2011,19781,1953,Kentucky,21734
2/16/2011,25452,4996,Louisiana,30448
2/16/2011,2380,1438,Maine,3818
2/16/2011,14913,1580,Maryland,16493
2/16/2011,18648,2127,Massachusetts,20775
2/16/2011,22493,3593,Michigan,26086
2/16/2011,19063,1199,Minnesota,20262
2/16/2011,23444,1674,Missouri,25118
2/16/2011,2877,846,Montana,3723
2/16/2011,8331,993,Nebraska,9324
2/16/2011,6509,773,New Hampshire,7282
2/16/2011,44781,5608,New Jersey,50389
2/16/2011,7838,1297,New Mexico,9135
2/16/2011,76955,5777,New York,82732
2/16/2011,25242,10642,North Carolina,35884
2/16/2011,1266,1041,North Dakota,2307
2/16/2011,17395,4101,Ohio,21496
2/16/2011,8187,4910,Oklahoma,13097
2/16/2011,8477,1672,Oregon,10149
2/16/2011,50779,11641,Pennsylvania,62420
2/16/2011,6644,1229,Rhode Island,7873
2/16/2011,12451,7655,South Carolina,20106
2/16/2011,3253,538,South Dakota,3791
2/16/2011,17701,5433,Tennessee,23134
2/16/2011,25003,7272,Texas,32275
2/16/2011,1209,595,Vermont,1804
2/16/2011,178,330,Virgin Islands,508
2/16/2011,15858,3180,Virginia,19038
2/16/2011,12175,1185,Washington,13360
2/16/2011,9804,1008,West Virginia,10812
2/16/2011,17099,2115,Wisconsin,19214
2/12/2011,20874,2156,Arizona,23030
2/12/2011,4643,2840,Arkansas,7483
2/12/2011,9118,5830,Colorado,14948
2/12/2011,10417,3281,Connecticut,13698
2/12/2011,4626,571,Delaware,5197
2/12/2011,2977,561,Dist. of Columbia,3538
2/12/2011,86598,20726,Florida,107324
2/12/2011,19314,1825,Georgia,21139
2/12/2011,6266,1006,Idaho,7272
2/12/2011,22093,3556,Illinois,25649
2/12/2011,17851,4416,Indiana,22267
2/12/2011,8795,2433,Iowa,11228
2/12/2011,7843,648,Kansas,8491
2/12/2011,17940,1854,Kentucky,19794
2/12/2011,21707,4434,Louisiana,26141
2/12/2011,2304,1488,Maine,3792
2/12/2011,13531,1508,Maryland,15039
2/12/2011,13126,1839,Massachusetts,14965
2/12/2011,16946,2932,Michigan,19878
2/12/2011,15539,1147,Minnesota,16686
2/12/2011,19748,1509,Missouri,21257
2/12/2011,2550,748,Montana,3298
2/12/2011,6804,896,Nebraska,7700
2/12/2011,5847,769,New Hampshire,6616
2/12/2011,28709,4343,New Jersey,33052
2/12/2011,6231,1141,New Mexico,7372
2/12/2011,48229,4099,New York,52328
2/12/2011,23813,9879,North Carolina,33692
2/12/2011,957,882,North Dakota,1839
2/12/2011,14451,3882,Ohio,18333
2/12/2011,6973,4402,Oklahoma,11375
2/12/2011,6847,1627,Oregon,8474
2/12/2011,40618,10286,Pennsylvania,50904
2/12/2011,5703,1093,Rhode Island,6796
2/12/2011,11905,7609,South Carolina,19514
2/12/2011,2818,459,South Dakota,3277
2/12/2011,16561,5328,Tennessee,21889
2/12/2011,19107,6105,Texas,25212
2/12/2011,1166,605,Vermont,1771
2/12/2011,184,373,Virgin Islands,557
2/12/2011,13643,2989,Virginia,16632
2/12/2011,9057,984,Washington,10041
2/12/2011,8623,913,West Virginia,9536
2/12/2011,14352,1846,Wisconsin,16198
2/9/2011,18794,1971,Arizona,20765
2/9/2011,3567,2128,Arkansas,5695
2/9/2011,7074,4692,Colorado,11766
2/9/2011,8505,3049,Connecticut,11554
2/9/2011,3595,468,Delaware,4063
2/9/2011,2559,415,Dist. of Columbia,2974
2/9/2011,62361,15428,Florida,77789
2/9/2011,15769,1634,Georgia,17403
2/9/2011,5594,911,Idaho,6505
2/9/2011,18147,3207,Illinois,21354
2/9/2011,14053,3496,Indiana,17549
2/9/2011,7501,2086,Iowa,9587
2/9/2011,6028,556,Kansas,6584
2/9/2011,14748,1540,Kentucky,16288
2/9/2011,17003,3998,Louisiana,21001
2/9/2011,2091,1489,Maine,3580
2/9/2011,11016,1296,Maryland,12312
2/9/2011,10916,1569,Massachusetts,12485
2/9/2011,14002,2506,Michigan,16508
2/9/2011,13522,951,Minnesota,14473
2/9/2011,16859,1403,Missouri,18262
2/9/2011,2276,654,Montana,2930
2/9/2011,5970,726,Nebraska,6696
2/9/2011,4981,727,New Hampshire,5708
2/9/2011,25283,4110,New Jersey,29393
2/9/2011,4841,963,New Mexico,5804
2/9/2011,37587,3516,New York,41103
2/9/2011,18366,8126,North Carolina,26492
2/9/2011,929,810,North Dakota,1739
2/9/2011,12081,3422,Ohio,15503
2/9/2011,5159,3335,Oklahoma,8494
2/9/2011,5743,1385,Oregon,7128
2/9/2011,31576,8260,Pennsylvania,39836
2/9/2011,4582,908,Rhode Island,5490
2/9/2011,8896,5748,South Carolina,14644
2/9/2011,2363,433,South Dakota,2796
2/9/2011,12370,4092,Tennessee,16462
2/9/2011,16221,5384,Texas,21605
2/9/2011,946,575,Vermont,1521
2/9/2011,178,317,Virgin Islands,495
2/9/2011,11260,2556,Virginia,13816
2/9/2011,8268,936,Washington,9204
2/9/2011,6991,800,West Virginia,7791
2/9/2011,12327,1628,Wisconsin,13955
2/5/2011,20873,2177,Arizona,23050
2/5/2011,4284,2824,Arkansas,7108
2/5/2011,8011,5861,Colorado,13872
2/5/2011,9736,3390,Connecticut,13126
2/5/2011,4151,579,Delaware,4730
2/5/2011,2985,522,Dist. of Columbia,3507
2/5/2011,75604,19036,Florida,94640
2/5/2011,18421,1676,Georgia,20097
2/5/2011,6397,1097,Idaho,7494
2/5/2011,18412,3366,Illinois,21778
2/5/2011,16154,4159,Indiana,20313
2/5/2011,8556,2261,Iowa,10817
2/5/2011,8042,678,Kansas,8720
2/5/2011,17740,1841,Kentucky,19581
2/5/2011,18938,4231,Louisiana,23169
2/5/2011,2351,1782,Maine,4133
2/5/2011,12512,1508,Maryland,14020
2/5/2011,11383,1765,Massachusetts,13148
2/5/2011,14623,2754,Michigan,17377
2/5/2011,14628,1171,Minnesota,15799
2/5/2011,18824,1609,Missouri,20433
2/5/2011,2477,851,Montana,3328
2/5/2011,6985,991,Nebraska,7976
2/5/2011,5745,876,New Hampshire,6621
2/5/2011,23800,4142,New Jersey,27942
2/5/2011,5398,1143,New Mexico,6541
2/5/2011,39775,3975,New York,43750
2/5/2011,23084,10168,North Carolina,33252
2/5/2011,1050,846,North Dakota,1896
2/5/2011,12115,3716,Ohio,15831
2/5/2011,5383,3864,Oklahoma,9247
2/5/2011,6306,1546,Oregon,7852
2/5/2011,36763,10226,Pennsylvania,46989
2/5/2011,5600,1162,Rhode Island,6762
2/5/2011,11103,7845,South Carolina,18948
2/5/2011,2543,520,South Dakota,3063
2/5/2011,15691,5463,Tennessee,21154
2/5/2011,17036,5626,Texas,22662
2/5/2011,1096,667,Vermont,1763
2/5/2011,248,413,Virgin Islands,661
2/5/2011,12577,2925,Virginia,15502
2/5/2011,7957,896,Washington,8853
2/5/2011,8262,877,West Virginia,9139
2/5/2011,14049,1851,Wisconsin,15900
2/2/2011,14904,1580,Arizona,16484
2/2/2011,2967,1825,Arkansas,4792
2/2/2011,5338,3664,Colorado,9002
2/2/2011,5780,1928,Connecticut,7708
2/2/2011,2879,364,Delaware,3243
2/2/2011,2170,401,Dist. of Columbia,2571
2/2/2011,48760,11779,Florida,60539
2/2/2011,12603,1177,Georgia,13780
2/2/2011,4658,781,Idaho,5439
2/2/2011,10093,1842,Illinois,11935
2/2/2011,9515,2376,Indiana,11891
2/2/2011,5128,1403,Iowa,6531
2/2/2011,4731,392,Kansas,5123
2/2/2011,12902,1322,Kentucky,14224
2/2/2011,14395,3084,Louisiana,17479
2/2/2011,1488,1074,Maine,2562
2/2/2011,9155,1159,Maryland,10314
2/2/2011,7333,1154,Massachusetts,8487
2/2/2011,9496,1855,Michigan,11351
2/2/2011,10613,809,Minnesota,11422
2/2/2011,11753,858,Missouri,12611
2/2/2011,1872,589,Montana,2461
2/2/2011,4596,567,Nebraska,5163
2/2/2011,3526,483,New Hampshire,4009
2/2/2011,17677,3021,New Jersey,20698
2/2/2011,3455,653,New Mexico,4108
2/2/2011,27005,2608,New York,29613
2/2/2011,14342,5995,North Carolina,20337
2/2/2011,749,644,North Dakota,1393
2/2/2011,8180,2625,Ohio,10805
2/2/2011,3252,2138,Oklahoma,5390
2/2/2011,4596,1055,Oregon,5651
2/2/2011,23013,6015,Pennsylvania,29028
2/2/2011,3457,702,Rhode Island,4159
2/2/2011,7095,4570,South Carolina,11665
2/2/2011,1843,346,South Dakota,2189
2/2/2011,10517,3466,Tennessee,13983
2/2/2011,11748,4121,Texas,15869
2/2/2011,712,406,Vermont,1118
2/2/2011,164,252,Virgin Islands,416
2/2/2011,8743,2122,Virginia,10865
2/2/2011,6025,646,Washington,6671
2/2/2011,6005,643,West Virginia,6648
2/2/2011,9198,1193,Wisconsin,10391
1/29/2011,16833,1671,Arizona,18504
1/29/2011,3633,2148,Arkansas,5781
1/29/2011,6249,4632,Colorado,10881
1/29/2011,7260,2538,Connecticut,9798
1/29/2011,3117,441,Delaware,3558
1/29/2011,2139,377,Dist. of Columbia,2516
1/29/2011,56546,13818,Florida,70364
1/29/2011,13228,1466,Georgia,14694
1/29/2011,4979,887,Idaho,5866
1/29/2011,13896,2611,Illinois,16507
1/29/2011,13988,3446,Indiana,17434
1/29/2011,7052,1957,Iowa,9009
1/29/2011,6384,578,Kansas,6962
1/29/2011,14778,1563,Kentucky,16341
1/29/2011,15928,3453,Louisiana,19381
1/29/2011,1931,1428,Maine,3359
1/29/2011,9732,1139,Maryland,10871
1/29/2011,8399,1276,Massachusetts,9675
1/29/2011,10822,2095,Michigan,12917
1/29/2011,11337,848,Minnesota,12185
1/29/2011,16006,1293,Missouri,17299
1/29/2011,2008,691,Montana,2699
1/29/2011,5548,775,Nebraska,6323
1/29/2011,4639,590,New Hampshire,5229
1/29/2011,17042,3013,New Jersey,20055
1/29/2011,4551,834,New Mexico,5385
1/29/2011,28417,2903,New York,31320
1/29/2011,17394,7497,North Carolina,24891
1/29/2011,877,739,North Dakota,1616
1/29/2011,9286,2970,Ohio,12256
1/29/2011,5414,3600,Oklahoma,9014
1/29/2011,4602,1139,Oregon,5741
1/29/2011,26776,7317,Pennsylvania,34093
1/29/2011,4415,876,Rhode Island,5291
1/29/2011,9017,5968,South Carolina,14985
1/29/2011,2061,428,South Dakota,2489
1/29/2011,12590,4219,Tennessee,16809
1/29/2011,14394,4725,Texas,19119
1/29/2011,879,524,Vermont,1403
1/29/2011,169,357,Virgin Islands,526
1/29/2011,9341,2303,Virginia,11644
1/29/2011,5357,654,Washington,6011
1/29/2011,6533,691,West Virginia,7224
1/29/2011,11269,1433,Wisconsin,12702
1/26/2011,15930,1622,Arizona,17552
1/26/2011,3323,2022,Arkansas,5345
1/26/2011,5830,4002,Colorado,9832
1/26/2011,6697,2334,Connecticut,9031
1/26/2011,2814,382,Delaware,3196
1/26/2011,2044,367,Dist. of Columbia,2411
1/26/2011,50643,12634,Florida,63277
1/26/2011,11422,1240,Georgia,12662
1/26/2011,4965,838,Idaho,5803
1/26/2011,12727,2413,Illinois,15140
1/26/2011,11957,3132,Indiana,15089
1/26/2011,6472,1765,Iowa,8237
1/26/2011,5782,523,Kansas,6305
1/26/2011,12964,1294,Kentucky,14258
1/26/2011,14217,3221,Louisiana,17438
1/26/2011,1778,1258,Maine,3036
1/26/2011,8774,1018,Maryland,9792
1/26/2011,8715,1412,Massachusetts,10127
1/26/2011,10327,2129,Michigan,12456
1/26/2011,10724,822,Minnesota,11546
1/26/2011,14854,1170,Missouri,16024
1/26/2011,2080,671,Montana,2751
1/26/2011,5374,675,Nebraska,6049
1/26/2011,4115,597,New Hampshire,4712
1/26/2011,16806,2954,New Jersey,19760
1/26/2011,4378,795,New Mexico,5173
1/26/2011,28089,2967,New York,31056
1/26/2011,15815,6666,North Carolina,22481
1/26/2011,916,641,North Dakota,1557
1/26/2011,8892,2757,Ohio,11649
1/26/2011,4909,3334,Oklahoma,8243
1/26/2011,4486,1168,Oregon,5654
1/26/2011,23186,6461,Pennsylvania,29647
1/26/2011,4076,841,Rhode Island,4917
1/26/2011,7536,4852,South Carolina,12388
1/26/2011,1963,391,South Dakota,2354
1/26/2011,10785,3665,Tennessee,14450
1/26/2011,13374,4376,Texas,17750
1/26/2011,784,493,Vermont,1277
1/26/2011,181,256,Virgin Islands,437
1/26/2011,8100,2024,Virginia,10124
1/26/2011,5467,652,Washington,6119
1/26/2011,5696,665,West Virginia,6361
1/26/2011,10954,1464,Wisconsin,12418
1/22/2011,28933,2845,Arizona,31778
1/22/2011,6074,3820,Arkansas,9894
1/22/2011,11306,6676,Colorado,17982
1/22/2011,13267,3982,Connecticut,17249
1/22/2011,5995,685,Delaware,6680
1/22/2011,3580,600,Dist. of Columbia,4180
1/22/2011,103926,24212,Florida,128138
1/22/2011,26168,2373,Georgia,28541
1/22/2011,8331,1381,Idaho,9712
1/22/2011,32047,4849,Illinois,36896
1/22/2011,21108,4766,Indiana,25874
1/22/2011,11129,2601,Iowa,13730
1/22/2011,9949,800,Kansas,10749
1/22/2011,22408,2179,Kentucky,24587
1/22/2011,26868,5151,Louisiana,32019
1/22/2011,2418,1552,Maine,3970
1/22/2011,15942,1705,Maryland,17647
1/22/2011,18577,2065,Massachusetts,20642
1/22/2011,21406,3378,Michigan,24784
1/22/2011,19995,1194,Minnesota,21189
1/22/2011,24363,1905,Missouri,26268
1/22/2011,2878,946,Montana,3824
1/22/2011,8750,1116,Nebraska,9866
1/22/2011,6711,781,New Hampshire,7492
1/22/2011,45307,5789,New Jersey,51096
1/22/2011,7925,1419,New Mexico,9344
1/22/2011,78368,5861,New York,84229
1/22/2011,26993,11362,North Carolina,38355
1/22/2011,1388,946,North Dakota,2334
1/22/2011,16529,3978,Ohio,20507
1/22/2011,8725,5389,Oklahoma,14114
1/22/2011,9261,1979,Oregon,11240
1/22/2011,58217,13703,Pennsylvania,71920
1/22/2011,7407,1342,Rhode Island,8749
1/22/2011,13640,8687,South Carolina,22327
1/22/2011,3265,494,South Dakota,3759
1/22/2011,18876,6223,Tennessee,25099
1/22/2011,28352,7630,Texas,35982
1/22/2011,1327,709,Vermont,2036
1/22/2011,239,362,Virgin Islands,601
1/22/2011,16937,3291,Virginia,20228
1/22/2011,11695,1120,Washington,12815
1/22/2011,10248,1007,West Virginia,11255
1/22/2011,19219,2300,Wisconsin,21519
1/19/2011,19542,1795,Arizona,21337
1/19/2011,4671,2678,Arkansas,7349
1/19/2011,8678,5014,Colorado,13692
1/19/2011,9212,2754,Connecticut,11966
1/19/2011,4269,519,Delaware,4788
1/19/2011,2735,433,Dist. of Columbia,3168
1/19/2011,69943,15485,Florida,85428
1/19/2011,17550,1628,Georgia,19178
1/19/2011,5987,828,Idaho,6815
1/19/2011,24142,3494,Illinois,27636
1/19/2011,15666,3541,Indiana,19207
1/19/2011,7876,1874,Iowa,9750
1/19/2011,7326,584,Kansas,7910
1/19/2011,17070,1683,Kentucky,18753
1/19/2011,18667,3574,Louisiana,22241
1/19/2011,1938,1144,Maine,3082
1/19/2011,11989,1304,Maryland,13293
1/19/2011,11763,1430,Massachusetts,13193
1/19/2011,15126,2443,Michigan,17569
1/19/2011,14920,915,Minnesota,15835
1/19/2011,19151,1247,Missouri,20398
1/19/2011,2223,681,Montana,2904
1/19/2011,6350,750,Nebraska,7100
1/19/2011,4444,615,New Hampshire,5059
1/19/2011,32839,4300,New Jersey,37139
1/19/2011,5791,1006,New Mexico,6797
1/19/2011,53661,4614,New York,58275
1/19/2011,19644,7834,North Carolina,27478
1/19/2011,1076,774,North Dakota,1850
1/19/2011,14274,3461,Ohio,17735
1/19/2011,7035,4130,Oklahoma,11165
1/19/2011,7031,1450,Oregon,8481
1/19/2011,39238,8934,Pennsylvania,48172
1/19/2011,4629,847,Rhode Island,5476
1/19/2011,9994,5964,South Carolina,15958
1/19/2011,2529,378,South Dakota,2907
1/19/2011,14112,4212,Tennessee,18324
1/19/2011,20787,5675,Texas,26462
1/19/2011,954,417,Vermont,1371
1/19/2011,189,321,Virgin Islands,510
1/19/2011,12793,2512,Virginia,15305
1/19/2011,9603,904,Washington,10507
1/19/2011,7900,720,West Virginia,8620
1/19/2011,13627,1511,Wisconsin,15138
1/15/2011,21339,2118,Arizona,23457
1/15/2011,4800,2949,Arkansas,7749
1/15/2011,8729,5455,Colorado,14184
1/15/2011,10682,3641,Connecticut,14323
1/15/2011,4613,599,Delaware,5212
1/15/2011,2945,497,Dist. of Columbia,3442
1/15/2011,76069,17657,Florida,93726
1/15/2011,18029,1868,Georgia,19897
1/15/2011,6051,1015,Idaho,7066
1/15/2011,22637,3659,Illinois,26296
1/15/2011,18399,4402,Indiana,22801
1/15/2011,8912,2142,Iowa,11054
1/15/2011,8030,674,Kansas,8704
1/15/2011,19229,2018,Kentucky,21247
1/15/2011,19745,4100,Louisiana,23845
1/15/2011,2401,1574,Maine,3975
1/15/2011,12889,1520,Maryland,14409
1/15/2011,12653,1740,Massachusetts,14393
1/15/2011,15033,2704,Michigan,17737
1/15/2011,14936,1057,Minnesota,15993
1/15/2011,20038,1532,Missouri,21570
1/15/2011,2343,781,Montana,3124
1/15/2011,6971,887,Nebraska,7858
1/15/2011,5939,802,New Hampshire,6741
1/15/2011,30713,4745,New Jersey,35458
1/15/2011,5804,1166,New Mexico,6970
1/15/2011,50258,4163,New York,54421
1/15/2011,21699,8966,North Carolina,30665
1/15/2011,1027,873,North Dakota,1900
1/15/2011,13818,3866,Ohio,17684
1/15/2011,7387,4515,Oklahoma,11902
1/15/2011,6912,1615,Oregon,8527
1/15/2011,40117,9765,Pennsylvania,49882
1/15/2011,5748,1201,Rhode Island,6949
1/15/2011,10867,7301,South Carolina,18168
1/15/2011,2553,474,South Dakota,3027
1/15/2011,15782,5083,Tennessee,20865
1/15/2011,21620,6468,Texas,28088
1/15/2011,1197,652,Vermont,1849
1/15/2011,245,336,Virgin Islands,581
1/15/2011,13549,2982,Virginia,16531
1/15/2011,8933,883,Washington,9816
1/15/2011,8353,895,West Virginia,9248
1/15/2011,14918,1826,Wisconsin,16744
1/12/2011,18263,1834,Arizona,20097
1/12/2011,3840,2289,Arkansas,6129
1/12/2011,7322,4910,Colorado,12232
1/12/2011,7721,2483,Connecticut,10204
1/12/2011,3736,471,Delaware,4207
1/12/2011,2479,460,Dist. of Columbia,2939
1/12/2011,62699,16077,Florida,78776
1/12/2011,11016,1354,Georgia,12370
1/12/2011,5444,863,Idaho,6307
1/12/2011,18771,3208,Illinois,21979
1/12/2011,13510,3299,Indiana,16809
1/12/2011,7382,1824,Iowa,9206
1/12/2011,6209,584,Kansas,6793
1/12/2011,14974,1564,Kentucky,16538
1/12/2011,15846,3558,Louisiana,19404
1/12/2011,1926,1265,Maine,3191
1/12/2011,10554,1401,Maryland,11955
1/12/2011,8920,1298,Massachusetts,10218
1/12/2011,12796,2352,Michigan,15148
1/12/2011,13329,896,Minnesota,14225
1/12/2011,16038,1241,Missouri,17279
1/12/2011,2129,665,Montana,2794
1/12/2011,5652,779,Nebraska,6431
1/12/2011,4408,583,New Hampshire,4991
1/12/2011,23921,3869,New Jersey,27790
1/12/2011,5074,899,New Mexico,5973
1/12/2011,36421,3411,New York,39832
1/12/2011,16468,7162,North Carolina,23630
1/12/2011,1011,757,North Dakota,1768
1/12/2011,11104,3093,Ohio,14197
1/12/2011,5616,3609,Oklahoma,9225
1/12/2011,5878,1430,Oregon,7308
1/12/2011,31031,7750,Pennsylvania,38781
1/12/2011,3968,851,Rhode Island,4819
1/12/2011,7491,4771,South Carolina,12262
1/12/2011,2359,399,South Dakota,2758
1/12/2011,11674,3900,Tennessee,15574
1/12/2011,17736,5322,Texas,23058
1/12/2011,876,489,Vermont,1365
1/12/2011,176,340,Virgin Islands,516
1/12/2011,10974,2549,Virginia,13523
1/12/2011,8184,855,Washington,9039
1/12/2011,6597,691,West Virginia,7288
1/12/2011,12694,1605,Wisconsin,14299
1/8/2011,19331,1915,Arizona,21246
1/8/2011,4543,3029,Arkansas,7572
1/8/2011,7660,5265,Colorado,12925
1/8/2011,9059,3101,Connecticut,12160
1/8/2011,3850,491,Delaware,4341
1/8/2011,2585,513,Dist. of Columbia,3098
1/8/2011,67695,16909,Florida,84604
1/8/2011,17320,1979,Georgia,19299
1/8/2011,5589,951,Idaho,6540
1/8/2011,17873,3171,Illinois,21044
1/8/2011,15590,3993,Indiana,19583
1/8/2011,7748,2054,Iowa,9802
1/8/2011,7872,657,Kansas,8529
1/8/2011,16836,1587,Kentucky,18423
1/8/2011,17552,3919,Louisiana,21471
1/8/2011,2324,1669,Maine,3993
1/8/2011,11542,1478,Maryland,13020
1/8/2011,11112,1507,Massachusetts,12619
1/8/2011,12593,2604,Michigan,15197
1/8/2011,13232,961,Minnesota,14193
1/8/2011,19161,1429,Missouri,20590
1/8/2011,2305,741,Montana,3046
1/8/2011,6558,923,Nebraska,7481
1/8/2011,5479,708,New Hampshire,6187
1/8/2011,22456,3780,New Jersey,26236
1/8/2011,5323,945,New Mexico,6268
1/8/2011,36220,3859,New York,40079
1/8/2011,20658,9039,North Carolina,29697
1/8/2011,1007,828,North Dakota,1835
1/8/2011,11169,3452,Ohio,14621
1/8/2011,6431,4291,Oklahoma,10722
1/8/2011,5882,1401,Oregon,7283
1/8/2011,32991,8846,Pennsylvania,41837
1/8/2011,5464,1124,Rhode Island,6588
1/8/2011,10124,6776,South Carolina,16900
1/8/2011,2422,441,South Dakota,2863
1/8/2011,14556,5131,Tennessee,19687
1/8/2011,18655,5960,Texas,24615
1/8/2011,1058,565,Vermont,1623
1/8/2011,194,330,Virgin Islands,524
1/8/2011,11717,2791,Virginia,14508
1/8/2011,7213,807,Washington,8020
1/8/2011,7406,790,West Virginia,8196
1/8/2011,13584,1881,Wisconsin,15465
1/5/2011,22781,2006,Arizona,24787
1/5/2011,4830,3109,Arkansas,7939
1/5/2011,8215,5451,Colorado,13666
1/5/2011,9554,3047,Connecticut,12601
1/5/2011,4345,550,Delaware,4895
1/5/2011,3184,542,Dist. of Columbia,3726
1/5/2011,66456,17035,Florida,83491
1/5/2011,18120,1878,Georgia,19998
1/5/2011,5836,962,Idaho,6798
1/5/2011,18540,3304,Illinois,21844
1/5/2011,15483,3757,Indiana,19240
1/5/2011,8409,2092,Iowa,10501
1/5/2011,7741,688,Kansas,8429
1/5/2011,17901,1633,Kentucky,19534
1/5/2011,17708,4008,Louisiana,21716
1/5/2011,2056,1449,Maine,3505
1/5/2011,13723,1705,Maryland,15428
1/5/2011,11294,1624,Massachusetts,12918
1/5/2011,13620,2612,Michigan,16232
1/5/2011,13679,929,Minnesota,14608
1/5/2011,20195,1451,Missouri,21646
1/5/2011,2487,785,Montana,3272
1/5/2011,6820,841,Nebraska,7661
1/5/2011,5289,698,New Hampshire,5987
1/5/2011,24884,3992,New Jersey,28876
1/5/2011,6027,1127,New Mexico,7154
1/5/2011,34327,3606,New York,37933
1/5/2011,23365,9339,North Carolina,32704
1/5/2011,1156,783,North Dakota,1939
1/5/2011,10950,3448,Ohio,14398
1/5/2011,6681,4508,Oklahoma,11189
1/5/2011,6522,1532,Oregon,8054
1/5/2011,34115,8905,Pennsylvania,43020
1/5/2011,5135,952,Rhode Island,6087
1/5/2011,10512,6676,South Carolina,17188
1/5/2011,2625,484,South Dakota,3109
1/5/2011,16303,5301,Tennessee,21604
1/5/2011,18255,5642,Texas,23897
1/5/2011,979,522,Vermont,1501
1/5/2011,220,460,Virgin Islands,680
1/5/2011,12755,3006,Virginia,15761
1/5/2011,8769,809,Washington,9578
1/5/2011,8154,813,West Virginia,8967
1/5/2011,14137,1739,Wisconsin,15876
1/1/2011,17952,1657,Arizona,19609
1/1/2011,3680,2290,Arkansas,5970
1/1/2011,5957,4208,Colorado,10165
1/1/2011,7449,2467,Connecticut,9916
1/1/2011,3552,430,Delaware,3982
1/1/2011,2114,354,Dist. of Columbia,2468
1/1/2011,54978,12891,Florida,67869
1/1/2011,14452,1374,Georgia,15826
1/1/2011,4365,675,Idaho,5040
1/1/2011,13322,2353,Illinois,15675
1/1/2011,13974,3398,Indiana,17372
1/1/2011,6595,1686,Iowa,8281
1/1/2011,6359,499,Kansas,6858
1/1/2011,15133,1352,Kentucky,16485
1/1/2011,14881,3098,Louisiana,17979
1/1/2011,2054,1429,Maine,3483
1/1/2011,10872,1317,Maryland,12189
1/1/2011,8735,1286,Massachusetts,10021
1/1/2011,10799,2072,Michigan,12871
1/1/2011,11359,711,Minnesota,12070
1/1/2011,16792,1085,Missouri,17877
1/1/2011,1884,612,Montana,2496
1/1/2011,5107,649,Nebraska,5756
1/1/2011,5265,674,New Hampshire,5939
1/1/2011,17834,3248,New Jersey,21082
1/1/2011,4537,828,New Mexico,5365
1/1/2011,25163,2660,New York,27823
1/1/2011,17189,7012,North Carolina,24201
1/1/2011,705,585,North Dakota,1290
1/1/2011,9363,2955,Ohio,12318
1/1/2011,4806,3306,Oklahoma,8112
1/1/2011,5394,1245,Oregon,6639
1/1/2011,26194,6839,Pennsylvania,33033
1/1/2011,4613,795,Rhode Island,5408
1/1/2011,8201,5190,South Carolina,13391
1/1/2011,1704,340,South Dakota,2044
1/1/2011,12913,4101,Tennessee,17014
1/1/2011,14385,4482,Texas,18867
1/1/2011,946,555,Vermont,1501
1/1/2011,176,299,Virgin Islands,475
1/1/2011,9455,2246,Virginia,11701
1/1/2011,6390,615,Washington,7005
1/1/2011,6676,681,West Virginia,7357
1/1/2011,12213,1509,Wisconsin,13722
12/29/2010,17153,1732,Arizona,18885
12/29/2010,3295,2098,Arkansas,5393
12/29/2010,6006,4362,Colorado,10368
12/29/2010,7206,2796,Connecticut,10002
12/29/2010,2988,431,Delaware,3419
12/29/2010,2039,364,Dist. of Columbia,2403
12/29/2010,48115,12887,Florida,61002
12/29/2010,13025,1545,Georgia,14570
12/29/2010,4329,758,Idaho,5087
12/29/2010,12445,2587,Illinois,15032
12/29/2010,12016,3289,Indiana,15305
12/29/2010,6548,1874,Iowa,8422
12/29/2010,5666,542,Kansas,6208
12/29/2010,13559,1422,Kentucky,14981
12/29/2010,13668,3286,Louisiana,16954
12/29/2010,1904,1391,Maine,3295
12/29/2010,9978,1499,Maryland,11477
12/29/2010,9138,1459,Massachusetts,10597
12/29/2010,10404,2291,Michigan,12695
12/29/2010,10848,785,Minnesota,11633
12/29/2010,15034,1280,Missouri,16314
12/29/2010,1986,631,Montana,2617
12/29/2010,5423,735,Nebraska,6158
12/29/2010,4699,728,New Hampshire,5427
12/29/2010,17466,3400,New Jersey,20866
12/29/2010,4173,806,New Mexico,4979
12/29/2010,24866,2868,New York,27734
12/29/2010,14590,6814,North Carolina,21404
12/29/2010,934,698,North Dakota,1632
12/29/2010,9043,3294,Ohio,12337
12/29/2010,4605,2998,Oklahoma,7603
12/29/2010,4462,1189,Oregon,5651
12/29/2010,25009,7254,Pennsylvania,32263
12/29/2010,4245,928,Rhode Island,5173
12/29/2010,7424,4747,South Carolina,12171
12/29/2010,2131,384,South Dakota,2515
12/29/2010,11059,3788,Tennessee,14847
12/29/2010,12765,4655,Texas,17420
12/29/2010,949,525,Vermont,1474
12/29/2010,159,304,Virgin Islands,463
12/29/2010,8435,2334,Virginia,10769
12/29/2010,5281,620,Washington,5901
12/29/2010,6042,714,West Virginia,6756
12/29/2010,11170,1473,Wisconsin,12643
12/25/2010,19835,1871,Arizona,21706
12/25/2010,3592,2102,Arkansas,5694
12/25/2010,7842,4878,Colorado,12720
12/25/2010,8636,2771,Connecticut,11407
12/25/2010,4093,485,Delaware,4578
12/25/2010,2016,383,Dist. of Columbia,2399
12/25/2010,65894,16244,Florida,82138
12/25/2010,14914,1645,Georgia,16559
12/25/2010,5361,858,Idaho,6219
12/25/2010,14636,2704,Illinois,17340
12/25/2010,14028,3486,Indiana,17514
12/25/2010,7150,1834,Iowa,8984
12/25/2010,7474,613,Kansas,8087
12/25/2010,16378,1554,Kentucky,17932
12/25/2010,15983,3273,Louisiana,19256
12/25/2010,3226,1917,Maine,5143
12/25/2010,10761,1433,Maryland,12194
12/25/2010,9351,1394,Massachusetts,10745
12/25/2010,10564,2156,Michigan,12720
12/25/2010,13063,874,Minnesota,13937
12/25/2010,17772,1277,Missouri,19049
12/25/2010,2376,726,Montana,3102
12/25/2010,6390,802,Nebraska,7192
12/25/2010,6622,760,New Hampshire,7382
12/25/2010,20903,3553,New Jersey,24456
12/25/2010,4916,875,New Mexico,5791
12/25/2010,28047,3038,New York,31085
12/25/2010,18221,7681,North Carolina,25902
12/25/2010,934,652,North Dakota,1586
12/25/2010,9340,2978,Ohio,12318
12/25/2010,5443,3544,Oklahoma,8987
12/25/2010,5953,1389,Oregon,7342
12/25/2010,31848,8045,Pennsylvania,39893
12/25/2010,5951,1041,Rhode Island,6992
12/25/2010,8881,5479,South Carolina,14360
12/25/2010,2273,356,South Dakota,2629
12/25/2010,13468,4468,Tennessee,17936
12/25/2010,14374,4617,Texas,18991
12/25/2010,1224,625,Vermont,1849
12/25/2010,154,280,Virgin Islands,434
12/25/2010,10143,2450,Virginia,12593
12/25/2010,6507,694,Washington,7201
12/25/2010,7541,672,West Virginia,8213
12/25/2010,13092,1704,Wisconsin,14796
12/22/2010,17438,1799,Arizona,19237
12/22/2010,3778,2277,Arkansas,6055
12/22/2010,6804,4867,Colorado,11671
12/22/2010,8045,2825,Connecticut,10870
12/22/2010,3511,489,Delaware,4000
12/22/2010,2498,522,Dist. of Columbia,3020
12/22/2010,60372,16382,Florida,76754
12/22/2010,14466,1937,Georgia,16403
12/22/2010,5096,811,Idaho,5907
12/22/2010,14214,2807,Illinois,17021
12/22/2010,12833,3442,Indiana,16275
12/22/2010,7105,1903,Iowa,9008
12/22/2010,6655,610,Kansas,7265
12/22/2010,14164,1630,Kentucky,15794
12/22/2010,15764,3745,Louisiana,19509
12/22/2010,2217,1502,Maine,3719
12/22/2010,11110,1643,Maryland,12753
12/22/2010,9453,1559,Massachusetts,11012
12/22/2010,11036,2601,Michigan,13637
12/22/2010,11592,853,Minnesota,12445
12/22/2010,16894,1397,Missouri,18291
12/22/2010,2170,759,Montana,2929
12/22/2010,5882,884,Nebraska,6766
12/22/2010,4940,639,New Hampshire,5579
12/22/2010,21313,3964,New Jersey,25277
12/22/2010,4653,1007,New Mexico,5660
12/22/2010,31340,3713,New York,35053
12/22/2010,18031,8421,North Carolina,26452
12/22/2010,867,649,North Dakota,1516
12/22/2010,9659,3282,Ohio,12941
12/22/2010,5297,3606,Oklahoma,8903
12/22/2010,5184,1392,Oregon,6576
12/22/2010,28728,8118,Pennsylvania,36846
12/22/2010,4966,1086,Rhode Island,6052
12/22/2010,8460,5792,South Carolina,14252
12/22/2010,2375,437,South Dakota,2812
12/22/2010,12858,4735,Tennessee,17593
12/22/2010,14011,4798,Texas,18809
12/22/2010,908,457,Vermont,1365
12/22/2010,215,419,Virgin Islands,634
12/22/2010,9879,2676,Virginia,12555
12/22/2010,6120,702,Washington,6822
12/22/2010,6812,742,West Virginia,7554
12/22/2010,11683,1599,Wisconsin,13282
12/18/2010,18236,1895,Arizona,20131
12/18/2010,3738,2283,Arkansas,6021
12/18/2010,6334,4689,Colorado,11023
12/18/2010,7977,3048,Connecticut,11025
12/18/2010,3425,484,Delaware,3909
12/18/2010,2461,509,Dist. of Columbia,2970
12/18/2010,54851,14491,Florida,69342
12/18/2010,15072,1731,Georgia,16803
12/18/2010,4916,860,Idaho,5776
12/18/2010,13766,2772,Illinois,16538
12/18/2010,13710,3744,Indiana,17454
12/18/2010,6769,1915,Iowa,8684
12/18/2010,6813,639,Kansas,7452
12/18/2010,14865,1557,Kentucky,16422
12/18/2010,15532,3593,Louisiana,19125
12/18/2010,2302,1580,Maine,3882
12/18/2010,10516,1555,Maryland,12071
12/18/2010,9442,1357,Massachusetts,10799
12/18/2010,11051,2474,Michigan,13525
12/18/2010,11419,870,Minnesota,12289
12/18/2010,17146,1456,Missouri,18602
12/18/2010,2165,746,Montana,2911
12/18/2010,5798,863,Nebraska,6661
12/18/2010,5181,694,New Hampshire,5875
12/18/2010,20058,3888,New Jersey,23946
12/18/2010,4689,969,New Mexico,5658
12/18/2010,32652,3705,New York,36357
12/18/2010,17165,8285,North Carolina,25450
12/18/2010,788,646,North Dakota,1434
12/18/2010,9594,3228,Ohio,12822
12/18/2010,5538,3930,Oklahoma,9468
12/18/2010,4753,1314,Oregon,6067
12/18/2010,30395,9122,Pennsylvania,39517
12/18/2010,5559,1148,Rhode Island,6707
12/18/2010,8339,5877,South Carolina,14216
12/18/2010,2161,373,South Dakota,2534
12/18/2010,12762,4732,Tennessee,17494
12/18/2010,15032,5174,Texas,20206
12/18/2010,934,474,Vermont,1408
12/18/2010,219,394,Virgin Islands,613
12/18/2010,8989,2435,Virginia,11424
12/18/2010,5287,690,Washington,5977
12/18/2010,6741,716,West Virginia,7457
12/18/2010,12263,1712,Wisconsin,13975
12/15/2010,15425,1627,Arizona,17052
12/15/2010,3682,2225,Arkansas,5907
12/15/2010,6160,4650,Colorado,10810
12/15/2010,7403,2685,Connecticut,10088
12/15/2010,3114,462,Delaware,3576
12/15/2010,2197,412,Dist. of Columbia,2609
12/15/2010,53162,14584,Florida,67746
12/15/2010,11328,1511,Georgia,12839
12/15/2010,4362,809,Idaho,5171
12/15/2010,11758,2325,Illinois,14083
12/15/2010,11265,3329,Indiana,14594
12/15/2010,6589,1829,Iowa,8418
12/15/2010,5613,554,Kansas,6167
12/15/2010,12784,1325,Kentucky,14109
12/15/2010,13179,3092,Louisiana,16271
12/15/2010,2010,1418,Maine,3428
12/15/2010,9961,1532,Maryland,11493
12/15/2010,8817,1425,Massachusetts,10242
12/15/2010,9549,2253,Michigan,11802
12/15/2010,10180,830,Minnesota,11010
12/15/2010,14509,1248,Missouri,15757
12/15/2010,1906,621,Montana,2527
12/15/2010,5115,843,Nebraska,5958
12/15/2010,4591,663,New Hampshire,5254
12/15/2010,17845,3423,New Jersey,21268
12/15/2010,4148,890,New Mexico,5038
12/15/2010,27335,3087,New York,30422
12/15/2010,17116,8188,North Carolina,25304
12/15/2010,797,618,North Dakota,1415
12/15/2010,8567,3016,Ohio,11583
12/15/2010,5020,3625,Oklahoma,8645
12/15/2010,4153,1109,Oregon,5262
12/15/2010,25672,7463,Pennsylvania,33135
12/15/2010,4296,887,Rhode Island,5183
12/15/2010,8236,5686,South Carolina,13922
12/15/2010,2040,377,South Dakota,2417
12/15/2010,11852,4529,Tennessee,16381
12/15/2010,12570,4286,Texas,16856
12/15/2010,847,462,Vermont,1309
12/15/2010,174,362,Virgin Islands,536
12/15/2010,8730,2367,Virginia,11097
12/15/2010,4935,579,Washington,5514
12/15/2010,6146,686,West Virginia,6832
12/15/2010,10090,1402,Wisconsin,11492
12/11/2010,20728,2375,Arizona,23103
12/11/2010,4087,2659,Arkansas,6746
12/11/2010,7421,5405,Colorado,12826
12/11/2010,9648,3763,Connecticut,13411
12/11/2010,3984,597,Delaware,4581
12/11/2010,2949,573,Dist. of Columbia,3522
12/11/2010,63680,18370,Florida,82050
12/11/2010,16640,2190,Georgia,18830
12/11/2010,5667,1060,Idaho,6727
12/11/2010,16493,3453,Illinois,19946
12/11/2010,16228,4653,Indiana,20881
12/11/2010,7977,2285,Iowa,10262
12/11/2010,7567,716,Kansas,8283
12/11/2010,17536,1935,Kentucky,19471
12/11/2010,17587,4355,Louisiana,21942
12/11/2010,2393,1741,Maine,4134
12/11/2010,11823,1840,Maryland,13663
12/11/2010,11263,1982,Massachusetts,13245
12/11/2010,12805,3241,Michigan,16046
12/11/2010,11893,960,Minnesota,12853
12/11/2010,19665,1921,Missouri,21586
12/11/2010,2488,873,Montana,3361
12/11/2010,6410,930,Nebraska,7340
12/11/2010,5841,862,New Hampshire,6703
12/11/2010,23047,4452,New Jersey,27499
12/11/2010,5357,1241,New Mexico,6598
12/11/2010,38241,4133,New York,42374
12/11/2010,19398,9515,North Carolina,28913
12/11/2010,964,697,North Dakota,1661
12/11/2010,11205,4086,Ohio,15291
12/11/2010,5989,4156,Oklahoma,10145
12/11/2010,5218,1518,Oregon,6736
12/11/2010,36354,11252,Pennsylvania,47606
12/11/2010,6337,1352,Rhode Island,7689
12/11/2010,9617,7020,South Carolina,16637
12/11/2010,2247,451,South Dakota,2698
12/11/2010,14254,5662,Tennessee,19916
12/11/2010,17260,6192,Texas,23452
12/11/2010,1161,619,Vermont,1780
12/11/2010,199,424,Virgin Islands,623
12/11/2010,10838,3016,Virginia,13854
12/11/2010,6144,853,Washington,6997
12/11/2010,8111,988,West Virginia,9099
12/11/2010,13826,2023,Wisconsin,15849
12/8/2010,15115,1565,Arizona,16680
12/8/2010,3196,1900,Arkansas,5096
12/8/2010,5776,3974,Colorado,9750
12/8/2010,7020,2491,Connecticut,9511
12/8/2010,3129,445,Delaware,3574
12/8/2010,2208,394,Dist. of Columbia,2602
12/8/2010,46400,12682,Florida,59082
12/8/2010,11804,1578,Georgia,13382
12/8/2010,4394,748,Idaho,5142
12/8/2010,11871,2437,Illinois,14308
12/8/2010,11063,2971,Indiana,14034
12/8/2010,6159,1717,Iowa,7876
12/8/2010,5775,558,Kansas,6333
12/8/2010,12396,1356,Kentucky,13752
12/8/2010,12992,3055,Louisiana,16047
12/8/2010,1761,1164,Maine,2925
12/8/2010,9043,1520,Maryland,10563
12/8/2010,8449,1320,Massachusetts,9769
12/8/2010,9709,2330,Michigan,12039
12/8/2010,10674,790,Minnesota,11464
12/8/2010,14975,1138,Missouri,16113
12/8/2010,2001,654,Montana,2655
12/8/2010,5305,741,Nebraska,6046
12/8/2010,4302,588,New Hampshire,4890
12/8/2010,17867,3312,New Jersey,21179
12/8/2010,4332,853,New Mexico,5185
12/8/2010,28798,3050,New York,31848
12/8/2010,14492,6912,North Carolina,21404
12/8/2010,757,657,North Dakota,1414
12/8/2010,8482,2922,Ohio,11404
12/8/2010,4647,3172,Oklahoma,7819
12/8/2010,4299,1112,Oregon,5411
12/8/2010,25197,7238,Pennsylvania,32435
12/8/2010,4294,881,Rhode Island,5175
12/8/2010,6974,4635,South Carolina,11609
12/8/2010,1962,379,South Dakota,2341
12/8/2010,10614,3825,Tennessee,14439
12/8/2010,12506,4412,Texas,16918
12/8/2010,771,445,Vermont,1216
12/8/2010,146,285,Virgin Islands,431
12/8/2010,8197,2220,Virginia,10417
12/8/2010,5362,657,Washington,6019
12/8/2010,6007,682,West Virginia,6689
12/8/2010,10564,1397,Wisconsin,11961
12/4/2010,17070,1825,Arizona,18895
12/4/2010,3641,2230,Arkansas,5871
12/4/2010,6512,4672,Colorado,11184
12/4/2010,8496,3022,Connecticut,11518
12/4/2010,3570,504,Delaware,4074
12/4/2010,2592,475,Dist. of Columbia,3067
12/4/2010,56377,14928,Florida,71305
12/4/2010,15233,1844,Georgia,17077
12/4/2010,4912,809,Idaho,5721
12/4/2010,14115,2846,Illinois,16961
12/4/2010,14730,3942,Indiana,18672
12/4/2010,7105,1902,Iowa,9007
12/4/2010,6828,627,Kansas,7455
12/4/2010,15318,1616,Kentucky,16934
12/4/2010,15853,3576,Louisiana,19429
12/4/2010,2103,1410,Maine,3513
12/4/2010,11277,1682,Maryland,12959
12/4/2010,10698,1688,Massachusetts,12386
12/4/2010,12314,2768,Michigan,15082
12/4/2010,11938,933,Minnesota,12871
12/4/2010,17894,1458,Missouri,19352
12/4/2010,2109,675,Montana,2784
12/4/2010,5855,771,Nebraska,6626
12/4/2010,5081,713,New Hampshire,5794
12/4/2010,20489,3832,New Jersey,24321
12/4/2010,4798,1112,New Mexico,5910
12/4/2010,35209,3594,New York,38803
12/4/2010,16758,7550,North Carolina,24308
12/4/2010,879,654,North Dakota,1533
12/4/2010,10970,3646,Ohio,14616
12/4/2010,5201,3679,Oklahoma,8880
12/4/2010,4776,1298,Oregon,6074
12/4/2010,30846,8662,Pennsylvania,39508
12/4/2010,5548,1060,Rhode Island,6608
12/4/2010,8675,5917,South Carolina,14592
12/4/2010,2060,364,South Dakota,2424
12/4/2010,12991,4353,Tennessee,17344
12/4/2010,16325,5695,Texas,22020
12/4/2010,1001,516,Vermont,1517
12/4/2010,222,365,Virgin Islands,587
12/4/2010,9798,2674,Virginia,12472
12/4/2010,5687,679,Washington,6366
12/4/2010,7124,812,West Virginia,7936
12/4/2010,12493,1658,Wisconsin,14151
12/1/2010,23819,2256,Arizona,26075
12/1/2010,4542,2534,Arkansas,7076
12/1/2010,9873,6163,Colorado,16036
12/1/2010,11163,3765,Connecticut,14928
12/1/2010,4787,703,Delaware,5490
12/1/2010,3186,630,Dist. of Columbia,3816
12/1/2010,76924,18797,Florida,95721
12/1/2010,19437,2394,Georgia,21831
12/1/2010,5616,928,Idaho,6544
12/1/2010,22797,4103,Illinois,26900
12/1/2010,16045,4102,Indiana,20147
12/1/2010,9609,2281,Iowa,11890
12/1/2010,8271,784,Kansas,9055
12/1/2010,17446,1928,Kentucky,19374
12/1/2010,19424,4357,Louisiana,23781
12/1/2010,2503,1687,Maine,4190
12/1/2010,13621,1973,Maryland,15594
12/1/2010,15203,2109,Massachusetts,17312
12/1/2010,17560,3645,Michigan,21205
12/1/2010,16829,1205,Minnesota,18034
12/1/2010,20870,1691,Missouri,22561
12/1/2010,2723,867,Montana,3590
12/1/2010,7285,1009,Nebraska,8294
12/1/2010,6277,898,New Hampshire,7175
12/1/2010,33871,5198,New Jersey,39069
12/1/2010,6212,1219,New Mexico,7431
12/1/2010,56356,4867,New York,61223
12/1/2010,22693,9466,North Carolina,32159
12/1/2010,1095,790,North Dakota,1885
12/1/2010,15280,4380,Ohio,19660
12/1/2010,7099,4498,Oklahoma,11597
12/1/2010,6970,1605,Oregon,8575
12/1/2010,42728,10679,Pennsylvania,53407
12/1/2010,6261,1259,Rhode Island,7520
12/1/2010,10973,6877,South Carolina,17850
12/1/2010,2810,461,South Dakota,3271
12/1/2010,15591,5142,Tennessee,20733
12/1/2010,21276,6483,Texas,27759
12/1/2010,1201,592,Vermont,1793
12/1/2010,218,467,Virgin Islands,685
12/1/2010,14144,3723,Virginia,17867
12/1/2010,9269,1088,Washington,10357
12/1/2010,8961,987,West Virginia,9948
12/1/2010,15609,1954,Wisconsin,17563
11/27/2010,18861,1866,Arizona,20727
11/27/2010,3844,2113,Arkansas,5957
11/27/2010,7994,5127,Colorado,13121
11/27/2010,9533,3193,Connecticut,12726
11/27/2010,4086,544,Delaware,4630
11/27/2010,2140,432,Dist. of Columbia,2572
11/27/2010,66204,15785,Florida,81989
11/27/2010,16885,1907,Georgia,18792
11/27/2010,5051,822,Idaho,5873
11/27/2010,16702,3149,Illinois,19851
11/27/2010,16204,3980,Indiana,20184
11/27/2010,7712,1964,Iowa,9676
11/27/2010,7311,582,Kansas,7893
11/27/2010,16586,1667,Kentucky,18253
11/27/2010,17631,3750,Louisiana,21381
11/27/2010,2158,1461,Maine,3619
11/27/2010,11287,1547,Maryland,12834
11/27/2010,11216,1563,Massachusetts,12779
11/27/2010,13702,2746,Michigan,16448
11/27/2010,14625,1032,Minnesota,15657
11/27/2010,18775,1438,Missouri,20213
11/27/2010,2238,671,Montana,2909
11/27/2010,6293,831,Nebraska,7124
11/27/2010,5571,717,New Hampshire,6288
11/27/2010,22948,3865,New Jersey,26813
11/27/2010,5148,1003,New Mexico,6151
11/27/2010,39061,3512,New York,42573
11/27/2010,19533,7870,North Carolina,27403
11/27/2010,890,789,North Dakota,1679
11/27/2010,12517,3794,Ohio,16311
11/27/2010,6071,3897,Oklahoma,9968
11/27/2010,5650,1387,Oregon,7037
11/27/2010,36214,9184,Pennsylvania,45398
11/27/2010,5463,1016,Rhode Island,6479
11/27/2010,10002,5963,South Carolina,15965
11/27/2010,2461,455,South Dakota,2916
11/27/2010,14843,4777,Tennessee,19620
11/27/2010,18534,5926,Texas,24460
11/27/2010,1032,556,Vermont,1588
11/27/2010,192,317,Virgin Islands,509
11/27/2010,11344,2918,Virginia,14262
11/27/2010,6864,751,Washington,7615
11/27/2010,8009,838,West Virginia,8847
11/27/2010,13554,1728,Wisconsin,15282
11/24/2010,19530,1945,Arizona,21475
11/24/2010,4050,2303,Arkansas,6353
11/24/2010,8369,5566,Colorado,13935
11/24/2010,10023,3342,Connecticut,13365
11/24/2010,4426,601,Delaware,5027
11/24/2010,2595,483,Dist. of Columbia,3078
11/24/2010,68152,17887,Florida,86039
11/24/2010,16725,2061,Georgia,18786
11/24/2010,5172,806,Idaho,5978
11/24/2010,18391,3439,Illinois,21830
11/24/2010,14990,3628,Indiana,18618
11/24/2010,8027,2121,Iowa,10148
11/24/2010,7708,649,Kansas,8357
11/24/2010,15788,1795,Kentucky,17583
11/24/2010,17282,3737,Louisiana,21019
11/24/2010,2329,1530,Maine,3859
11/24/2010,12014,1803,Maryland,13817
11/24/2010,12657,1809,Massachusetts,14466
11/24/2010,14844,3086,Michigan,17930
11/24/2010,14897,1056,Minnesota,15953
11/24/2010,19315,1526,Missouri,20841
11/24/2010,2284,732,Montana,3016
11/24/2010,6552,894,Nebraska,7446
11/24/2010,5893,838,New Hampshire,6731
11/24/2010,25512,4411,New Jersey,29923
11/24/2010,5505,1100,New Mexico,6605
11/24/2010,42507,4082,New York,46589
11/24/2010,19985,8363,North Carolina,28348
11/24/2010,938,838,North Dakota,1776
11/24/2010,12958,3861,Ohio,16819
11/24/2010,6019,3961,Oklahoma,9980
11/24/2010,5457,1299,Oregon,6756
11/24/2010,36760,9751,Pennsylvania,46511
11/24/2010,5561,1200,Rhode Island,6761
11/24/2010,9656,6014,South Carolina,15670
11/24/2010,2458,423,South Dakota,2881
11/24/2010,14362,4498,Tennessee,18860
11/24/2010,18503,5752,Texas,24255
11/24/2010,1084,523,Vermont,1607
11/24/2010,188,327,Virgin Islands,515
11/24/2010,12453,3196,Virginia,15649
11/24/2010,7317,784,Washington,8101
11/24/2010,7579,918,West Virginia,8497
11/24/2010,14024,1770,Wisconsin,15794
11/20/2010,17951,1807,Arizona,19758
11/20/2010,3579,1975,Arkansas,5554
11/20/2010,7446,4897,Colorado,12343
11/20/2010,9049,2905,Connecticut,11954
11/20/2010,3879,498,Delaware,4377
11/20/2010,2599,454,Dist. of Columbia,3053
11/20/2010,59588,14246,Florida,73834
11/20/2010,15879,1769,Georgia,17648
11/20/2010,4697,756,Idaho,5453
11/20/2010,17097,3193,Illinois,20290
11/20/2010,15170,3630,Indiana,18800
11/20/2010,7405,2003,Iowa,9408
11/20/2010,7180,619,Kansas,7799
11/20/2010,15459,1580,Kentucky,17039
11/20/2010,16022,3279,Louisiana,19301
11/20/2010,2068,1402,Maine,3470
11/20/2010,11410,1574,Maryland,12984
11/20/2010,11133,1489,Massachusetts,12622
11/20/2010,13446,2817,Michigan,16263
11/20/2010,13482,934,Minnesota,14416
11/20/2010,17702,1361,Missouri,19063
11/20/2010,1844,641,Montana,2485
11/20/2010,6062,819,Nebraska,6881
11/20/2010,5216,687,New Hampshire,5903
11/20/2010,21136,3562,New Jersey,24698
11/20/2010,4889,983,New Mexico,5872
11/20/2010,37793,3364,New York,41157
11/20/2010,17224,7228,North Carolina,24452
11/20/2010,822,718,North Dakota,1540
11/20/2010,12083,3591,Ohio,15674
11/20/2010,5525,3486,Oklahoma,9011
11/20/2010,5229,1191,Oregon,6420
11/20/2010,33616,8521,Pennsylvania,42137
11/20/2010,5038,961,Rhode Island,5999
11/20/2010,8882,5491,South Carolina,14373
11/20/2010,2303,378,South Dakota,2681
11/20/2010,13177,4334,Tennessee,17511
11/20/2010,16930,5213,Texas,22143
11/20/2010,986,517,Vermont,1503
11/20/2010,170,346,Virgin Islands,516
11/20/2010,10854,2701,Virginia,13555
11/20/2010,6798,738,Washington,7536
11/20/2010,7113,743,West Virginia,7856
11/20/2010,12836,1576,Wisconsin,14412
11/17/2010,17389,1849,Arizona,19238
11/17/2010,3616,2174,Arkansas,5790
11/17/2010,6824,5039,Colorado,11863
11/17/2010,8582,3140,Connecticut,11722
11/17/2010,3635,551,Delaware,4186
11/17/2010,2544,529,Dist. of Columbia,3073
11/17/2010,54404,14778,Florida,69182
11/17/2010,13807,1845,Georgia,15652
11/17/2010,5295,918,Idaho,6213
11/17/2010,15328,3048,Illinois,18376
11/17/2010,13472,3674,Indiana,17146
11/17/2010,7322,1953,Iowa,9275
11/17/2010,6678,653,Kansas,7331
11/17/2010,14174,1491,Kentucky,15665
11/17/2010,15613,3796,Louisiana,19409
11/17/2010,2098,1511,Maine,3609
11/17/2010,10328,1679,Maryland,12007
11/17/2010,10442,1653,Massachusetts,12095
11/17/2010,12211,2679,Michigan,14890
11/17/2010,12651,1023,Minnesota,13674
11/17/2010,17524,1498,Missouri,19022
11/17/2010,2229,801,Montana,3030
11/17/2010,6217,922,Nebraska,7139
11/17/2010,5188,798,New Hampshire,5986
11/17/2010,21326,3929,New Jersey,25255
11/17/2010,4619,912,New Mexico,5531
11/17/2010,34897,3640,New York,38537
11/17/2010,18502,8807,North Carolina,27309
11/17/2010,873,894,North Dakota,1767
11/17/2010,10836,3570,Ohio,14406
11/17/2010,5340,3647,Oklahoma,8987
11/17/2010,4795,1329,Oregon,6124
11/17/2010,31402,9266,Pennsylvania,40668
11/17/2010,4952,1063,Rhode Island,6015
11/17/2010,8392,5825,South Carolina,14217
11/17/2010,2277,413,South Dakota,2690
11/17/2010,12902,4798,Tennessee,17700
11/17/2010,15265,5191,Texas,20456
11/17/2010,997,596,Vermont,1593
11/17/2010,241,383,Virgin Islands,624
11/17/2010,10099,2939,Virginia,13038
11/17/2010,6115,708,Washington,6823
11/17/2010,7038,834,West Virginia,7872
11/17/2010,12379,1718,Wisconsin,14097
11/13/2010,17192,1717,Arizona,18909
11/13/2010,3515,2064,Arkansas,5579
11/13/2010,6446,4512,Colorado,10958
11/13/2010,8725,3083,Connecticut,11808
11/13/2010,3615,511,Delaware,4126
11/13/2010,2435,398,Dist. of Columbia,2833
11/13/2010,52836,13328,Florida,66164
11/13/2010,14284,1761,Georgia,16045
11/13/2010,4805,764,Idaho,5569
11/13/2010,14500,2823,Illinois,17323
11/13/2010,15612,4028,Indiana,19640
11/13/2010,7103,1992,Iowa,9095
11/13/2010,6248,521,Kansas,6769
11/13/2010,14886,1541,Kentucky,16427
11/13/2010,15750,3513,Louisiana,19263
11/13/2010,2173,1475,Maine,3648
11/13/2010,10967,1593,Maryland,12560
11/13/2010,10462,1470,Massachusetts,11932
11/13/2010,12546,2780,Michigan,15326
11/13/2010,11232,905,Minnesota,12137
11/13/2010,17219,1451,Missouri,18670
11/13/2010,2089,629,Montana,2718
11/13/2010,5586,773,Nebraska,6359
11/13/2010,5464,821,New Hampshire,6285
11/13/2010,20288,3598,New Jersey,23886
11/13/2010,4411,874,New Mexico,5285
11/13/2010,34053,3286,New York,37339
11/13/2010,16818,7262,North Carolina,24080
11/13/2010,897,742,North Dakota,1639
11/13/2010,11212,3767,Ohio,14979
11/13/2010,5081,3535,Oklahoma,8616
11/13/2010,4638,1229,Oregon,5867
11/13/2010,30621,8735,Pennsylvania,39356
11/13/2010,5129,973,Rhode Island,6102
11/13/2010,8232,5315,South Carolina,13547
11/13/2010,2099,365,South Dakota,2464
11/13/2010,12694,4267,Tennessee,16961
11/13/2010,15415,4955,Texas,20370
11/13/2010,999,553,Vermont,1552
11/13/2010,185,354,Virgin Islands,539
11/13/2010,10040,2709,Virginia,12749
11/13/2010,5728,697,Washington,6425
11/13/2010,6952,703,West Virginia,7655
11/13/2010,12350,1649,Wisconsin,13999
11/10/2010,17098,1942,Arizona,19040
11/10/2010,4014,2515,Arkansas,6529
11/10/2010,6465,4539,Colorado,11004
11/10/2010,8256,3098,Connecticut,11354
11/10/2010,3486,515,Delaware,4001
11/10/2010,2636,584,Dist. of Columbia,3220
11/10/2010,55679,14902,Florida,70581
11/10/2010,13761,1863,Georgia,15624
11/10/2010,5063,895,Idaho,5958
11/10/2010,13619,2920,Illinois,16539
11/10/2010,13773,3863,Indiana,17636
11/10/2010,7247,2101,Iowa,9348
11/10/2010,6363,680,Kansas,7043
11/10/2010,13974,1580,Kentucky,15554
11/10/2010,15316,3769,Louisiana,19085
11/10/2010,1914,1372,Maine,3286
11/10/2010,10965,1857,Maryland,12822
11/10/2010,10265,1686,Massachusetts,11951
11/10/2010,11339,2754,Michigan,14093
11/10/2010,12000,976,Minnesota,12976
11/10/2010,16787,1510,Missouri,18297
11/10/2010,2227,714,Montana,2941
11/10/2010,5891,876,Nebraska,6767
11/10/2010,4893,723,New Hampshire,5616
11/10/2010,20653,3838,New Jersey,24491
11/10/2010,4454,917,New Mexico,5371
11/10/2010,34104,3564,New York,37668
11/10/2010,17868,8350,North Carolina,26218
11/10/2010,862,883,North Dakota,1745
11/10/2010,10649,3640,Ohio,14289
11/10/2010,5445,3873,Oklahoma,9318
11/10/2010,4478,1236,Oregon,5714
11/10/2010,29570,8912,Pennsylvania,38482
11/10/2010,4828,966,Rhode Island,5794
11/10/2010,8683,6131,South Carolina,14814
11/10/2010,2214,413,South Dakota,2627
11/10/2010,12920,4756,Tennessee,17676
11/10/2010,14892,5321,Texas,20213
11/10/2010,916,538,Vermont,1454
11/10/2010,195,358,Virgin Islands,553
11/10/2010,10194,2992,Virginia,13186
11/10/2010,5820,688,Washington,6508
11/10/2010,7073,885,West Virginia,7958
11/10/2010,12074,1723,Wisconsin,13797
11/6/2010,29264,2473,Arizona,31737
11/6/2010,5989,3288,Arkansas,9277
11/6/2010,12557,7382,Colorado,19939
11/6/2010,15592,4394,Connecticut,19986
11/6/2010,6562,714,Delaware,7276
11/6/2010,3898,648,Dist. of Columbia,4546
11/6/2010,101871,22493,Florida,124364
11/6/2010,27787,2635,Georgia,30422
11/6/2010,7805,1154,Idaho,8959
11/6/2010,32370,4974,Illinois,37344
11/6/2010,22494,4958,Indiana,27452
11/6/2010,11603,2852,Iowa,14455
11/6/2010,10907,892,Kansas,11799
11/6/2010,22234,2076,Kentucky,24310
11/6/2010,27484,5006,Louisiana,32490
11/6/2010,2894,1792,Maine,4686
11/6/2010,18381,2121,Maryland,20502
11/6/2010,22941,2311,Massachusetts,25252
11/6/2010,23693,3977,Michigan,27670
11/6/2010,22101,1269,Minnesota,23370
11/6/2010,27707,1872,Missouri,29579
11/6/2010,2947,879,Montana,3826
11/6/2010,8868,1072,Nebraska,9940
11/6/2010,8458,1026,New Hampshire,9484
11/6/2010,45130,5796,New Jersey,50926
11/6/2010,7915,1382,New Mexico,9297
11/6/2010,88935,5505,New York,94440
11/6/2010,27604,10431,North Carolina,38035
11/6/2010,1342,1091,North Dakota,2433
11/6/2010,20476,5114,Ohio,25590
11/6/2010,9062,5634,Oklahoma,14696
11/6/2010,9433,1913,Oregon,11346
11/6/2010,61390,14224,Pennsylvania,75614
11/6/2010,8175,1426,Rhode Island,9601
11/6/2010,13400,7678,South Carolina,21078
11/6/2010,3699,564,South Dakota,4263
11/6/2010,20193,6112,Tennessee,26305
11/6/2010,30957,8058,Texas,39015
11/6/2010,1409,730,Vermont,2139
11/6/2010,254,408,Virgin Islands,662
11/6/2010,17881,3733,Virginia,21614
11/6/2010,11562,1061,Washington,12623
11/6/2010,11319,1119,West Virginia,12438
11/6/2010,20598,2154,Wisconsin,22752
11/3/2010,23866,2181,Arizona,26047
11/3/2010,4971,2810,Arkansas,7781
11/3/2010,10517,5925,Colorado,16442
11/3/2010,12414,3676,Connecticut,16090
11/3/2010,5166,644,Delaware,5810
11/3/2010,3419,538,Dist. of Columbia,3957
11/3/2010,80163,18289,Florida,98452
11/3/2010,20845,2195,Georgia,23040
11/3/2010,6599,953,Idaho,7552
11/3/2010,26557,4141,Illinois,30698
11/3/2010,16976,3959,Indiana,20935
11/3/2010,9660,2410,Iowa,12070
11/3/2010,8948,710,Kansas,9658
11/3/2010,18271,1763,Kentucky,20034
11/3/2010,21847,4168,Louisiana,26015
11/3/2010,2306,1494,Maine,3800
11/3/2010,14015,1788,Maryland,15803
11/3/2010,19579,2090,Massachusetts,21669
11/3/2010,18735,3615,Michigan,22350
11/3/2010,18666,1105,Minnesota,19771
11/3/2010,22071,1562,Missouri,23633
11/3/2010,2649,768,Montana,3417
11/3/2010,7648,963,Nebraska,8611
11/3/2010,6575,791,New Hampshire,7366
11/3/2010,37843,5244,New Jersey,43087
11/3/2010,6467,1072,New Mexico,7539
11/3/2010,69122,4780,New York,73902
11/3/2010,22013,8739,North Carolina,30752
11/3/2010,1204,928,North Dakota,2132
11/3/2010,16608,4304,Ohio,20912
11/3/2010,7570,4552,Oklahoma,12122
11/3/2010,7943,1689,Oregon,9632
11/3/2010,48474,11654,Pennsylvania,60128
11/3/2010,6367,1091,Rhode Island,7458
11/3/2010,9869,5973,South Carolina,15842
11/3/2010,3264,526,South Dakota,3790
11/3/2010,16225,4951,Tennessee,21176
11/3/2010,24352,6656,Texas,31008
11/3/2010,1173,542,Vermont,1715
11/3/2010,163,278,Virgin Islands,441
11/3/2010,14697,3430,Virginia,18127
11/3/2010,10207,1012,Washington,11219
11/3/2010,9086,921,West Virginia,10007
11/3/2010,16619,1854,Wisconsin,18473
10/30/2010,21781,2118,Arizona,23899
10/30/2010,4336,2578,Arkansas,6914
10/30/2010,9126,5959,Colorado,15085
10/30/2010,11410,3704,Connecticut,15114
10/30/2010,4692,669,Delaware,5361
10/30/2010,3300,627,Dist. of Columbia,3927
10/30/2010,73825,17314,Florida,91139
10/30/2010,19395,2179,Georgia,21574
10/30/2010,5951,951,Idaho,6902
10/30/2010,20048,3616,Illinois,23664
10/30/2010,17776,4437,Indiana,22213
10/30/2010,8874,2227,Iowa,11101
10/30/2010,8321,723,Kansas,9044
10/30/2010,18196,1749,Kentucky,19945
10/30/2010,21855,4301,Louisiana,26156
10/30/2010,2430,1655,Maine,4085
10/30/2010,13939,1582,Maryland,15521
10/30/2010,13622,1782,Massachusetts,15404
10/30/2010,15440,3274,Michigan,18714
10/30/2010,17310,1162,Minnesota,18472
10/30/2010,21957,1616,Missouri,23573
10/30/2010,2676,821,Montana,3497
10/30/2010,7157,931,Nebraska,8088
10/30/2010,6227,771,New Hampshire,6998
10/30/2010,28683,4731,New Jersey,33414
10/30/2010,5996,1065,New Mexico,7061
10/30/2010,47318,4079,New York,51397
10/30/2010,21641,8764,North Carolina,30405
10/30/2010,1156,823,North Dakota,1979
10/30/2010,14288,4458,Ohio,18746
10/30/2010,6668,4285,Oklahoma,10953
10/30/2010,6624,1625,Oregon,8249
10/30/2010,41503,10613,Pennsylvania,52116
10/30/2010,6348,1081,Rhode Island,7429
10/30/2010,10741,6468,South Carolina,17209
10/30/2010,2892,511,South Dakota,3403
10/30/2010,15923,5179,Tennessee,21102
10/30/2010,19622,6175,Texas,25797
10/30/2010,1222,574,Vermont,1796
10/30/2010,209,372,Virgin Islands,581
10/30/2010,13164,3477,Virginia,16641
10/30/2010,7748,913,Washington,8661
10/30/2010,9200,944,West Virginia,10144
10/30/2010,15443,1855,Wisconsin,17298
10/27/2010,17713,1826,Arizona,19539
10/27/2010,3897,2484,Arkansas,6381
10/27/2010,7477,4977,Colorado,12454
10/27/2010,8719,2898,Connecticut,11617
10/27/2010,3926,511,Delaware,4437
10/27/2010,2786,495,Dist. of Columbia,3281
10/27/2010,58703,14931,Florida,73634
10/27/2010,15602,1981,Georgia,17583
10/27/2010,5421,906,Idaho,6327
10/27/2010,16868,3052,Illinois,19920
10/27/2010,13163,3535,Indiana,16698
10/27/2010,7160,1929,Iowa,9089
10/27/2010,7243,656,Kansas,7899
10/27/2010,15088,1425,Kentucky,16513
10/27/2010,17711,3823,Louisiana,21534
10/27/2010,2016,1288,Maine,3304
10/27/2010,10975,1367,Maryland,12342
10/27/2010,10722,1483,Massachusetts,12205
10/27/2010,12460,2779,Michigan,15239
10/27/2010,14006,998,Minnesota,15004
10/27/2010,18390,1470,Missouri,19860
10/27/2010,2375,712,Montana,3087
10/27/2010,5930,848,Nebraska,6778
10/27/2010,4892,600,New Hampshire,5492
10/27/2010,24196,4208,New Jersey,28404
10/27/2010,5121,1009,New Mexico,6130
10/27/2010,39746,3535,New York,43281
10/27/2010,17793,7819,North Carolina,25612
10/27/2010,934,666,North Dakota,1600
10/27/2010,10882,3426,Ohio,14308
10/27/2010,5842,3818,Oklahoma,9660
10/27/2010,5794,1412,Oregon,7206
10/27/2010,33260,9187,Pennsylvania,42447
10/27/2010,4996,913,Rhode Island,5909
10/27/2010,8349,5442,South Carolina,13791
10/27/2010,2429,413,South Dakota,2842
10/27/2010,12997,4252,Tennessee,17249
10/27/2010,16314,5176,Texas,21490
10/27/2010,952,479,Vermont,1431
10/27/2010,180,335,Virgin Islands,515
10/27/2010,10448,2758,Virginia,13206
10/27/2010,7073,811,Washington,7884
10/27/2010,7309,824,West Virginia,8133
10/27/2010,12722,1661,Wisconsin,14383
10/23/2010,18524,1769,Arizona,20293
10/23/2010,3999,2386,Arkansas,6385
10/23/2010,7810,5147,Colorado,12957
10/23/2010,9324,3150,Connecticut,12474
10/23/2010,4022,493,Delaware,4515
10/23/2010,2735,438,Dist. of Columbia,3173
10/23/2010,60068,14145,Florida,74213
10/23/2010,16186,1905,Georgia,18091
10/23/2010,5212,828,Idaho,6040
10/23/2010,16404,3089,Illinois,19493
10/23/2010,14932,3675,Indiana,18607
10/23/2010,7787,2048,Iowa,9835
10/23/2010,7352,633,Kansas,7985
10/23/2010,16039,1484,Kentucky,17523
10/23/2010,17229,3297,Louisiana,20526
10/23/2010,2237,1436,Maine,3673
10/23/2010,11585,1274,Maryland,12859
10/23/2010,10966,1589,Massachusetts,12555
10/23/2010,12736,2811,Michigan,15547
10/23/2010,14261,937,Minnesota,15198
10/23/2010,19029,1355,Missouri,20384
10/23/2010,2331,687,Montana,3018
10/23/2010,6073,784,Nebraska,6857
10/23/2010,5504,713,New Hampshire,6217
10/23/2010,21989,3899,New Jersey,25888
10/23/2010,5125,967,New Mexico,6092
10/23/2010,36432,3480,New York,39912
10/23/2010,18350,7747,North Carolina,26097
10/23/2010,945,701,North Dakota,1646
10/23/2010,11588,3764,Ohio,15352
10/23/2010,5742,3798,Oklahoma,9540
10/23/2010,5596,1370,Oregon,6966
10/23/2010,33847,8700,Pennsylvania,42547
10/23/2010,5236,985,Rhode Island,6221
10/23/2010,9364,5655,South Carolina,15019
10/23/2010,2447,462,South Dakota,2909
10/23/2010,14335,4699,Tennessee,19034
10/23/2010,16218,4973,Texas,21191
10/23/2010,1066,548,Vermont,1614
10/23/2010,197,338,Virgin Islands,535
10/23/2010,10778,2834,Virginia,13612
10/23/2010,6285,780,Washington,7065
10/23/2010,7394,776,West Virginia,8170
10/23/2010,13150,1653,Wisconsin,14803
10/20/2010,16897,1990,Arizona,18887
10/20/2010,4025,2546,Arkansas,6571
10/20/2010,7388,5163,Colorado,12551
10/20/2010,8710,2969,Connecticut,11679
10/20/2010,3763,544,Delaware,4307
10/20/2010,2643,462,Dist. of Columbia,3105
10/20/2010,59501,16303,Florida,75804
10/20/2010,14162,1731,Georgia,15893
10/20/2010,5426,936,Idaho,6362
10/20/2010,14366,2920,Illinois,17286
10/20/2010,13094,3476,Indiana,16570
10/20/2010,7497,2111,Iowa,9608
10/20/2010,6875,624,Kansas,7499
10/20/2010,14368,1476,Kentucky,15844
10/20/2010,15474,3676,Louisiana,19150
10/20/2010,2158,1410,Maine,3568
10/20/2010,10498,1348,Maryland,11846
10/20/2010,9883,1539,Massachusetts,11422
10/20/2010,11566,2823,Michigan,14389
10/20/2010,13176,916,Minnesota,14092
10/20/2010,17750,1578,Missouri,19328
10/20/2010,2344,819,Montana,3163
10/20/2010,5995,876,Nebraska,6871
10/20/2010,5068,727,New Hampshire,5795
10/20/2010,20562,3822,New Jersey,24384
10/20/2010,4877,951,New Mexico,5828
10/20/2010,34164,3491,New York,37655
10/20/2010,18457,8631,North Carolina,27088
10/20/2010,971,709,North Dakota,1680
10/20/2010,10418,3470,Ohio,13888
10/20/2010,5853,3965,Oklahoma,9818
10/20/2010,5216,1287,Oregon,6503
10/20/2010,30940,9118,Pennsylvania,40058
10/20/2010,4709,1020,Rhode Island,5729
10/20/2010,8747,5921,South Carolina,14668
10/20/2010,2368,440,South Dakota,2808
10/20/2010,13984,5073,Tennessee,19057
10/20/2010,13884,4820,Texas,18704
10/20/2010,933,490,Vermont,1423
10/20/2010,176,341,Virgin Islands,517
10/20/2010,9952,2928,Virginia,12880
10/20/2010,6146,780,Washington,6926
10/20/2010,7397,856,West Virginia,8253
10/20/2010,12541,1709,Wisconsin,14250
10/16/2010,18601,2041,Arizona,20642
10/16/2010,4267,2689,Arkansas,6956
10/16/2010,8000,5943,Colorado,13943
10/16/2010,9832,3502,Connecticut,13334
10/16/2010,4204,617,Delaware,4821
10/16/2010,3059,619,Dist. of Columbia,3678
10/16/2010,66687,17687,Florida,84374
10/16/2010,15705,2067,Georgia,17772
10/16/2010,5838,990,Idaho,6828
10/16/2010,14972,3232,Illinois,18204
10/16/2010,16837,4585,Indiana,21422
10/16/2010,8283,2393,Iowa,10676
10/16/2010,7220,684,Kansas,7904
10/16/2010,16111,1756,Kentucky,17867
10/16/2010,18107,4236,Louisiana,22343
10/16/2010,2402,1737,Maine,4139
10/16/2010,11907,1548,Maryland,13455
10/16/2010,10577,1658,Massachusetts,12235
10/16/2010,12392,2975,Michigan,15367
10/16/2010,13837,1059,Minnesota,14896
10/16/2010,19308,1715,Missouri,21023
10/16/2010,2549,883,Montana,3432
10/16/2010,6456,922,Nebraska,7378
10/16/2010,5928,900,New Hampshire,6828
10/16/2010,20046,3905,New Jersey,23951
10/16/2010,5165,1076,New Mexico,6241
10/16/2010,34935,3514,New York,38449
10/16/2010,21165,10022,North Carolina,31187
10/16/2010,1019,823,North Dakota,1842
10/16/2010,11371,3978,Ohio,15349
10/16/2010,6418,4487,Oklahoma,10905
10/16/2010,5362,1505,Oregon,6867
10/16/2010,34402,10067,Pennsylvania,44469
10/16/2010,5867,1215,Rhode Island,7082
10/16/2010,10240,6980,South Carolina,17220
10/16/2010,2349,490,South Dakota,2839
10/16/2010,16121,5774,Tennessee,21895
10/16/2010,15727,5606,Texas,21333
10/16/2010,1157,647,Vermont,1804
10/16/2010,198,423,Virgin Islands,621
10/16/2010,10714,3331,Virginia,14045
10/16/2010,6055,822,Washington,6877
10/16/2010,8121,907,West Virginia,9028
10/16/2010,13636,2013,Wisconsin,15649
10/13/2010,15033,1573,Arizona,16606
10/13/2010,3323,1850,Arkansas,5173
10/13/2010,6349,4501,Colorado,10850
10/13/2010,7318,2556,Connecticut,9874
10/13/2010,3171,442,Delaware,3613
10/13/2010,2220,435,Dist. of Columbia,2655
10/13/2010,44238,11555,Florida,55793
10/13/2010,11532,1434,Georgia,12966
10/13/2010,4761,777,Idaho,5538
10/13/2010,12084,2575,Illinois,14659
10/13/2010,11961,3139,Indiana,15100
10/13/2010,6647,1851,Iowa,8498
10/13/2010,5968,497,Kansas,6465
10/13/2010,12452,1321,Kentucky,13773
10/13/2010,13784,3196,Louisiana,16980
10/13/2010,1873,1349,Maine,3222
10/13/2010,9254,1092,Maryland,10346
10/13/2010,8518,1356,Massachusetts,9874
10/13/2010,10076,2349,Michigan,12425
10/13/2010,11616,824,Minnesota,12440
10/13/2010,15784,1303,Missouri,17087
10/13/2010,2202,707,Montana,2909
10/13/2010,5328,736,Nebraska,6064
10/13/2010,4523,605,New Hampshire,5128
10/13/2010,17331,3255,New Jersey,20586
10/13/2010,4229,865,New Mexico,5094
10/13/2010,28356,3044,New York,31400
10/13/2010,15537,7067,North Carolina,22604
10/13/2010,871,713,North Dakota,1584
10/13/2010,9213,3320,Ohio,12533
10/13/2010,4991,3442,Oklahoma,8433
10/13/2010,4474,1164,Oregon,5638
10/13/2010,26203,7491,Pennsylvania,33694
10/13/2010,4215,838,Rhode Island,5053
10/13/2010,7794,4980,South Carolina,12774
10/13/2010,2072,382,South Dakota,2454
10/13/2010,11612,4008,Tennessee,15620
10/13/2010,12573,4153,Texas,16726
10/13/2010,1003,464,Vermont,1467
10/13/2010,167,315,Virgin Islands,482
10/13/2010,8247,2549,Virginia,10796
10/13/2010,5310,664,Washington,5974
10/13/2010,6377,702,West Virginia,7079
10/13/2010,11445,1495,Wisconsin,12940
10/9/2010,15896,1721,Arizona,17617
10/9/2010,3509,2055,Arkansas,5564
10/9/2010,6917,4959,Colorado,11876
10/9/2010,8187,2980,Connecticut,11167
10/9/2010,3563,465,Delaware,4028
10/9/2010,2467,431,Dist. of Columbia,2898
10/9/2010,48400,12156,Florida,60556
10/9/2010,13176,1555,Georgia,14731
10/9/2010,4823,780,Idaho,5603
10/9/2010,13080,2658,Illinois,15738
10/9/2010,13755,3579,Indiana,17334
10/9/2010,6857,1953,Iowa,8810
10/9/2010,6354,569,Kansas,6923
10/9/2010,14426,1321,Kentucky,15747
10/9/2010,15314,3253,Louisiana,18567
10/9/2010,2068,1462,Maine,3530
10/9/2010,10694,1229,Maryland,11923
10/9/2010,9513,1365,Massachusetts,10878
10/9/2010,10991,2536,Michigan,13527
10/9/2010,12041,988,Minnesota,13029
10/9/2010,16921,1432,Missouri,18353
10/9/2010,2167,684,Montana,2851
10/9/2010,5318,1031,Nebraska,6349
10/9/2010,5255,711,New Hampshire,5966
10/9/2010,17867,3442,New Jersey,21309
10/9/2010,4510,901,New Mexico,5411
10/9/2010,30752,2867,New York,33619
10/9/2010,16217,7211,North Carolina,23428
10/9/2010,896,692,North Dakota,1588
10/9/2010,10639,3534,Ohio,14173
10/9/2010,5310,3727,Oklahoma,9037
10/9/2010,4654,1345,Oregon,5999
10/9/2010,28319,8099,Pennsylvania,36418
10/9/2010,4901,868,Rhode Island,5769
10/9/2010,8289,5570,South Carolina,13859
10/9/2010,1963,426,South Dakota,2389
10/9/2010,12682,4425,Tennessee,17107
10/9/2010,14632,4879,Texas,19511
10/9/2010,945,548,Vermont,1493
10/9/2010,173,318,Virgin Islands,491
10/9/2010,8968,2640,Virginia,11608
10/9/2010,5400,722,Washington,6122
10/9/2010,6930,746,West Virginia,7676
10/9/2010,12469,1705,Wisconsin,14174
10/6/2010,18025,1800,Arizona,19825
10/6/2010,4079,2359,Arkansas,6438
10/6/2010,8246,5311,Colorado,13557
10/6/2010,9199,3085,Connecticut,12284
10/6/2010,4086,590,Delaware,4676
10/6/2010,2927,560,Dist. of Columbia,3487
10/6/2010,57488,15012,Florida,72500
10/6/2010,16002,1999,Georgia,18001
10/6/2010,5846,983,Idaho,6829
10/6/2010,17339,3362,Illinois,20701
10/6/2010,14103,3713,Indiana,17816
10/6/2010,7868,2100,Iowa,9968
10/6/2010,7365,668,Kansas,8033
10/6/2010,15136,1547,Kentucky,16683
10/6/2010,16890,3794,Louisiana,20684
10/6/2010,2239,1442,Maine,3681
10/6/2010,11079,1300,Maryland,12379
10/6/2010,11090,1545,Massachusetts,12635
10/6/2010,13342,2989,Michigan,16331
10/6/2010,14730,1004,Minnesota,15734
10/6/2010,19136,1533,Missouri,20669
10/6/2010,2544,766,Montana,3310
10/6/2010,6426,850,Nebraska,7276
10/6/2010,5303,720,New Hampshire,6023
10/6/2010,24507,4195,New Jersey,28702
10/6/2010,5392,1015,New Mexico,6407
10/6/2010,41751,3755,New York,45506
10/6/2010,19082,8593,North Carolina,27675
10/6/2010,1066,726,North Dakota,1792
10/6/2010,12880,3878,Ohio,16758
10/6/2010,6144,4161,Oklahoma,10305
10/6/2010,5950,1407,Oregon,7357
10/6/2010,34697,9816,Pennsylvania,44513
10/6/2010,5096,1010,Rhode Island,6106
10/6/2010,9419,6145,South Carolina,15564
10/6/2010,2428,425,South Dakota,2853
10/6/2010,14365,4964,Tennessee,19329
10/6/2010,17735,5432,Texas,23167
10/6/2010,997,555,Vermont,1552
10/6/2010,145,311,Virgin Islands,456
10/6/2010,10979,3139,Virginia,14118
10/6/2010,7692,860,Washington,8552
10/6/2010,7797,875,West Virginia,8672
10/6/2010,14078,1792,Wisconsin,15870
10/2/2010,19457,2024,Arizona,21481
10/2/2010,4739,3011,Arkansas,7750
10/2/2010,8520,5911,Colorado,14431
10/2/2010,10392,3526,Connecticut,13918
10/2/2010,4523,657,Delaware,5180
10/2/2010,3158,624,Dist. of Columbia,3782
10/2/2010,68612,17786,Florida,86398
10/2/2010,18111,2398,Georgia,20509
10/2/2010,5850,1005,Idaho,6855
10/2/2010,17909,3805,Illinois,21714
10/2/2010,16178,4230,Indiana,20408
10/2/2010,8615,2502,Iowa,11117
10/2/2010,7791,683,Kansas,8474
10/2/2010,17060,1687,Kentucky,18747
10/2/2010,18908,4227,Louisiana,23135
10/2/2010,2498,1881,Maine,4379
10/2/2010,12937,1536,Maryland,14473
10/2/2010,12224,1885,Massachusetts,14109
10/2/2010,14012,3281,Michigan,17293
10/2/2010,15020,1108,Minnesota,16128
10/2/2010,20609,1735,Missouri,22344
10/2/2010,2354,828,Montana,3182
10/2/2010,6731,940,Nebraska,7671
10/2/2010,6584,832,New Hampshire,7416
10/2/2010,23775,4398,New Jersey,28173
10/2/2010,5623,1130,New Mexico,6753
10/2/2010,40699,3968,New York,44667
10/2/2010,22994,10174,North Carolina,33168
10/2/2010,1068,811,North Dakota,1879
10/2/2010,13552,4642,Ohio,18194
10/2/2010,6770,4731,Oklahoma,11501
10/2/2010,6053,1542,Oregon,7595
10/2/2010,37816,11327,Pennsylvania,49143
10/2/2010,6008,1151,Rhode Island,7159
10/2/2010,11142,7451,South Carolina,18593
10/2/2010,2589,472,South Dakota,3061
10/2/2010,17028,5940,Tennessee,22968
10/2/2010,19017,6139,Texas,25156
10/2/2010,1254,689,Vermont,1943
10/2/2010,227,405,Virgin Islands,632
10/2/2010,12435,3849,Virginia,16284
10/2/2010,7480,908,Washington,8388
10/2/2010,8922,1034,West Virginia,9956
10/2/2010,14812,1883,Wisconsin,16695
9/29/2010,15861,1608,Arizona,17469
9/29/2010,3458,2152,Arkansas,5610
9/29/2010,7005,4816,Colorado,11821
9/29/2010,8218,2945,Connecticut,11163
9/29/2010,3592,495,Delaware,4087
9/29/2010,2476,416,Dist. of Columbia,2892
9/29/2010,45263,12274,Florida,57537
9/29/2010,13504,1661,Georgia,15165
9/29/2010,5187,825,Idaho,6012
9/29/2010,14302,2908,Illinois,17210
9/29/2010,13148,3456,Indiana,16604
9/29/2010,7017,1955,Iowa,8972
9/29/2010,6123,598,Kansas,6721
9/29/2010,13624,1441,Kentucky,15065
9/29/2010,15108,3412,Louisiana,18520
9/29/2010,2146,1459,Maine,3605
9/29/2010,10330,1239,Maryland,11569
9/29/2010,10149,1584,Massachusetts,11733
9/29/2010,11432,2746,Michigan,14178
9/29/2010,12632,871,Minnesota,13503
9/29/2010,17169,1459,Missouri,18628
9/29/2010,2219,682,Montana,2901
9/29/2010,5658,746,Nebraska,6404
9/29/2010,5396,768,New Hampshire,6164
9/29/2010,21069,3813,New Jersey,24882
9/29/2010,4443,886,New Mexico,5329
9/29/2010,32695,3253,New York,35948
9/29/2010,15639,6893,North Carolina,22532
9/29/2010,890,695,North Dakota,1585
9/29/2010,11057,3592,Ohio,14649
9/29/2010,5404,3544,Oklahoma,8948
9/29/2010,4980,1350,Oregon,6330
9/29/2010,28957,9317,Pennsylvania,38274
9/29/2010,4673,933,Rhode Island,5606
9/29/2010,7767,5158,South Carolina,12925
9/29/2010,2150,441,South Dakota,2591
9/29/2010,12314,4287,Tennessee,16601
9/29/2010,15234,4932,Texas,20166
9/29/2010,1014,569,Vermont,1583
9/29/2010,188,336,Virgin Islands,524
9/29/2010,9440,2908,Virginia,12348
9/29/2010,6263,702,Washington,6965
9/29/2010,6815,802,West Virginia,7617
9/29/2010,12483,1592,Wisconsin,14075
9/25/2010,17561,1826,Arizona,19387
9/25/2010,3889,2392,Arkansas,6281
9/25/2010,7237,5167,Colorado,12404
9/25/2010,9364,3326,Connecticut,12690
9/25/2010,3930,535,Delaware,4465
9/25/2010,2684,414,Dist. of Columbia,3098
9/25/2010,53248,14072,Florida,67320
9/25/2010,15000,1791,Georgia,16791
9/25/2010,5354,904,Idaho,6258
9/25/2010,14889,3126,Illinois,18015
9/25/2010,15593,4249,Indiana,19842
9/25/2010,7678,2148,Iowa,9826
9/25/2010,6701,638,Kansas,7339
9/25/2010,15601,1532,Kentucky,17133
9/25/2010,16936,3847,Louisiana,20783
9/25/2010,2499,1738,Maine,4237
9/25/2010,11381,1353,Maryland,12734
9/25/2010,10904,1737,Massachusetts,12641
9/25/2010,12338,2942,Michigan,15280
9/25/2010,12850,968,Minnesota,13818
9/25/2010,18709,1443,Missouri,20152
9/25/2010,2303,700,Montana,3003
9/25/2010,6048,824,Nebraska,6872
9/25/2010,6132,831,New Hampshire,6963
9/25/2010,20276,3904,New Jersey,24180
9/25/2010,4742,944,New Mexico,5686
9/25/2010,33208,3308,New York,36516
9/25/2010,18092,8202,North Carolina,26294
9/25/2010,944,734,North Dakota,1678
9/25/2010,11963,4076,Ohio,16039
9/25/2010,5607,3934,Oklahoma,9541
9/25/2010,5123,1426,Oregon,6549
9/25/2010,31879,9879,Pennsylvania,41758
9/25/2010,5503,1096,Rhode Island,6599
9/25/2010,9080,6064,South Carolina,15144
9/25/2010,2254,442,South Dakota,2696
9/25/2010,14164,4812,Tennessee,18976
9/25/2010,16675,5256,Texas,21931
9/25/2010,1225,616,Vermont,1841
9/25/2010,196,364,Virgin Islands,560
9/25/2010,10275,3218,Virginia,13493
9/25/2010,6351,781,Washington,7132
9/25/2010,7589,878,West Virginia,8467
9/25/2010,13695,1891,Wisconsin,15586
9/22/2010,15945,1650,Arizona,17595
9/22/2010,3531,2131,Arkansas,5662
9/22/2010,6391,4383,Colorado,10774
9/22/2010,7395,2566,Connecticut,9961
9/22/2010,3249,445,Delaware,3694
9/22/2010,2590,471,Dist. of Columbia,3061
9/22/2010,44291,12576,Florida,56867
9/22/2010,12219,1580,Georgia,13799
9/22/2010,5395,909,Idaho,6304
9/22/2010,13699,2870,Illinois,16569
9/22/2010,12226,3306,Indiana,15532
9/22/2010,6803,1851,Iowa,8654
9/22/2010,6166,596,Kansas,6762
9/22/2010,13488,1323,Kentucky,14811
9/22/2010,14883,3416,Louisiana,18299
9/22/2010,1894,1329,Maine,3223
9/22/2010,9830,1222,Maryland,11052
9/22/2010,9026,1348,Massachusetts,10374
9/22/2010,10742,2433,Michigan,13175
9/22/2010,11542,904,Minnesota,12446
9/22/2010,16590,1410,Missouri,18000
9/22/2010,2261,739,Montana,3000
9/22/2010,5526,765,Nebraska,6291
9/22/2010,4624,622,New Hampshire,5246
9/22/2010,19424,3464,New Jersey,22888
9/22/2010,4293,885,New Mexico,5178
9/22/2010,30970,3178,New York,34148
9/22/2010,15655,7393,North Carolina,23048
9/22/2010,923,720,North Dakota,1643
9/22/2010,10536,3372,Ohio,13908
9/22/2010,5304,3597,Oklahoma,8901
9/22/2010,4693,1240,Oregon,5933
9/22/2010,27452,8726,Pennsylvania,36178
9/22/2010,4513,842,Rhode Island,5355
9/22/2010,7648,5215,South Carolina,12863
9/22/2010,1997,353,South Dakota,2350
9/22/2010,12172,4198,Tennessee,16370
9/22/2010,15255,4902,Texas,20157
9/22/2010,841,492,Vermont,1333
9/22/2010,218,354,Virgin Islands,572
9/22/2010,9018,2660,Virginia,11678
9/22/2010,6008,743,Washington,6751
9/22/2010,6717,767,West Virginia,7484
9/22/2010,12060,1559,Wisconsin,13619
9/18/2010,28794,2568,Arizona,31362
9/18/2010,6212,3498,Arkansas,9710
9/18/2010,12388,7252,Colorado,19640
9/18/2010,14100,4298,Connecticut,18398
9/18/2010,6722,876,Delaware,7598
9/18/2010,4000,660,Dist. of Columbia,4660
9/18/2010,94344,22708,Florida,117052
9/18/2010,25288,2764,Georgia,28052
9/18/2010,8129,1351,Idaho,9480
9/18/2010,30302,5395,Illinois,35697
9/18/2010,21959,5179,Indiana,27138
9/18/2010,11942,2910,Iowa,14852
9/18/2010,10660,909,Kansas,11569
9/18/2010,22444,2166,Kentucky,24610
9/18/2010,29450,5336,Louisiana,34786
9/18/2010,3008,1895,Maine,4903
9/18/2010,17395,1812,Maryland,19207
9/18/2010,20722,2400,Massachusetts,23122
9/18/2010,22451,4327,Michigan,26778
9/18/2010,22655,1436,Minnesota,24091
9/18/2010,28619,2151,Missouri,30770
9/18/2010,3318,1062,Montana,4380
9/18/2010,9316,1119,Nebraska,10435
9/18/2010,8470,1034,New Hampshire,9504
9/18/2010,40111,5894,New Jersey,46005
9/18/2010,8456,1539,New Mexico,9995
9/18/2010,71617,5676,New York,77293
9/18/2010,27203,11274,North Carolina,38477
9/18/2010,1440,1033,North Dakota,2473
9/18/2010,18840,5035,Ohio,23875
9/18/2010,9328,5764,Oklahoma,15092
9/18/2010,9979,2148,Oregon,12127
9/18/2010,60058,15852,Pennsylvania,75910
9/18/2010,8635,1517,Rhode Island,10152
9/18/2010,14367,8545,South Carolina,22912
9/18/2010,3703,594,South Dakota,4297
9/18/2010,21332,6943,Tennessee,28275
9/18/2010,29143,8084,Texas,37227
9/18/2010,1516,715,Vermont,2231
9/18/2010,295,505,Virgin Islands,800
9/18/2010,16892,4442,Virginia,21334
9/18/2010,11585,1320,Washington,12905
9/18/2010,11870,1241,West Virginia,13111
9/18/2010,20230,2462,Wisconsin,22692
9/15/2010,20409,1779,Arizona,22188
9/15/2010,4240,2240,Arkansas,6480
9/15/2010,9591,5526,Colorado,15117
9/15/2010,10125,3069,Connecticut,13194
9/15/2010,4625,598,Delaware,5223
9/15/2010,3133,473,Dist. of Columbia,3606
9/15/2010,59454,14289,Florida,73743
9/15/2010,18070,1986,Georgia,20056
9/15/2010,6115,887,Idaho,7002
9/15/2010,22317,3775,Illinois,26092
9/15/2010,14994,3487,Indiana,18481
9/15/2010,8854,2112,Iowa,10966
9/15/2010,7728,635,Kansas,8363
9/15/2010,16192,1423,Kentucky,17615
9/15/2010,20191,3595,Louisiana,23786
9/15/2010,2246,1322,Maine,3568
9/15/2010,12701,1306,Maryland,14007
9/15/2010,13588,1648,Massachusetts,15236
9/15/2010,15507,2974,Michigan,18481
9/15/2010,17233,1079,Minnesota,18312
9/15/2010,20797,1371,Missouri,22168
9/15/2010,2525,789,Montana,3314
9/15/2010,6798,799,Nebraska,7597
9/15/2010,5477,661,New Hampshire,6138
9/15/2010,29965,4233,New Jersey,34198
9/15/2010,5707,943,New Mexico,6650
9/15/2010,46290,3888,New York,50178
9/15/2010,19146,7864,North Carolina,27010
9/15/2010,1178,795,North Dakota,1973
9/15/2010,14732,3972,Ohio,18704
9/15/2010,6745,4064,Oklahoma,10809
9/15/2010,7413,1542,Oregon,8955
9/15/2010,40620,10848,Pennsylvania,51468
9/15/2010,5336,954,Rhode Island,6290
9/15/2010,9871,5718,South Carolina,15589
9/15/2010,2839,478,South Dakota,3317
9/15/2010,15118,4786,Tennessee,19904
9/15/2010,21688,5738,Texas,27426
9/15/2010,1079,519,Vermont,1598
9/15/2010,241,333,Virgin Islands,574
9/15/2010,12425,3125,Virginia,15550
9/15/2010,9434,933,Washington,10367
9/15/2010,8390,826,West Virginia,9216
9/15/2010,15037,1756,Wisconsin,16793
9/11/2010,20256,1993,Arizona,22249
9/11/2010,4525,2659,Arkansas,7184
9/11/2010,9325,5922,Colorado,15247
9/11/2010,10874,3478,Connecticut,14352
9/11/2010,4732,619,Delaware,5351
9/11/2010,3198,498,Dist. of Columbia,3696
9/11/2010,65786,16138,Florida,81924
9/11/2010,18631,1989,Georgia,20620
9/11/2010,6354,997,Idaho,7351
9/11/2010,20672,3815,Illinois,24487
9/11/2010,17384,4271,Indiana,21655
9/11/2010,8658,2333,Iowa,10991
9/11/2010,8314,650,Kansas,8964
9/11/2010,17732,1617,Kentucky,19349
9/11/2010,19994,3911,Louisiana,23905
9/11/2010,2674,1634,Maine,4308
9/11/2010,13461,1361,Maryland,14822
9/11/2010,13370,1830,Massachusetts,15200
9/11/2010,15169,3084,Michigan,18253
9/11/2010,16660,1136,Minnesota,17796
9/11/2010,21284,1605,Missouri,22889
9/11/2010,2609,806,Montana,3415
9/11/2010,6926,881,Nebraska,7807
9/11/2010,6394,878,New Hampshire,7272
9/11/2010,26600,4506,New Jersey,31106
9/11/2010,5742,1106,New Mexico,6848
9/11/2010,42366,3680,New York,46046
9/11/2010,21214,8657,North Carolina,29871
9/11/2010,1156,811,North Dakota,1967
9/11/2010,14802,4091,Ohio,18893
9/11/2010,7068,4541,Oklahoma,11609
9/11/2010,6994,1594,Oregon,8588
9/11/2010,40734,12089,Pennsylvania,52823
9/11/2010,5856,1131,Rhode Island,6987
9/11/2010,10765,6519,South Carolina,17284
9/11/2010,2716,466,South Dakota,3182
9/11/2010,16608,5271,Tennessee,21879
9/11/2010,21980,6043,Texas,28023
9/11/2010,1264,592,Vermont,1856
9/11/2010,220,388,Virgin Islands,608
9/11/2010,12616,3294,Virginia,15910
9/11/2010,8428,921,Washington,9349
9/11/2010,8615,837,West Virginia,9452
9/11/2010,15413,1978,Wisconsin,17391
9/8/2010,16827,1852,Arizona,18679
9/8/2010,4249,2627,Arkansas,6876
9/8/2010,8219,5418,Colorado,13637
9/8/2010,8912,2997,Connecticut,11909
9/8/2010,3906,502,Delaware,4408
9/8/2010,2555,441,Dist. of Columbia,2996
9/8/2010,55718,14495,Florida,70213
9/8/2010,15749,1817,Georgia,17566
9/8/2010,6097,987,Idaho,7084
9/8/2010,16595,3275,Illinois,19870
9/8/2010,14903,3852,Indiana,18755
9/8/2010,7537,2082,Iowa,9619
9/8/2010,6866,616,Kansas,7482
9/8/2010,14570,1480,Kentucky,16050
9/8/2010,17562,3919,Louisiana,21481
9/8/2010,2143,1371,Maine,3514
9/8/2010,11038,1229,Maryland,12267
9/8/2010,11432,1560,Massachusetts,12992
9/8/2010,13409,2942,Michigan,16351
9/8/2010,14367,1044,Minnesota,15411
9/8/2010,18347,1573,Missouri,19920
9/8/2010,2462,738,Montana,3200
9/8/2010,5869,792,Nebraska,6661
9/8/2010,5153,714,New Hampshire,5867
9/8/2010,22946,3918,New Jersey,26864
9/8/2010,5053,986,New Mexico,6039
9/8/2010,35612,3404,New York,39016
9/8/2010,18878,8387,North Carolina,27265
9/8/2010,1027,800,North Dakota,1827
9/8/2010,12255,3699,Ohio,15954
9/8/2010,6320,4223,Oklahoma,10543
9/8/2010,5864,1456,Oregon,7320
9/8/2010,32600,10433,Pennsylvania,43033
9/8/2010,4735,928,Rhode Island,5663
9/8/2010,9322,6004,South Carolina,15326
9/8/2010,2444,419,South Dakota,2863
9/8/2010,14288,4864,Tennessee,19152
9/8/2010,18294,5196,Texas,23490
9/8/2010,1044,507,Vermont,1551
9/8/2010,209,404,Virgin Islands,613
9/8/2010,10780,3013,Virginia,13793
9/8/2010,7586,850,Washington,8436
9/8/2010,7502,882,West Virginia,8384
9/8/2010,13337,1896,Wisconsin,15233
9/4/2010,17665,1818,Arizona,19483
9/4/2010,4162,2330,Arkansas,6492
9/4/2010,8091,5391,Colorado,13482
9/4/2010,9501,3055,Connecticut,12556
9/4/2010,4241,572,Delaware,4813
9/4/2010,2777,458,Dist. of Columbia,3235
9/4/2010,58135,14424,Florida,72559
9/4/2010,16562,1891,Georgia,18453
9/4/2010,5688,851,Idaho,6539
9/4/2010,16653,3372,Illinois,20025
9/4/2010,15789,3790,Indiana,19579
9/4/2010,7710,2090,Iowa,9800
9/4/2010,7295,642,Kansas,7937
9/4/2010,16230,1494,Kentucky,17724
9/4/2010,18140,3794,Louisiana,21934
9/4/2010,2355,1600,Maine,3955
9/4/2010,12074,1345,Maryland,13419
9/4/2010,10739,1333,Massachusetts,12072
9/4/2010,13794,2941,Michigan,16735
9/4/2010,14777,1058,Minnesota,15835
9/4/2010,19668,1452,Missouri,21120
9/4/2010,2364,711,Montana,3075
9/4/2010,6425,793,Nebraska,7218
9/4/2010,5916,725,New Hampshire,6641
9/4/2010,21747,3605,New Jersey,25352
9/4/2010,5269,948,New Mexico,6217
9/4/2010,35208,3258,New York,38466
9/4/2010,18691,7971,North Carolina,26662
9/4/2010,1025,739,North Dakota,1764
9/4/2010,13007,4089,Ohio,17096
9/4/2010,6095,3970,Oklahoma,10065
9/4/2010,5515,1398,Oregon,6913
9/4/2010,34740,11085,Pennsylvania,45825
9/4/2010,5365,965,Rhode Island,6330
9/4/2010,9811,6112,South Carolina,15923
9/4/2010,2347,472,South Dakota,2819
9/4/2010,14864,4926,Tennessee,19790
9/4/2010,19837,5516,Texas,25353
9/4/2010,1102,595,Vermont,1697
9/4/2010,195,333,Virgin Islands,528
9/4/2010,10841,3026,Virginia,13867
9/4/2010,7244,799,Washington,8043
9/4/2010,7727,839,West Virginia,8566
9/4/2010,14345,1680,Wisconsin,16025
9/1/2010,16079,2000,Arizona,18079
9/1/2010,3876,2475,Arkansas,6351
9/1/2010,7271,4996,Colorado,12267
9/1/2010,8558,2990,Connecticut,11548
9/1/2010,3718,532,Delaware,4250
9/1/2010,2730,513,Dist. of Columbia,3243
9/1/2010,54201,15076,Florida,69277
9/1/2010,13894,1836,Georgia,15730
9/1/2010,5417,875,Idaho,6292
9/1/2010,14688,3232,Illinois,17920
9/1/2010,13488,3580,Indiana,17068
9/1/2010,7203,2098,Iowa,9301
9/1/2010,6434,585,Kansas,7019
9/1/2010,13691,1447,Kentucky,15138
9/1/2010,15994,3514,Louisiana,19508
9/1/2010,2190,1498,Maine,3688
9/1/2010,10994,1353,Maryland,12347
9/1/2010,10558,1635,Massachusetts,12193
9/1/2010,12033,2916,Michigan,14949
9/1/2010,13212,1029,Minnesota,14241
9/1/2010,17317,1499,Missouri,18816
9/1/2010,2314,746,Montana,3060
9/1/2010,5804,821,Nebraska,6625
9/1/2010,5190,735,New Hampshire,5925
9/1/2010,20160,3614,New Jersey,23774
9/1/2010,4720,914,New Mexico,5634
9/1/2010,30905,3231,New York,34136
9/1/2010,18715,8557,North Carolina,27272
9/1/2010,997,749,North Dakota,1746
9/1/2010,11623,3808,Ohio,15431
9/1/2010,6114,4102,Oklahoma,10216
9/1/2010,5035,1293,Oregon,6328
9/1/2010,30555,9129,Pennsylvania,39684
9/1/2010,4877,1017,Rhode Island,5894
9/1/2010,8788,5962,South Carolina,14750
9/1/2010,2303,427,South Dakota,2730
9/1/2010,13893,4893,Tennessee,18786
9/1/2010,16638,4851,Texas,21489
9/1/2010,1024,525,Vermont,1549
9/1/2010,129,245,Virgin Islands,374
9/1/2010,9813,3040,Virginia,12853
9/1/2010,6568,717,Washington,7285
9/1/2010,7170,787,West Virginia,7957
9/1/2010,12390,1741,Wisconsin,14131
8/28/2010,18247,1994,Arizona,20241
8/28/2010,4274,2670,Arkansas,6944
8/28/2010,7504,5391,Colorado,12895
8/28/2010,9199,3258,Connecticut,12457
8/28/2010,3974,626,Delaware,4600
8/28/2010,3373,464,Dist. of Columbia,3837
8/28/2010,60254,16470,Florida,76724
8/28/2010,15761,2028,Georgia,17789
8/28/2010,6183,1096,Idaho,7279
8/28/2010,14695,3367,Illinois,18062
8/28/2010,15776,4272,Indiana,20048
8/28/2010,7876,2419,Iowa,10295
8/28/2010,7372,697,Kansas,8069
8/28/2010,16743,1651,Kentucky,18394
8/28/2010,17780,3943,Louisiana,21723
8/28/2010,2491,1753,Maine,4244
8/28/2010,11693,1436,Maryland,13129
8/28/2010,10708,1665,Massachusetts,12373
8/28/2010,12651,3040,Michigan,15691
8/28/2010,13331,1057,Minnesota,14388
8/28/2010,20036,1752,Missouri,21788
8/28/2010,2547,828,Montana,3375
8/28/2010,6490,1020,Nebraska,7510
8/28/2010,5902,849,New Hampshire,6751
8/28/2010,20202,3901,New Jersey,24103
8/28/2010,5382,1118,New Mexico,6500
8/28/2010,32334,3636,New York,35970
8/28/2010,19378,8837,North Carolina,28215
8/28/2010,1026,810,North Dakota,1836
8/28/2010,11364,3915,Ohio,15279
8/28/2010,6012,4304,Oklahoma,10316
8/28/2010,5074,1472,Oregon,6546
8/28/2010,33368,9641,Pennsylvania,43009
8/28/2010,6007,1271,Rhode Island,7278
8/28/2010,9836,6553,South Carolina,16389
8/28/2010,2352,477,South Dakota,2829
8/28/2010,15028,5512,Tennessee,20540
8/28/2010,18059,5593,Texas,23652
8/28/2010,1133,589,Vermont,1722
8/28/2010,215,390,Virgin Islands,605
8/28/2010,9699,3444,Virginia,13143
8/28/2010,5913,785,Washington,6698
8/28/2010,8033,953,West Virginia,8986
8/28/2010,13675,1925,Wisconsin,15600
8/25/2010,16358,2222,Arizona,18580
8/25/2010,3921,2369,Arkansas,6290
8/25/2010,6467,4791,Colorado,11258
8/25/2010,8077,2901,Connecticut,10978
8/25/2010,3482,497,Delaware,3979
8/25/2010,3111,468,Dist. of Columbia,3579
8/25/2010,46281,13598,Florida,59879
8/25/2010,13522,1800,Georgia,15322
8/25/2010,5785,968,Idaho,6753
8/25/2010,13621,3245,Illinois,16866
8/25/2010,12673,3645,Indiana,16318
8/25/2010,6808,2090,Iowa,8898
8/25/2010,6409,620,Kansas,7029
8/25/2010,14299,1482,Kentucky,15781
8/25/2010,14577,3643,Louisiana,18220
8/25/2010,2119,1566,Maine,3685
8/25/2010,10166,1256,Maryland,11422
8/25/2010,9556,1496,Massachusetts,11052
8/25/2010,11178,2747,Michigan,13925
8/25/2010,12382,965,Minnesota,13347
8/25/2010,17865,1714,Missouri,19579
8/25/2010,2372,848,Montana,3220
8/25/2010,6081,847,Nebraska,6928
8/25/2010,4882,656,New Hampshire,5538
8/25/2010,20162,3975,New Jersey,24137
8/25/2010,4812,993,New Mexico,5805
8/25/2010,30556,3325,New York,33881
8/25/2010,16660,8058,North Carolina,24718
8/25/2010,901,743,North Dakota,1644
8/25/2010,10037,3503,Ohio,13540
8/25/2010,5319,3791,Oklahoma,9110
8/25/2010,4731,1353,Oregon,6084
8/25/2010,30915,9374,Pennsylvania,40289
8/25/2010,4774,1063,Rhode Island,5837
8/25/2010,8018,5573,South Carolina,13591
8/25/2010,2149,408,South Dakota,2557
8/25/2010,12940,5004,Tennessee,17944
8/25/2010,16501,4763,Texas,21264
8/25/2010,875,464,Vermont,1339
8/25/2010,177,389,Virgin Islands,566
8/25/2010,8592,3005,Virginia,11597
8/25/2010,5613,703,Washington,6316
8/25/2010,6414,824,West Virginia,7238
8/25/2010,12779,1774,Wisconsin,14553
8/21/2010,22335,2319,Arizona,24654
8/21/2010,5205,3274,Arkansas,8479
8/21/2010,10093,6414,Colorado,16507
8/21/2010,11922,3939,Connecticut,15861
8/21/2010,5410,731,Delaware,6141
8/21/2010,3804,537,Dist. of Columbia,4341
8/21/2010,75153,18817,Florida,93970
8/21/2010,20761,2411,Georgia,23172
8/21/2010,7043,1168,Idaho,8211
8/21/2010,21461,4282,Illinois,25743
8/21/2010,18944,4786,Indiana,23730
8/21/2010,9567,2741,Iowa,12308
8/21/2010,8902,751,Kansas,9653
8/21/2010,19502,1857,Kentucky,21359
8/21/2010,21864,4414,Louisiana,26278
8/21/2010,2968,2002,Maine,4970
8/21/2010,14340,1706,Maryland,16046
8/21/2010,14749,2014,Massachusetts,16763
8/21/2010,17362,3543,Michigan,20905
8/21/2010,18274,1326,Minnesota,19600
8/21/2010,23538,1893,Missouri,25431
8/21/2010,2807,888,Montana,3695
8/21/2010,7679,1085,Nebraska,8764
8/21/2010,7382,999,New Hampshire,8381
8/21/2010,29639,5166,New Jersey,34805
8/21/2010,6431,1161,New Mexico,7592
8/21/2010,43370,4047,New York,47417
8/21/2010,23954,10530,North Carolina,34484
8/21/2010,1206,897,North Dakota,2103
8/21/2010,15282,4728,Ohio,20010
8/21/2010,7772,5064,Oklahoma,12836
8/21/2010,7139,1748,Oregon,8887
8/21/2010,46280,11915,Pennsylvania,58195
8/21/2010,7244,1396,Rhode Island,8640
8/21/2010,12525,7619,South Carolina,20144
8/21/2010,3035,531,South Dakota,3566
8/21/2010,19064,6392,Tennessee,25456
8/21/2010,23474,6491,Texas,29965
8/21/2010,1277,692,Vermont,1969
8/21/2010,230,488,Virgin Islands,718
8/21/2010,13717,4447,Virginia,18164
8/21/2010,8146,901,Washington,9047
8/21/2010,9692,1049,West Virginia,10741
8/21/2010,16718,2274,Wisconsin,18992
8/18/2010,17284,2016,Arizona,19300
8/18/2010,4057,2253,Arkansas,6310
8/18/2010,8561,5121,Colorado,13682
8/18/2010,9485,3033,Connecticut,12518
8/18/2010,4200,554,Delaware,4754
8/18/2010,3181,482,Dist. of Columbia,3663
8/18/2010,55635,14034,Florida,69669
8/18/2010,15679,2039,Georgia,17718
8/18/2010,6151,935,Idaho,7086
8/18/2010,17164,3605,Illinois,20769
8/18/2010,14765,3695,Indiana,18460
8/18/2010,7760,2146,Iowa,9906
8/18/2010,7199,645,Kansas,7844
8/18/2010,15975,1451,Kentucky,17426
8/18/2010,18419,3851,Louisiana,22270
8/18/2010,2436,1515,Maine,3951
8/18/2010,11507,1335,Maryland,12842
8/18/2010,11177,1582,Massachusetts,12759
8/18/2010,13798,3031,Michigan,16829
8/18/2010,16181,1102,Minnesota,17283
8/18/2010,20109,1558,Missouri,21667
8/18/2010,2653,843,Montana,3496
8/18/2010,6661,845,Nebraska,7506
8/18/2010,5657,674,New Hampshire,6331
8/18/2010,23744,4056,New Jersey,27800
8/18/2010,5352,1003,New Mexico,6355
8/18/2010,37050,3508,New York,40558
8/18/2010,18508,7709,North Carolina,26217
8/18/2010,1055,726,North Dakota,1781
8/18/2010,12712,3958,Ohio,16670
8/18/2010,6183,3914,Oklahoma,10097
8/18/2010,6099,1420,Oregon,7519
8/18/2010,35120,8955,Pennsylvania,44075
8/18/2010,5245,972,Rhode Island,6217
8/18/2010,9345,5493,South Carolina,14838
8/18/2010,2681,449,South Dakota,3130
8/18/2010,14662,4784,Tennessee,19446
8/18/2010,20217,5447,Texas,25664
8/18/2010,1006,477,Vermont,1483
8/18/2010,184,376,Virgin Islands,560
8/18/2010,10697,3440,Virginia,14137
8/18/2010,7314,793,Washington,8107
8/18/2010,8073,887,West Virginia,8960
8/18/2010,14138,1612,Wisconsin,15750
8/14/2010,18982,1943,Arizona,20925
8/14/2010,4230,2548,Arkansas,6778
8/14/2010,8463,5582,Colorado,14045
8/14/2010,9921,3442,Connecticut,13363
8/14/2010,4341,557,Delaware,4898
8/14/2010,3061,463,Dist. of Columbia,3524
8/14/2010,60332,14808,Florida,75140
8/14/2010,16511,2086,Georgia,18597
8/14/2010,5918,950,Idaho,6868
8/14/2010,16294,3525,Illinois,19819
8/14/2010,16557,4398,Indiana,20955
8/14/2010,8184,2343,Iowa,10527
8/14/2010,7821,675,Kansas,8496
8/14/2010,16889,1538,Kentucky,18427
8/14/2010,17733,3773,Louisiana,21506
8/14/2010,2684,1747,Maine,4431
8/14/2010,11513,1369,Maryland,12882
8/14/2010,11433,1685,Massachusetts,13118
8/14/2010,13539,3095,Michigan,16634
8/14/2010,15109,1144,Minnesota,16253
8/14/2010,20722,1601,Missouri,22323
8/14/2010,2433,788,Montana,3221
8/14/2010,6704,878,Nebraska,7582
8/14/2010,6345,843,New Hampshire,7188
8/14/2010,22109,4114,New Jersey,26223
8/14/2010,5497,1147,New Mexico,6644
8/14/2010,34059,3416,New York,37475
8/14/2010,19496,8626,North Carolina,28122
8/14/2010,1094,835,North Dakota,1929
8/14/2010,12789,4090,Ohio,16879
8/14/2010,6606,4598,Oklahoma,11204
8/14/2010,5937,1543,Oregon,7480
8/14/2010,36301,9586,Pennsylvania,45887
8/14/2010,5880,1171,Rhode Island,7051
8/14/2010,10072,6632,South Carolina,16704
8/14/2010,2545,454,South Dakota,2999
8/14/2010,15936,5424,Tennessee,21360
8/14/2010,20364,5449,Texas,25813
8/14/2010,1214,599,Vermont,1813
8/14/2010,231,405,Virgin Islands,636
8/14/2010,10353,3499,Virginia,13852
8/14/2010,6864,764,Washington,7628
8/14/2010,7894,872,West Virginia,8766
8/14/2010,14710,1876,Wisconsin,16586
8/11/2010,15711,2017,Arizona,17728
8/11/2010,3606,2101,Arkansas,5707
8/11/2010,7392,4826,Colorado,12218
8/11/2010,8380,3083,Connecticut,11463
8/11/2010,3671,549,Delaware,4220
8/11/2010,2780,442,Dist. of Columbia,3222
8/11/2010,49105,13165,Florida,62270
8/11/2010,13023,1857,Georgia,14880
8/11/2010,5401,855,Idaho,6256
8/11/2010,13445,3309,Illinois,16754
8/11/2010,13595,3701,Indiana,17296
8/11/2010,7249,2072,Iowa,9321
8/11/2010,6280,585,Kansas,6865
8/11/2010,14019,1360,Kentucky,15379
8/11/2010,15250,3429,Louisiana,18679
8/11/2010,2312,1566,Maine,3878
8/11/2010,10104,1313,Maryland,11417
8/11/2010,10323,1667,Massachusetts,11990
8/11/2010,11851,3005,Michigan,14856
8/11/2010,13148,1048,Minnesota,14196
8/11/2010,17865,1494,Missouri,19359
8/11/2010,2327,782,Montana,3109
8/11/2010,6156,835,Nebraska,6991
8/11/2010,5453,775,New Hampshire,6228
8/11/2010,20692,3985,New Jersey,24677
8/11/2010,4730,928,New Mexico,5658
8/11/2010,30159,3416,New York,33575
8/11/2010,16494,7475,North Carolina,23969
8/11/2010,976,754,North Dakota,1730
8/11/2010,11017,3825,Ohio,14842
8/11/2010,5438,3739,Oklahoma,9177
8/11/2010,5366,1377,Oregon,6743
8/11/2010,30003,8373,Pennsylvania,38376
8/11/2010,4839,1032,Rhode Island,5871
8/11/2010,8244,5309,South Carolina,13553
8/11/2010,2315,436,South Dakota,2751
8/11/2010,12767,4428,Tennessee,17195
8/11/2010,17893,4805,Texas,22698
8/11/2010,982,520,Vermont,1502
8/11/2010,192,393,Virgin Islands,585
8/11/2010,8938,3268,Virginia,12206
8/11/2010,6310,814,Washington,7124
8/11/2010,6930,763,West Virginia,7693
8/11/2010,12755,1723,Wisconsin,14478
8/7/2010,17365,1854,Arizona,19219
8/7/2010,4007,2615,Arkansas,6622
8/7/2010,7409,5365,Colorado,12774
8/7/2010,8986,3217,Connecticut,12203
8/7/2010,4019,536,Delaware,4555
8/7/2010,2866,441,Dist. of Columbia,3307
8/7/2010,54591,14629,Florida,69220
8/7/2010,14412,1982,Georgia,16394
8/7/2010,5748,847,Idaho,6595
8/7/2010,13886,3529,Illinois,17415
8/7/2010,15858,4236,Indiana,20094
8/7/2010,7583,2215,Iowa,9798
8/7/2010,6856,628,Kansas,7484
8/7/2010,15999,1593,Kentucky,17592
8/7/2010,15786,3730,Louisiana,19516
8/7/2010,2580,1824,Maine,4404
8/7/2010,11368,1476,Maryland,12844
8/7/2010,10890,1682,Massachusetts,12572
8/7/2010,12361,3118,Michigan,15479
8/7/2010,13086,978,Minnesota,14064
8/7/2010,19372,1589,Missouri,20961
8/7/2010,2212,753,Montana,2965
8/7/2010,6028,810,Nebraska,6838
8/7/2010,6238,810,New Hampshire,7048
8/7/2010,19939,4175,New Jersey,24114
8/7/2010,4839,1052,New Mexico,5891
8/7/2010,30458,3368,New York,33826
8/7/2010,18331,8432,North Carolina,26763
8/7/2010,915,729,North Dakota,1644
8/7/2010,11967,4357,Ohio,16324
8/7/2010,5832,4073,Oklahoma,9905
8/7/2010,4941,1462,Oregon,6403
8/7/2010,32183,8927,Pennsylvania,41110
8/7/2010,5565,1043,Rhode Island,6608
8/7/2010,9246,6183,South Carolina,15429
8/7/2010,2250,406,South Dakota,2656
8/7/2010,14552,5195,Tennessee,19747
8/7/2010,19100,5303,Texas,24403
8/7/2010,1208,619,Vermont,1827
8/7/2010,206,416,Virgin Islands,622
8/7/2010,9382,3494,Virginia,12876
8/7/2010,5653,736,Washington,6389
8/7/2010,7293,901,West Virginia,8194
8/7/2010,13344,1777,Wisconsin,15121
8/4/2010,14577,1724,Arizona,16301
8/4/2010,3285,2133,Arkansas,5418
8/4/2010,6407,4337,Colorado,10744
8/4/2010,7502,2465,Connecticut,9967
8/4/2010,3351,509,Delaware,3860
8/4/2010,2532,407,Dist. of Columbia,2939
8/4/2010,42544,11040,Florida,53584
8/4/2010,11754,1684,Georgia,13438
8/4/2010,5011,769,Idaho,5780
8/4/2010,12601,2938,Illinois,15539
8/4/2010,11588,3153,Indiana,14741
8/4/2010,6705,1735,Iowa,8440
8/4/2010,5874,551,Kansas,6425
8/4/2010,13120,1220,Kentucky,14340
8/4/2010,12950,2936,Louisiana,15886
8/4/2010,2189,1307,Maine,3496
8/4/2010,9803,1164,Maryland,10967
8/4/2010,9646,1380,Massachusetts,11026
8/4/2010,11103,2801,Michigan,13904
8/4/2010,11652,869,Minnesota,12521
8/4/2010,16387,1250,Missouri,17637
8/4/2010,2222,726,Montana,2948
8/4/2010,5356,774,Nebraska,6130
8/4/2010,5017,687,New Hampshire,5704
8/4/2010,18823,3642,New Jersey,22465
8/4/2010,4319,928,New Mexico,5247
8/4/2010,27706,3073,New York,30779
8/4/2010,15352,6708,North Carolina,22060
8/4/2010,901,653,North Dakota,1554
8/4/2010,10621,3578,Ohio,14199
8/4/2010,4845,3447,Oklahoma,8292
8/4/2010,4482,1198,Oregon,5680
8/4/2010,26158,7271,Pennsylvania,33429
8/4/2010,4480,844,Rhode Island,5324
8/4/2010,7472,4871,South Carolina,12343
8/4/2010,2084,388,South Dakota,2472
8/4/2010,11894,3932,Tennessee,15826
8/4/2010,18128,4321,Texas,22449
8/4/2010,853,517,Vermont,1370
8/4/2010,176,353,Virgin Islands,529
8/4/2010,8084,2871,Virginia,10955
8/4/2010,5450,626,Washington,6076
8/4/2010,6361,703,West Virginia,7064
8/4/2010,11778,1510,Wisconsin,13288
7/31/2010,21362,2063,Arizona,23425
7/31/2010,4715,3108,Arkansas,7823
7/31/2010,9841,6242,Colorado,16083
7/31/2010,10469,3363,Connecticut,13832
7/31/2010,5258,751,Delaware,6009
7/31/2010,3471,685,Dist. of Columbia,4156
7/31/2010,71865,18836,Florida,90701
7/31/2010,20657,2763,Georgia,23420
7/31/2010,6565,1264,Idaho,7829
7/31/2010,21709,4388,Illinois,26097
7/31/2010,17838,4536,Indiana,22374
7/31/2010,8940,2423,Iowa,11363
7/31/2010,8627,787,Kansas,9414
7/31/2010,19248,1718,Kentucky,20966
7/31/2010,20182,4251,Louisiana,24433
7/31/2010,2643,1716,Maine,4359
7/31/2010,13613,1628,Maryland,15241
7/31/2010,13739,1715,Massachusetts,15454
7/31/2010,16950,3681,Michigan,20631
7/31/2010,18417,1358,Minnesota,19775
7/31/2010,23276,1857,Missouri,25133
7/31/2010,2900,902,Montana,3802
7/31/2010,7303,956,Nebraska,8259
7/31/2010,6641,860,New Hampshire,7501
7/31/2010,28747,4856,New Jersey,33603
7/31/2010,6583,1240,New Mexico,7823
7/31/2010,47113,4285,New York,51398
7/31/2010,22737,10111,North Carolina,32848
7/31/2010,1227,867,North Dakota,2094
7/31/2010,16176,4751,Ohio,20927
7/31/2010,7627,5083,Oklahoma,12710
7/31/2010,6965,1681,Oregon,8646
7/31/2010,44693,11416,Pennsylvania,56109
7/31/2010,6460,1170,Rhode Island,7630
7/31/2010,11715,7476,South Carolina,19191
7/31/2010,2823,482,South Dakota,3305
7/31/2010,17410,5814,Tennessee,23224
7/31/2010,25791,6351,Texas,32142
7/31/2010,1214,646,Vermont,1860
7/31/2010,267,518,Virgin Islands,785
7/31/2010,13228,4026,Virginia,17254
7/31/2010,8844,1042,Washington,9886
7/31/2010,9217,1056,West Virginia,10273
7/31/2010,16840,2046,Wisconsin,18886
7/28/2010,18185,1916,Arizona,20101
7/28/2010,4147,2518,Arkansas,6665
7/28/2010,9078,5663,Colorado,14741
7/28/2010,9837,3157,Connecticut,12994
7/28/2010,4584,588,Delaware,5172
7/28/2010,3072,557,Dist. of Columbia,3629
7/28/2010,58381,15190,Florida,73571
7/28/2010,16241,2070,Georgia,18311
7/28/2010,6025,1130,Idaho,7155
7/28/2010,18475,3983,Illinois,22458
7/28/2010,14737,3716,Indiana,18453
7/28/2010,8299,2358,Iowa,10657
7/28/2010,7451,686,Kansas,8137
7/28/2010,15591,1519,Kentucky,17110
7/28/2010,17068,3786,Louisiana,20854
7/28/2010,2420,1662,Maine,4082
7/28/2010,12093,1428,Maryland,13521
7/28/2010,12787,1729,Massachusetts,14516
7/28/2010,14767,3357,Michigan,18124
7/28/2010,15848,1131,Minnesota,16979
7/28/2010,20039,1708,Missouri,21747
7/28/2010,2632,856,Montana,3488
7/28/2010,6746,877,Nebraska,7623
7/28/2010,6059,846,New Hampshire,6905
7/28/2010,25651,4331,New Jersey,29982
7/28/2010,5661,1079,New Mexico,6740
7/28/2010,39661,4094,New York,43755
7/28/2010,20488,8840,North Carolina,29328
7/28/2010,1105,782,North Dakota,1887
7/28/2010,14261,4181,Ohio,18442
7/28/2010,6521,4358,Oklahoma,10879
7/28/2010,6090,1438,Oregon,7528
7/28/2010,37307,9541,Pennsylvania,46848
7/28/2010,5486,1062,Rhode Island,6548
7/28/2010,9974,6389,South Carolina,16363
7/28/2010,2676,479,South Dakota,3155
7/28/2010,15040,5187,Tennessee,20227
7/28/2010,21993,5423,Texas,27416
7/28/2010,1128,550,Vermont,1678
7/28/2010,169,388,Virgin Islands,557
7/28/2010,11679,3554,Virginia,15233
7/28/2010,8063,909,Washington,8972
7/28/2010,7732,879,West Virginia,8611
7/28/2010,14739,1763,Wisconsin,16502
7/24/2010,19017,1936,Arizona,20953
7/24/2010,4549,2999,Arkansas,7548
7/24/2010,8863,5857,Colorado,14720
7/24/2010,10347,3473,Connecticut,13820
7/24/2010,4565,681,Delaware,5246
7/24/2010,2929,546,Dist. of Columbia,3475
7/24/2010,63982,17015,Florida,80997
7/24/2010,16776,2239,Georgia,19015
7/24/2010,5901,1169,Idaho,7070
7/24/2010,17851,4003,Illinois,21854
7/24/2010,16627,4337,Indiana,20964
7/24/2010,8523,2295,Iowa,10818
7/24/2010,7719,690,Kansas,8409
7/24/2010,17038,1590,Kentucky,18628
7/24/2010,18286,4010,Louisiana,22296
7/24/2010,2697,1733,Maine,4430
7/24/2010,12823,1505,Maryland,14328
7/24/2010,12536,1792,Massachusetts,14328
7/24/2010,14501,3182,Michigan,17683
7/24/2010,15731,1107,Minnesota,16838
7/24/2010,20623,1626,Missouri,22249
7/24/2010,2477,838,Montana,3315
7/24/2010,6830,925,Nebraska,7755
7/24/2010,6637,822,New Hampshire,7459
7/24/2010,24161,4423,New Jersey,28584
7/24/2010,5599,1112,New Mexico,6711
7/24/2010,37418,3801,New York,41219
7/24/2010,21847,9688,North Carolina,31535
7/24/2010,1113,811,North Dakota,1924
7/24/2010,14280,4527,Ohio,18807
7/24/2010,6778,4638,Oklahoma,11416
7/24/2010,5933,1492,Oregon,7425
7/24/2010,38406,9798,Pennsylvania,48204
7/24/2010,5929,1133,Rhode Island,7062
7/24/2010,10388,6737,South Carolina,17125
7/24/2010,2613,489,South Dakota,3102
7/24/2010,16627,5691,Tennessee,22318
7/24/2010,22479,5732,Texas,28211
7/24/2010,1164,610,Vermont,1774
7/24/2010,230,403,Virgin Islands,633
7/24/2010,11516,3663,Virginia,15179
7/24/2010,7547,827,Washington,8374
7/24/2010,8228,979,West Virginia,9207
7/24/2010,14741,1817,Wisconsin,16558
7/21/2010,16497,1777,Arizona,18274
7/21/2010,4275,3009,Arkansas,7284
7/21/2010,7591,4955,Colorado,12546
7/21/2010,8741,3051,Connecticut,11792
7/21/2010,4036,568,Delaware,4604
7/21/2010,2704,500,Dist. of Columbia,3204
7/21/2010,55530,15325,Florida,70855
7/21/2010,14097,2041,Georgia,16138
7/21/2010,5439,1092,Idaho,6531
7/21/2010,15593,3684,Illinois,19277
7/21/2010,13013,3336,Indiana,16349
7/21/2010,7643,2160,Iowa,9803
7/21/2010,6626,579,Kansas,7205
7/21/2010,14507,1463,Kentucky,15970
7/21/2010,15235,3589,Louisiana,18824
7/21/2010,2353,1517,Maine,3870
7/21/2010,11582,1495,Maryland,13077
7/21/2010,11255,1678,Massachusetts,12933
7/21/2010,12672,3136,Michigan,15808
7/21/2010,13718,994,Minnesota,14712
7/21/2010,18122,1622,Missouri,19744
7/21/2010,2367,796,Montana,3163
7/21/2010,6068,834,Nebraska,6902
7/21/2010,5595,772,New Hampshire,6367
7/21/2010,22616,4273,New Jersey,26889
7/21/2010,5029,998,New Mexico,6027
7/21/2010,33422,3633,New York,37055
7/21/2010,20233,9144,North Carolina,29377
7/21/2010,1015,821,North Dakota,1836
7/21/2010,12914,4182,Ohio,17096
7/21/2010,6175,4145,Oklahoma,10320
7/21/2010,5127,1326,Oregon,6453
7/21/2010,32934,8591,Pennsylvania,41525
7/21/2010,5014,989,Rhode Island,6003
7/21/2010,9298,6002,South Carolina,15300
7/21/2010,2426,497,South Dakota,2923
7/21/2010,14480,5196,Tennessee,19676
7/21/2010,20374,5179,Texas,25553
7/21/2010,1059,567,Vermont,1626
7/21/2010,161,311,Virgin Islands,472
7/21/2010,10373,3562,Virginia,13935
7/21/2010,6738,844,Washington,7582
7/21/2010,7416,873,West Virginia,8289
7/21/2010,13340,1661,Wisconsin,15001
7/17/2010,17851,1902,Arizona,19753
7/17/2010,4335,2923,Arkansas,7258
7/17/2010,7727,5558,Colorado,13285
7/17/2010,9241,3175,Connecticut,12416
7/17/2010,4241,560,Delaware,4801
7/17/2010,2609,546,Dist. of Columbia,3155
7/17/2010,59422,15810,Florida,75232
7/17/2010,15146,2160,Georgia,17306
7/17/2010,5518,1106,Idaho,6624
7/17/2010,14496,3615,Illinois,18111
7/17/2010,15761,4086,Indiana,19847
7/17/2010,7893,2251,Iowa,10144
7/17/2010,7243,701,Kansas,7944
7/17/2010,16093,1570,Kentucky,17663
7/17/2010,16644,3867,Louisiana,20511
7/17/2010,2573,1782,Maine,4355
7/17/2010,11793,1496,Maryland,13289
7/17/2010,10553,1622,Massachusetts,12175
7/17/2010,12969,3162,Michigan,16131
7/17/2010,14126,1072,Minnesota,15198
7/17/2010,19369,1641,Missouri,21010
7/17/2010,2411,786,Montana,3197
7/17/2010,6137,818,Nebraska,6955
7/17/2010,6082,821,New Hampshire,6903
7/17/2010,18994,3792,New Jersey,22786
7/17/2010,5323,1127,New Mexico,6450
7/17/2010,30942,3491,New York,34433
7/17/2010,21841,9762,North Carolina,31603
7/17/2010,965,804,North Dakota,1769
7/17/2010,12207,4381,Ohio,16588
7/17/2010,6359,4279,Oklahoma,10638
7/17/2010,5180,1375,Oregon,6555
7/17/2010,33658,9277,Pennsylvania,42935
7/17/2010,5517,1027,Rhode Island,6544
7/17/2010,10528,7249,South Carolina,17777
7/17/2010,2359,492,South Dakota,2851
7/17/2010,15848,5573,Tennessee,21421
7/17/2010,20002,5171,Texas,25173
7/17/2010,1122,641,Vermont,1763
7/17/2010,240,480,Virgin Islands,720
7/17/2010,10112,3610,Virginia,13722
7/17/2010,6052,786,Washington,6838
7/17/2010,7884,955,West Virginia,8839
7/17/2010,13718,1864,Wisconsin,15582
7/14/2010,15913,1696,Arizona,17609
7/14/2010,3975,2545,Arkansas,6520
7/14/2010,6893,4964,Colorado,11857
7/14/2010,8186,2898,Connecticut,11084
7/14/2010,3643,538,Delaware,4181
7/14/2010,2599,533,Dist. of Columbia,3132
7/14/2010,50041,13681,Florida,63722
7/14/2010,13169,1998,Georgia,15167
7/14/2010,5400,1042,Idaho,6442
7/14/2010,13172,3305,Illinois,16477
7/14/2010,13283,3645,Indiana,16928
7/14/2010,7308,2115,Iowa,9423
7/14/2010,6461,676,Kansas,7137
7/14/2010,13906,1324,Kentucky,15230
7/14/2010,14560,3582,Louisiana,18142
7/14/2010,2134,1485,Maine,3619
7/14/2010,10795,1412,Maryland,12207
7/14/2010,10128,1569,Massachusetts,11697
7/14/2010,12069,2987,Michigan,15056
7/14/2010,12830,994,Minnesota,13824
7/14/2010,17455,1453,Missouri,18908
7/14/2010,2359,797,Montana,3156
7/14/2010,5804,846,Nebraska,6650
7/14/2010,5223,700,New Hampshire,5923
7/14/2010,19178,3716,New Jersey,22894
7/14/2010,4848,998,New Mexico,5846
7/14/2010,29567,3531,New York,33098
7/14/2010,18803,8655,North Carolina,27458
7/14/2010,968,743,North Dakota,1711
7/14/2010,11266,3971,Ohio,15237
7/14/2010,5512,3944,Oklahoma,9456
7/14/2010,4769,1342,Oregon,6111
7/14/2010,29624,7980,Pennsylvania,37604
7/14/2010,4749,963,Rhode Island,5712
7/14/2010,8604,5621,South Carolina,14225
7/14/2010,2248,438,South Dakota,2686
7/14/2010,13124,4697,Tennessee,17821
7/14/2010,20335,4786,Texas,25121
7/14/2010,995,551,Vermont,1546
7/14/2010,215,408,Virgin Islands,623
7/14/2010,9148,3362,Virginia,12510
7/14/2010,5852,743,Washington,6595
7/14/2010,7035,848,West Virginia,7883
7/14/2010,12685,1728,Wisconsin,14413
7/10/2010,20619,2058,Arizona,22677
7/10/2010,5040,3378,Arkansas,8418
7/10/2010,9638,6478,Colorado,16116
7/10/2010,11238,3758,Connecticut,14996
7/10/2010,5171,717,Delaware,5888
7/10/2010,3152,546,Dist. of Columbia,3698
7/10/2010,74954,19197,Florida,94151
7/10/2010,19139,2667,Georgia,21806
7/10/2010,6371,1136,Idaho,7507
7/10/2010,19449,4553,Illinois,24002
7/10/2010,18200,4410,Indiana,22610
7/10/2010,9081,2415,Iowa,11496
7/10/2010,8610,788,Kansas,9398
7/10/2010,18477,1778,Kentucky,20255
7/10/2010,19590,4177,Louisiana,23767
7/10/2010,2829,1943,Maine,4772
7/10/2010,14122,1629,Maryland,15751
7/10/2010,13888,1927,Massachusetts,15815
7/10/2010,16744,3966,Michigan,20710
7/10/2010,17700,1266,Minnesota,18966
7/10/2010,22387,1808,Missouri,24195
7/10/2010,2758,945,Montana,3703
7/10/2010,7279,954,Nebraska,8233
7/10/2010,6898,867,New Hampshire,7765
7/10/2010,26881,4787,New Jersey,31668
7/10/2010,6539,1275,New Mexico,7814
7/10/2010,43630,4294,New York,47924
7/10/2010,25334,10793,North Carolina,36127
7/10/2010,1219,839,North Dakota,2058
7/10/2010,15949,4973,Ohio,20922
7/10/2010,7451,5042,Oklahoma,12493
7/10/2010,6568,1514,Oregon,8082
7/10/2010,42490,10974,Pennsylvania,53464
7/10/2010,6433,1214,Rhode Island,7647
7/10/2010,12227,7643,South Carolina,19870
7/10/2010,2739,540,South Dakota,3279
7/10/2010,18389,5936,Tennessee,24325
7/10/2010,27113,6202,Texas,33315
7/10/2010,1297,658,Vermont,1955
7/10/2010,264,505,Virgin Islands,769
7/10/2010,13186,4236,Virginia,17422
7/10/2010,8502,962,Washington,9464
7/10/2010,8724,1007,West Virginia,9731
7/10/2010,16203,1989,Wisconsin,18192
7/7/2010,17676,1805,Arizona,19481
7/7/2010,4330,2830,Arkansas,7160
7/7/2010,8296,5451,Colorado,13747
7/7/2010,8961,3060,Connecticut,12021
7/7/2010,4327,609,Delaware,4936
7/7/2010,2698,507,Dist. of Columbia,3205
7/7/2010,58374,16077,Florida,74451
7/7/2010,15603,2354,Georgia,17957
7/7/2010,5796,1015,Idaho,6811
7/7/2010,16663,4056,Illinois,20719
7/7/2010,14143,3663,Indiana,17806
7/7/2010,7695,2190,Iowa,9885
7/7/2010,7133,699,Kansas,7832
7/7/2010,14927,1443,Kentucky,16370
7/7/2010,16139,3748,Louisiana,19887
7/7/2010,2433,1627,Maine,4060
7/7/2010,11721,1462,Maryland,13183
7/7/2010,11572,1714,Massachusetts,13286
7/7/2010,14528,3563,Michigan,18091
7/7/2010,14706,1063,Minnesota,15769
7/7/2010,19111,1696,Missouri,20807
7/7/2010,2612,815,Montana,3427
7/7/2010,6244,885,Nebraska,7129
7/7/2010,5493,697,New Hampshire,6190
7/7/2010,23617,4361,New Jersey,27978
7/7/2010,5461,1130,New Mexico,6591
7/7/2010,36114,3943,New York,40057
7/7/2010,20691,8982,North Carolina,29673
7/7/2010,1074,740,North Dakota,1814
7/7/2010,13588,4206,Ohio,17794
7/7/2010,6238,4355,Oklahoma,10593
7/7/2010,5588,1352,Oregon,6940
7/7/2010,34449,9136,Pennsylvania,43585
7/7/2010,4945,1030,Rhode Island,5975
7/7/2010,9954,6332,South Carolina,16286
7/7/2010,2638,501,South Dakota,3139
7/7/2010,15311,5062,Tennessee,20373
7/7/2010,25736,5504,Texas,31240
7/7/2010,1024,524,Vermont,1548
7/7/2010,242,411,Virgin Islands,653
7/7/2010,11283,3661,Virginia,14944
7/7/2010,7629,945,Washington,8574
7/7/2010,7640,884,West Virginia,8524
7/7/2010,13780,1854,Wisconsin,15634
7/3/2010,20124,2237,Arizona,22361
7/3/2010,4704,3152,Arkansas,7856
7/3/2010,8786,6204,Colorado,14990
7/3/2010,9988,3893,Connecticut,13881
7/3/2010,4873,684,Delaware,5557
7/3/2010,3176,586,Dist. of Columbia,3762
7/3/2010,65122,17848,Florida,82970
7/3/2010,17621,2574,Georgia,20195
7/3/2010,5914,1039,Idaho,6953
7/3/2010,17411,4293,Illinois,21704
7/3/2010,17503,4608,Indiana,22111
7/3/2010,8567,2594,Iowa,11161
7/3/2010,8223,904,Kansas,9127
7/3/2010,17952,1885,Kentucky,19837
7/3/2010,17579,4397,Louisiana,21976
7/3/2010,2922,2015,Maine,4937
7/3/2010,13236,1707,Maryland,14943
7/3/2010,12740,1832,Massachusetts,14572
7/3/2010,15664,3997,Michigan,19661
7/3/2010,16058,1287,Minnesota,17345
7/3/2010,21897,1938,Missouri,23835
7/3/2010,2632,904,Montana,3536
7/3/2010,6935,1010,Nebraska,7945
7/3/2010,5722,1124,New Hampshire,6846
7/3/2010,23701,4455,New Jersey,28156
7/3/2010,6005,1303,New Mexico,7308
7/3/2010,37877,4070,New York,41947
7/3/2010,23362,11043,North Carolina,34405
7/3/2010,1111,844,North Dakota,1955
7/3/2010,14676,4967,Ohio,19643
7/3/2010,7110,4979,Oklahoma,12089
7/3/2010,6256,1616,Oregon,7872
7/3/2010,40012,11025,Pennsylvania,51037
7/3/2010,6084,1306,Rhode Island,7390
7/3/2010,11657,7918,South Carolina,19575
7/3/2010,2625,530,South Dakota,3155
7/3/2010,17394,6268,Tennessee,23662
7/3/2010,28419,6249,Texas,34668
7/3/2010,1246,692,Vermont,1938
7/3/2010,278,474,Virgin Islands,752
7/3/2010,11991,4058,Virginia,16049
7/3/2010,7921,1014,Washington,8935
7/3/2010,8702,1063,West Virginia,9765
7/3/2010,15425,2170,Wisconsin,17595
6/30/2010,16497,1771,Arizona,18268
6/30/2010,4269,2690,Arkansas,6959
6/30/2010,7269,5007,Colorado,12276
6/30/2010,9156,3181,Connecticut,12337
6/30/2010,3951,541,Delaware,4492
6/30/2010,2758,483,Dist. of Columbia,3241
6/30/2010,50824,14828,Florida,65652
6/30/2010,13947,2117,Georgia,16064
6/30/2010,5925,869,Idaho,6794
6/30/2010,14447,3492,Illinois,17939
6/30/2010,13266,3567,Indiana,16833
6/30/2010,7238,1983,Iowa,9221
6/30/2010,6679,649,Kansas,7328
6/30/2010,14167,1411,Kentucky,15578
6/30/2010,13685,3415,Louisiana,17100
6/30/2010,2270,1561,Maine,3831
6/30/2010,11195,1401,Maryland,12596
6/30/2010,10947,1678,Massachusetts,12625
6/30/2010,12427,3191,Michigan,15618
6/30/2010,12970,1040,Minnesota,14010
6/30/2010,18137,1557,Missouri,19694
6/30/2010,2274,719,Montana,2993
6/30/2010,6015,782,Nebraska,6797
6/30/2010,5534,729,New Hampshire,6263
6/30/2010,22484,4246,New Jersey,26730
6/30/2010,4795,1021,New Mexico,5816
6/30/2010,32815,3658,New York,36473
6/30/2010,17776,8346,North Carolina,26122
6/30/2010,1041,757,North Dakota,1798
6/30/2010,12539,4199,Ohio,16738
6/30/2010,5719,4037,Oklahoma,9756
6/30/2010,4957,1337,Oregon,6294
6/30/2010,31746,8594,Pennsylvania,40340
6/30/2010,4937,1064,Rhode Island,6001
6/30/2010,8802,5915,South Carolina,14717
6/30/2010,2337,408,South Dakota,2745
6/30/2010,13658,4834,Tennessee,18492
6/30/2010,20808,5453,Texas,26261
6/30/2010,946,484,Vermont,1430
6/30/2010,235,412,Virgin Islands,647
6/30/2010,9885,3489,Virginia,13374
6/30/2010,6689,871,Washington,7560
6/30/2010,7202,882,West Virginia,8084
6/30/2010,13043,1757,Wisconsin,14800
6/26/2010,18026,1929,Arizona,19955
6/26/2010,4627,3279,Arkansas,7906
6/26/2010,7523,5356,Colorado,12879
6/26/2010,9616,3384,Connecticut,13000
6/26/2010,4150,623,Delaware,4773
6/26/2010,2827,556,Dist. of Columbia,3383
6/26/2010,62104,17061,Florida,79165
6/26/2010,15576,2290,Georgia,17866
6/26/2010,5923,873,Idaho,6796
6/26/2010,15111,3857,Illinois,18968
6/26/2010,15131,3907,Indiana,19038
6/26/2010,8196,2370,Iowa,10566
6/26/2010,7313,688,Kansas,8001
6/26/2010,16041,1550,Kentucky,17591
6/26/2010,14933,3249,Louisiana,18182
6/26/2010,2594,2310,Maine,4904
6/26/2010,12783,1660,Maryland,14443
6/26/2010,11919,1744,Massachusetts,13663
6/26/2010,13233,3187,Michigan,16420
6/26/2010,13159,1002,Minnesota,14161
6/26/2010,19215,1678,Missouri,20893
6/26/2010,2200,709,Montana,2909
6/26/2010,6070,858,Nebraska,6928
6/26/2010,6237,823,New Hampshire,7060
6/26/2010,21959,4270,New Jersey,26229
6/26/2010,5241,1086,New Mexico,6327
6/26/2010,35237,3777,New York,39014
6/26/2010,21780,9912,North Carolina,31692
6/26/2010,1043,794,North Dakota,1837
6/26/2010,13565,4674,Ohio,18239
6/26/2010,6493,4516,Oklahoma,11009
6/26/2010,5161,1338,Oregon,6499
6/26/2010,35227,9650,Pennsylvania,44877
6/26/2010,5756,1136,Rhode Island,6892
6/26/2010,10301,7174,South Carolina,17475
6/26/2010,2284,492,South Dakota,2776
6/26/2010,16181,5596,Tennessee,21777
6/26/2010,16411,6487,Texas,22898
6/26/2010,1167,664,Vermont,1831
6/26/2010,197,447,Virgin Islands,644
6/26/2010,10918,3768,Virginia,14686
6/26/2010,6556,822,Washington,7378
6/26/2010,7999,971,West Virginia,8970
6/26/2010,13732,1822,Wisconsin,15554
6/23/2010,21017,2142,Arizona,23159
6/23/2010,5134,3286,Arkansas,8420
6/23/2010,10549,6296,Colorado,16845
6/23/2010,11817,3712,Connecticut,15529
6/23/2010,5493,753,Delaware,6246
6/23/2010,3680,696,Dist. of Columbia,4376
6/23/2010,74708,19885,Florida,94593
6/23/2010,20054,2791,Georgia,22845
6/23/2010,7211,1012,Idaho,8223
6/23/2010,21018,4821,Illinois,25839
6/23/2010,16892,4258,Indiana,21150
6/23/2010,9749,2499,Iowa,12248
6/23/2010,8845,826,Kansas,9671
6/23/2010,17298,1703,Kentucky,19001
6/23/2010,19573,3937,Louisiana,23510
6/23/2010,2514,2082,Maine,4596
6/23/2010,15286,1781,Maryland,17067
6/23/2010,16299,2014,Massachusetts,18313
6/23/2010,18038,4170,Michigan,22208
6/23/2010,19278,1282,Minnesota,20560
6/23/2010,22591,1931,Missouri,24522
6/23/2010,2835,957,Montana,3792
6/23/2010,7568,975,Nebraska,8543
6/23/2010,6611,843,New Hampshire,7454
6/23/2010,33802,5453,New Jersey,39255
6/23/2010,7301,1398,New Mexico,8699
6/23/2010,49835,4829,New York,54664
6/23/2010,24742,10864,North Carolina,35606
6/23/2010,1201,981,North Dakota,2182
6/23/2010,17215,5233,Ohio,22448
6/23/2010,7903,5301,Oklahoma,13204
6/23/2010,7558,1617,Oregon,9175
6/23/2010,49386,12054,Pennsylvania,61440
6/23/2010,6344,1250,Rhode Island,7594
6/23/2010,11869,7774,South Carolina,19643
6/23/2010,3204,537,South Dakota,3741
6/23/2010,18611,6290,Tennessee,24901
6/23/2010,20499,7476,Texas,27975
6/23/2010,1172,589,Vermont,1761
6/23/2010,315,503,Virgin Islands,818
6/23/2010,14184,4489,Virginia,18673
6/23/2010,10204,1216,Washington,11420
6/23/2010,9448,1046,West Virginia,10494
6/23/2010,16653,2114,Wisconsin,18767
6/19/2010,21441,2242,Arizona,23683
6/19/2010,4681,3115,Arkansas,7796
6/19/2010,9819,6256,Colorado,16075
6/19/2010,11866,3903,Connecticut,15769
6/19/2010,5059,714,Delaware,5773
6/19/2010,3568,620,Dist. of Columbia,4188
6/19/2010,71084,18401,Florida,89485
6/19/2010,20125,2800,Georgia,22925
6/19/2010,7189,1014,Idaho,8203
6/19/2010,19248,4425,Illinois,23673
6/19/2010,18747,4783,Indiana,23530
6/19/2010,9081,2405,Iowa,11486
6/19/2010,8681,808,Kansas,9489
6/19/2010,19164,1932,Kentucky,21096
6/19/2010,19823,3927,Louisiana,23750
6/19/2010,2490,2376,Maine,4866
6/19/2010,14766,1729,Maryland,16495
6/19/2010,14261,1814,Massachusetts,16075
6/19/2010,17526,3993,Michigan,21519
6/19/2010,18606,1302,Minnesota,19908
6/19/2010,23603,1901,Missouri,25504
6/19/2010,2810,859,Montana,3669
6/19/2010,7570,1048,Nebraska,8618
6/19/2010,7081,876,New Hampshire,7957
6/19/2010,30330,5167,New Jersey,35497
6/19/2010,6725,1416,New Mexico,8141
6/19/2010,47245,4639,New York,51884
6/19/2010,23471,10074,North Carolina,33545
6/19/2010,1243,913,North Dakota,2156
6/19/2010,17255,5437,Ohio,22692
6/19/2010,7456,4960,Oklahoma,12416
6/19/2010,7172,1854,Oregon,9026
6/19/2010,45690,11653,Pennsylvania,57343
6/19/2010,6621,1203,Rhode Island,7824
6/19/2010,11842,7403,South Carolina,19245
6/19/2010,2893,539,South Dakota,3432
6/19/2010,18325,6062,Tennessee,24387
6/19/2010,21079,7711,Texas,28790
6/19/2010,1282,604,Vermont,1886
6/19/2010,305,446,Virgin Islands,751
6/19/2010,13849,4220,Virginia,18069
6/19/2010,9530,1160,Washington,10690
6/19/2010,9594,1068,West Virginia,10662
6/19/2010,16567,2049,Wisconsin,18616
6/16/2010,20195,2193,Arizona,22388
6/16/2010,4571,3115,Arkansas,7686
6/16/2010,8851,5961,Colorado,14812
6/16/2010,10443,3686,Connecticut,14129
6/16/2010,5143,712,Delaware,5855
6/16/2010,3346,730,Dist. of Columbia,4076
6/16/2010,64839,18230,Florida,83069
6/16/2010,17659,2759,Georgia,20418
6/16/2010,6923,1020,Idaho,7943
6/16/2010,17725,4257,Illinois,21982
6/16/2010,15890,4380,Indiana,20270
6/16/2010,8478,2385,Iowa,10863
6/16/2010,7880,777,Kansas,8657
6/16/2010,16557,1783,Kentucky,18340
6/16/2010,17129,3955,Louisiana,21084
6/16/2010,2435,2412,Maine,4847
6/16/2010,13768,1819,Maryland,15587
6/16/2010,14040,2009,Massachusetts,16049
6/16/2010,16018,4075,Michigan,20093
6/16/2010,16933,1338,Minnesota,18271
6/16/2010,21593,1891,Missouri,23484
6/16/2010,2611,954,Montana,3565
6/16/2010,7221,1091,Nebraska,8312
6/16/2010,6351,853,New Hampshire,7204
6/16/2010,29149,5213,New Jersey,34362
6/16/2010,6083,1344,New Mexico,7427
6/16/2010,44605,4609,New York,49214
6/16/2010,22421,10351,North Carolina,32772
6/16/2010,1225,890,North Dakota,2115
6/16/2010,14966,4833,Ohio,19799
6/16/2010,6965,4948,Oklahoma,11913
6/16/2010,6634,1629,Oregon,8263
6/16/2010,41750,11236,Pennsylvania,52986
6/16/2010,5990,1231,Rhode Island,7221
6/16/2010,10591,7244,South Carolina,17835
6/16/2010,2876,560,South Dakota,3436
6/16/2010,16537,5924,Tennessee,22461
6/16/2010,18398,6723,Texas,25121
6/16/2010,1065,595,Vermont,1660
6/16/2010,256,493,Virgin Islands,749
6/16/2010,12532,4195,Virginia,16727
6/16/2010,9285,1297,Washington,10582
6/16/2010,8509,1055,West Virginia,9564
6/16/2010,15165,2273,Wisconsin,17438
6/12/2010,19795,2018,Arizona,21813
6/12/2010,4741,3086,Arkansas,7827
6/12/2010,8420,5822,Colorado,14242
6/12/2010,10482,3730,Connecticut,14212
6/12/2010,4445,738,Delaware,5183
6/12/2010,3101,500,Dist. of Columbia,3601
6/12/2010,64273,17278,Florida,81551
6/12/2010,17218,2560,Georgia,19778
6/12/2010,6425,931,Idaho,7356
6/12/2010,15511,4016,Illinois,19527
6/12/2010,17534,4594,Indiana,22128
6/12/2010,8288,2556,Iowa,10844
6/12/2010,7808,719,Kansas,8527
6/12/2010,17549,1845,Kentucky,19394
6/12/2010,16737,3533,Louisiana,20270
6/12/2010,2781,1815,Maine,4596
6/12/2010,13629,1527,Maryland,15156
6/12/2010,13436,1921,Massachusetts,15357
6/12/2010,15202,3965,Michigan,19167
6/12/2010,15164,1278,Minnesota,16442
6/12/2010,21107,1846,Missouri,22953
6/12/2010,2505,827,Montana,3332
6/12/2010,6643,935,Nebraska,7578
6/12/2010,6794,1041,New Hampshire,7835
6/12/2010,25297,4725,New Jersey,30022
6/12/2010,5699,1222,New Mexico,6921
6/12/2010,38745,3999,New York,42744
6/12/2010,21523,9731,North Carolina,31254
6/12/2010,1070,963,North Dakota,2033
6/12/2010,14760,5037,Ohio,19797
6/12/2010,6734,4710,Oklahoma,11444
6/12/2010,6085,1625,Oregon,7710
6/12/2010,38998,10759,Pennsylvania,49757
6/12/2010,6411,1198,Rhode Island,7609
6/12/2010,10383,7102,South Carolina,17485
6/12/2010,2666,591,South Dakota,3257
6/12/2010,16538,5731,Tennessee,22269
6/12/2010,18089,6642,Texas,24731
6/12/2010,1282,651,Vermont,1933
6/12/2010,221,465,Virgin Islands,686
6/12/2010,11716,3926,Virginia,15642
6/12/2010,8218,1034,Washington,9252
6/12/2010,8377,1029,West Virginia,9406
6/12/2010,14829,2083,Wisconsin,16912
6/9/2010,19131,2314,Arizona,21445
6/9/2010,4567,3339,Arkansas,7906
6/9/2010,7857,5812,Colorado,13669
6/9/2010,9578,3559,Connecticut,13137
6/9/2010,4380,785,Delaware,5165
6/9/2010,3252,663,Dist. of Columbia,3915
6/9/2010,60586,18098,Florida,78684
6/9/2010,15857,2668,Georgia,18525
6/9/2010,6239,1069,Idaho,7308
6/9/2010,14912,4161,Illinois,19073
6/9/2010,14303,4241,Indiana,18544
6/9/2010,7920,2322,Iowa,10242
6/9/2010,7232,795,Kansas,8027
6/9/2010,15518,1680,Kentucky,17198
6/9/2010,15316,3610,Louisiana,18926
6/9/2010,2541,1719,Maine,4260
6/9/2010,12603,1568,Maryland,14171
6/9/2010,12699,1986,Massachusetts,14685
6/9/2010,14350,4053,Michigan,18403
6/9/2010,14315,1223,Minnesota,15538
6/9/2010,19765,1966,Missouri,21731
6/9/2010,2621,947,Montana,3568
6/9/2010,6868,981,Nebraska,7849
6/9/2010,5800,950,New Hampshire,6750
6/9/2010,24654,4869,New Jersey,29523
6/9/2010,5498,1249,New Mexico,6747
6/9/2010,36607,4437,New York,41044
6/9/2010,22440,10879,North Carolina,33319
6/9/2010,1053,922,North Dakota,1975
6/9/2010,13319,4736,Ohio,18055
6/9/2010,6491,4725,Oklahoma,11216
6/9/2010,5701,1609,Oregon,7310
6/9/2010,36419,11028,Pennsylvania,47447
6/9/2010,5786,1228,Rhode Island,7014
6/9/2010,9398,6943,South Carolina,16341
6/9/2010,2691,534,South Dakota,3225
6/9/2010,15607,5767,Tennessee,21374
6/9/2010,16709,6341,Texas,23050
6/9/2010,1086,667,Vermont,1753
6/9/2010,297,554,Virgin Islands,851
6/9/2010,11095,4124,Virginia,15219
6/9/2010,7801,1040,Washington,8841
6/9/2010,8127,1021,West Virginia,9148
6/9/2010,13712,2040,Wisconsin,15752
6/5/2010,19923,2125,Arizona,22048
6/5/2010,5123,3738,Arkansas,8861
6/5/2010,7909,5731,Colorado,13640
6/5/2010,10060,3570,Connecticut,13630
6/5/2010,4478,674,Delaware,5152
6/5/2010,3139,605,Dist. of Columbia,3744
6/5/2010,70388,18875,Florida,89263
6/5/2010,17046,2648,Georgia,19694
6/5/2010,6029,961,Idaho,6990
6/5/2010,16223,4253,Illinois,20476
6/5/2010,16189,4253,Indiana,20442
6/5/2010,8685,2508,Iowa,11193
6/5/2010,7555,731,Kansas,8286
6/5/2010,16838,1750,Kentucky,18588
6/5/2010,16355,3608,Louisiana,19963
6/5/2010,2778,1795,Maine,4573
6/5/2010,14439,1581,Maryland,16020
6/5/2010,13362,1890,Massachusetts,15252
6/5/2010,14917,3804,Michigan,18721
6/5/2010,14055,1162,Minnesota,15217
6/5/2010,20369,1733,Missouri,22102
6/5/2010,2451,873,Montana,3324
6/5/2010,6388,876,Nebraska,7264
6/5/2010,6752,869,New Hampshire,7621
6/5/2010,23129,4477,New Jersey,27606
6/5/2010,5512,1196,New Mexico,6708
6/5/2010,37648,3903,New York,41551
6/5/2010,24024,10531,North Carolina,34555
6/5/2010,1126,933,North Dakota,2059
6/5/2010,14140,5059,Ohio,19199
6/5/2010,7038,5019,Oklahoma,12057
6/5/2010,5984,1532,Oregon,7516
6/5/2010,38587,10299,Pennsylvania,48886
6/5/2010,6085,1155,Rhode Island,7240
6/5/2010,11510,7920,South Carolina,19430
6/5/2010,2614,576,South Dakota,3190
6/5/2010,17362,6053,Tennessee,23415
6/5/2010,19521,6272,Texas,25793
6/5/2010,1193,704,Vermont,1897
6/5/2010,235,423,Virgin Islands,658
6/5/2010,11944,4106,Virginia,16050
6/5/2010,7792,963,Washington,8755
6/5/2010,8752,1075,West Virginia,9827
6/5/2010,14554,1949,Wisconsin,16503
6/2/2010,37120,3046,Arizona,40166
6/2/2010,8135,4328,Arkansas,12463
6/2/2010,22216,10445,Colorado,32661
6/2/2010,24617,6137,Connecticut,30754
6/2/2010,12623,1302,Delaware,13925
6/2/2010,6439,828,Dist. of Columbia,7267
6/2/2010,150696,33000,Florida,183696
6/2/2010,40860,4508,Georgia,45368
6/2/2010,11278,1468,Idaho,12746
6/2/2010,42511,8055,Illinois,50566
6/2/2010,30265,6148,Indiana,36413
6/2/2010,16456,3708,Iowa,20164
6/2/2010,15330,1254,Kansas,16584
6/2/2010,29654,2364,Kentucky,32018
6/2/2010,39417,5568,Louisiana,44985
6/2/2010,3783,1893,Maine,5676
6/2/2010,33039,2541,Maryland,35580
6/2/2010,39527,3237,Massachusetts,42764
6/2/2010,33539,6475,Michigan,40014
6/2/2010,39966,2038,Minnesota,42004
6/2/2010,39708,2472,Missouri,42180
6/2/2010,4303,1229,Montana,5532
6/2/2010,13526,1437,Nebraska,14963
6/2/2010,14234,1430,New Hampshire,15664
6/2/2010,73102,8256,New Jersey,81358
6/2/2010,13459,2123,New Mexico,15582
6/2/2010,101978,7128,New York,109106
6/2/2010,44119,15199,North Carolina,59318
6/2/2010,2415,1659,North Dakota,4074
6/2/2010,30041,6730,Ohio,36771
6/2/2010,14340,8078,Oklahoma,22418
6/2/2010,18172,2924,Oregon,21096
6/2/2010,134419,23405,Pennsylvania,157824
6/2/2010,11397,1787,Rhode Island,13184
6/2/2010,20401,10182,South Carolina,30583
6/2/2010,6134,891,South Dakota,7025
6/2/2010,35364,9141,Tennessee,44505
6/2/2010,42752,9748,Texas,52500
6/2/2010,1720,741,Vermont,2461
6/2/2010,395,668,Virgin Islands,1063
6/2/2010,26653,6023,Virginia,32676
6/2/2010,20375,1906,Washington,22281
6/2/2010,17539,1598,West Virginia,19137
6/2/2010,33428,3185,Wisconsin,36613
5/29/2010,37319,3220,Arizona,40539
5/29/2010,7877,4937,Arkansas,12814
5/29/2010,20818,11083,Colorado,31901
5/29/2010,22694,6494,Connecticut,29188
5/29/2010,11912,1481,Delaware,13393
5/29/2010,6104,985,Dist. of Columbia,7089
5/29/2010,153845,38186,Florida,192031
5/29/2010,39634,5401,Georgia,45035
5/29/2010,11267,1520,Idaho,12787
5/29/2010,39118,8370,Illinois,47488
5/29/2010,30135,6787,Indiana,36922
5/29/2010,16884,4408,Iowa,21292
5/29/2010,15041,1577,Kansas,16618
5/29/2010,31533,2526,Kentucky,34059
5/29/2010,36685,6702,Louisiana,43387
5/29/2010,4019,2185,Maine,6204
5/29/2010,26993,2647,Maryland,29640
5/29/2010,33794,3334,Massachusetts,37128
5/29/2010,31389,7459,Michigan,38848
5/29/2010,37287,2094,Minnesota,39381
5/29/2010,39789,3054,Missouri,42843
5/29/2010,4404,1307,Montana,5711
5/29/2010,12999,1485,Nebraska,14484
5/29/2010,12696,1447,New Hampshire,14143
5/29/2010,62938,8681,New Jersey,71619
5/29/2010,12926,2356,New Mexico,15282
5/29/2010,95791,8378,New York,104169
5/29/2010,44209,17407,North Carolina,61616
5/29/2010,2142,1822,North Dakota,3964
5/29/2010,28295,7590,Ohio,35885
5/29/2010,13823,8726,Oklahoma,22549
5/29/2010,15796,3029,Oregon,18825
5/29/2010,116411,24332,Pennsylvania,140743
5/29/2010,12162,2220,Rhode Island,14382
5/29/2010,22412,12699,South Carolina,35111
5/29/2010,5551,821,South Dakota,6372
5/29/2010,34337,10632,Tennessee,44969
5/29/2010,36515,9657,Texas,46172
5/29/2010,1745,911,Vermont,2656
5/29/2010,460,817,Virgin Islands,1277
5/29/2010,24283,6566,Virginia,30849
5/29/2010,18741,1932,Washington,20673
5/29/2010,17159,1958,West Virginia,19117
5/29/2010,30167,3284,Wisconsin,33451
5/26/2010,29537,2996,Arizona,32533
5/26/2010,6439,3968,Arkansas,10407
5/26/2010,15514,8082,Colorado,23596
5/26/2010,17252,5180,Connecticut,22432
5/26/2010,9028,1117,Delaware,10145
5/26/2010,5062,749,Dist. of Columbia,5811
5/26/2010,105409,26537,Florida,131946
5/26/2010,27929,4094,Georgia,32023
5/26/2010,8637,1213,Idaho,9850
5/26/2010,31144,6576,Illinois,37720
5/26/2010,21406,5068,Indiana,26474
5/26/2010,13284,3498,Iowa,16782
5/26/2010,11679,1183,Kansas,12862
5/26/2010,24207,2124,Kentucky,26331
5/26/2010,27380,4917,Louisiana,32297
5/26/2010,3174,1760,Maine,4934
5/26/2010,21587,2085,Maryland,23672
5/26/2010,25716,2658,Massachusetts,28374
5/26/2010,26010,6001,Michigan,32011
5/26/2010,27954,1577,Minnesota,29531
5/26/2010,31438,2260,Missouri,33698
5/26/2010,3398,1078,Montana,4476
5/26/2010,10470,1158,Nebraska,11628
5/26/2010,8473,968,New Hampshire,9441
5/26/2010,54626,7297,New Jersey,61923
5/26/2010,10504,1865,New Mexico,12369
5/26/2010,76235,6425,New York,82660
5/26/2010,32388,12474,North Carolina,44862
5/26/2010,1631,1480,North Dakota,3111
5/26/2010,23089,6087,Ohio,29176
5/26/2010,10488,6412,Oklahoma,16900
5/26/2010,12303,2371,Oregon,14674
5/26/2010,89499,18358,Pennsylvania,107857
5/26/2010,9303,1745,Rhode Island,11048
5/26/2010,16138,9147,South Carolina,25285
5/26/2010,4276,689,South Dakota,4965
5/26/2010,25414,7636,Tennessee,33050
5/26/2010,29162,7771,Texas,36933
5/26/2010,1494,685,Vermont,2179
5/26/2010,356,624,Virgin Islands,980
5/26/2010,19173,4674,Virginia,23847
5/26/2010,15632,1557,Washington,17189
5/26/2010,13115,1434,West Virginia,14549
5/26/2010,23725,2547,Wisconsin,26272
5/22/2010,28814,2534,Arizona,31348
5/22/2010,5759,3727,Arkansas,9486
5/22/2010,14068,7982,Colorado,22050
5/22/2010,15453,4701,Connecticut,20154
5/22/2010,7835,1081,Delaware,8916
5/22/2010,4514,659,Dist. of Columbia,5173
5/22/2010,99057,25977,Florida,125034
5/22/2010,26532,3925,Georgia,30457
5/22/2010,7756,1146,Idaho,8902
5/22/2010,27942,6310,Illinois,34252
5/22/2010,23411,5644,Indiana,29055
5/22/2010,12653,3379,Iowa,16032
5/22/2010,11475,1248,Kansas,12723
5/22/2010,23199,2052,Kentucky,25251
5/22/2010,25988,4803,Louisiana,30791
5/22/2010,3159,1923,Maine,5082
5/22/2010,20205,1946,Maryland,22151
5/22/2010,22852,2413,Massachusetts,25265
5/22/2010,25483,6129,Michigan,31612
5/22/2010,26494,1614,Minnesota,28108
5/22/2010,30420,2316,Missouri,32736
5/22/2010,3078,955,Montana,4033
5/22/2010,9771,1158,Nebraska,10929
5/22/2010,8501,1036,New Hampshire,9537
5/22/2010,45182,6982,New Jersey,52164
5/22/2010,9847,1868,New Mexico,11715
5/22/2010,68034,5964,New York,73998
5/22/2010,29136,11819,North Carolina,40955
5/22/2010,1528,1464,North Dakota,2992
5/22/2010,22457,6606,Ohio,29063
5/22/2010,9754,6150,Oklahoma,15904
5/22/2010,11356,2188,Oregon,13544
5/22/2010,77567,16918,Pennsylvania,94485
5/22/2010,9157,1679,Rhode Island,10836
5/22/2010,15365,9026,South Carolina,24391
5/22/2010,4019,635,South Dakota,4654
5/22/2010,23272,7109,Tennessee,30381
5/22/2010,26968,7752,Texas,34720
5/22/2010,1480,750,Vermont,2230
5/22/2010,357,638,Virgin Islands,995
5/22/2010,17778,4663,Virginia,22441
5/22/2010,13798,1507,Washington,15305
5/22/2010,12678,1433,West Virginia,14111
5/22/2010,22500,2472,Wisconsin,24972
5/19/2010,25162,2780,Arizona,27942
5/19/2010,5575,3788,Arkansas,9363
5/19/2010,13837,7544,Colorado,21381
5/19/2010,14102,4507,Connecticut,18609
5/19/2010,7170,948,Delaware,8118
5/19/2010,4481,698,Dist. of Columbia,5179
5/19/2010,88315,25184,Florida,113499
5/19/2010,23395,3673,Georgia,27068
5/19/2010,7223,1117,Idaho,8340
5/19/2010,26567,6044,Illinois,32611
5/19/2010,19254,4958,Indiana,24212
5/19/2010,11267,3103,Iowa,14370
5/19/2010,10429,1175,Kansas,11604
5/19/2010,20423,1970,Kentucky,22393
5/19/2010,22937,4307,Louisiana,27244
5/19/2010,2865,1698,Maine,4563
5/19/2010,18353,1902,Maryland,20255
5/19/2010,21142,2298,Massachusetts,23440
5/19/2010,22873,5518,Michigan,28391
5/19/2010,23317,1526,Minnesota,24843
5/19/2010,27142,2249,Missouri,29391
5/19/2010,2815,890,Montana,3705
5/19/2010,9320,1171,Nebraska,10491
5/19/2010,7577,974,New Hampshire,8551
5/19/2010,45233,6835,New Jersey,52068
5/19/2010,8982,1748,New Mexico,10730
5/19/2010,66133,5946,New York,72079
5/19/2010,26461,11044,North Carolina,37505
5/19/2010,1356,1366,North Dakota,2722
5/19/2010,20173,6116,Ohio,26289
5/19/2010,9009,5656,Oklahoma,14665
5/19/2010,10042,1993,Oregon,12035
5/19/2010,70465,15551,Pennsylvania,86016
5/19/2010,7824,1502,Rhode Island,9326
5/19/2010,13506,7935,South Carolina,21441
5/19/2010,3820,609,South Dakota,4429
5/19/2010,20889,6979,Tennessee,27868
5/19/2010,24339,7162,Texas,31501
5/19/2010,1313,679,Vermont,1992
5/19/2010,326,513,Virgin Islands,839
5/19/2010,16444,4653,Virginia,21097
5/19/2010,13130,1343,Washington,14473
5/19/2010,11624,1347,West Virginia,12971
5/19/2010,20016,2343,Wisconsin,22359
5/15/2010,25975,2668,Arizona,28643
5/15/2010,5957,4450,Arkansas,10407
5/15/2010,13650,8648,Colorado,22298
5/15/2010,13802,4335,Connecticut,18137
5/15/2010,6596,935,Delaware,7531
5/15/2010,4241,701,Dist. of Columbia,4942
5/15/2010,92123,26554,Florida,118677
5/15/2010,23696,3815,Georgia,27511
5/15/2010,7474,1266,Idaho,8740
5/15/2010,24582,6383,Illinois,30965
5/15/2010,22435,6037,Indiana,28472
5/15/2010,11491,3652,Iowa,15143
5/15/2010,10629,1209,Kansas,11838
5/15/2010,21535,2085,Kentucky,23620
5/15/2010,22607,4748,Louisiana,27355
5/15/2010,2981,1808,Maine,4789
5/15/2010,17253,1954,Maryland,19207
5/15/2010,19910,2356,Massachusetts,22266
5/15/2010,22408,6090,Michigan,28498
5/15/2010,22797,1593,Minnesota,24390
5/15/2010,27433,2432,Missouri,29865
5/15/2010,2815,909,Montana,3724
5/15/2010,8777,1241,Nebraska,10018
5/15/2010,7830,975,New Hampshire,8805
5/15/2010,37754,6477,New Jersey,44231
5/15/2010,8764,1993,New Mexico,10757
5/15/2010,60986,5916,New York,66902
5/15/2010,28357,12667,North Carolina,41024
5/15/2010,1389,1352,North Dakota,2741
5/15/2010,19719,6683,Ohio,26402
5/15/2010,9491,6849,Oklahoma,16340
5/15/2010,9555,2169,Oregon,11724
5/15/2010,62399,15375,Pennsylvania,77774
5/15/2010,8087,1618,Rhode Island,9705
5/15/2010,14332,9227,South Carolina,23559
5/15/2010,3758,727,South Dakota,4485
5/15/2010,21634,7490,Tennessee,29124
5/15/2010,22647,7486,Texas,30133
5/15/2010,1429,702,Vermont,2131
5/15/2010,338,653,Virgin Islands,991
5/15/2010,16121,4754,Virginia,20875
5/15/2010,11740,1397,Washington,13137
5/15/2010,11323,1491,West Virginia,12814
5/15/2010,19769,2748,Wisconsin,22517
5/12/2010,19812,2325,Arizona,22137
5/12/2010,4293,2982,Arkansas,7275
5/12/2010,10748,6795,Colorado,17543
5/12/2010,10285,3456,Connecticut,13741
5/12/2010,4663,677,Delaware,5340
5/12/2010,3251,512,Dist. of Columbia,3763
5/12/2010,63281,18885,Florida,82166
5/12/2010,17719,2995,Georgia,20714
5/12/2010,5899,870,Idaho,6769
5/12/2010,20213,5360,Illinois,25573
5/12/2010,15109,4125,Indiana,19234
5/12/2010,8351,2726,Iowa,11077
5/12/2010,8024,919,Kansas,8943
5/12/2010,16410,1564,Kentucky,17974
5/12/2010,17722,3566,Louisiana,21288
5/12/2010,2243,1472,Maine,3715
5/12/2010,13306,1579,Maryland,14885
5/12/2010,14250,1608,Massachusetts,15858
5/12/2010,16872,4686,Michigan,21558
5/12/2010,17791,1220,Minnesota,19011
5/12/2010,21513,1753,Missouri,23266
5/12/2010,2394,756,Montana,3150
5/12/2010,6794,948,Nebraska,7742
5/12/2010,5671,661,New Hampshire,6332
5/12/2010,32394,5652,New Jersey,38046
5/12/2010,6630,1363,New Mexico,7993
5/12/2010,49555,4745,New York,54300
5/12/2010,19875,8797,North Carolina,28672
5/12/2010,1095,1071,North Dakota,2166
5/12/2010,16049,5435,Ohio,21484
5/12/2010,6990,4640,Oklahoma,11630
5/12/2010,7518,1702,Oregon,9220
5/12/2010,45628,10963,Pennsylvania,56591
5/12/2010,5493,1121,Rhode Island,6614
5/12/2010,10280,6591,South Carolina,16871
5/12/2010,3076,531,South Dakota,3607
5/12/2010,15738,5197,Tennessee,20935
5/12/2010,17423,5803,Texas,23226
5/12/2010,1069,567,Vermont,1636
5/12/2010,211,387,Virgin Islands,598
5/12/2010,12677,3758,Virginia,16435
5/12/2010,10246,1173,Washington,11419
5/12/2010,8618,1031,West Virginia,9649
5/12/2010,14872,1815,Wisconsin,16687
5/8/2010,22360,2291,Arizona,24651
5/8/2010,4751,3449,Arkansas,8200
5/8/2010,10636,7424,Colorado,18060
5/8/2010,11490,4027,Connecticut,15517
5/8/2010,4805,802,Delaware,5607
5/8/2010,3518,604,Dist. of Columbia,4122
5/8/2010,71068,20520,Florida,91588
5/8/2010,18449,3047,Georgia,21496
5/8/2010,6436,991,Idaho,7427
5/8/2010,18645,5063,Illinois,23708
5/8/2010,18367,4984,Indiana,23351
5/8/2010,9078,2963,Iowa,12041
5/8/2010,8530,905,Kansas,9435
5/8/2010,18394,1984,Kentucky,20378
5/8/2010,18761,3940,Louisiana,22701
5/8/2010,2981,2000,Maine,4981
5/8/2010,13997,1619,Maryland,15616
5/8/2010,13933,1844,Massachusetts,15777
5/8/2010,16830,4557,Michigan,21387
5/8/2010,17139,1347,Minnesota,18486
5/8/2010,22702,2024,Missouri,24726
5/8/2010,2571,841,Montana,3412
5/8/2010,7380,1079,Nebraska,8459
5/8/2010,6804,842,New Hampshire,7646
5/8/2010,28853,5444,New Jersey,34297
5/8/2010,6637,1474,New Mexico,8111
5/8/2010,47346,4440,New York,51786
5/8/2010,22118,9986,North Carolina,32104
5/8/2010,1121,1251,North Dakota,2372
5/8/2010,15974,5602,Ohio,21576
5/8/2010,7338,5181,Oklahoma,12519
5/8/2010,7226,1817,Oregon,9043
5/8/2010,45359,12109,Pennsylvania,57468
5/8/2010,6484,1379,Rhode Island,7863
5/8/2010,11247,7432,South Carolina,18679
5/8/2010,2960,602,South Dakota,3562
5/8/2010,17138,5903,Tennessee,23041
5/8/2010,16786,5812,Texas,22598
5/8/2010,1278,727,Vermont,2005
5/8/2010,234,498,Virgin Islands,732
5/8/2010,12799,3957,Virginia,16756
5/8/2010,9378,1082,Washington,10460
5/8/2010,9205,1200,West Virginia,10405
5/8/2010,16394,2303,Wisconsin,18697
5/5/2010,20583,2754,Arizona,23337
5/5/2010,5081,3770,Arkansas,8851
5/5/2010,9958,7131,Colorado,17089
5/5/2010,9889,3636,Connecticut,13525
5/5/2010,4516,621,Delaware,5137
5/5/2010,3345,649,Dist. of Columbia,3994
5/5/2010,69646,22316,Florida,91962
5/5/2010,17422,3112,Georgia,20534
5/5/2010,6391,1379,Idaho,7770
5/5/2010,16687,5053,Illinois,21740
5/5/2010,15524,4523,Indiana,20047
5/5/2010,8387,2598,Iowa,10985
5/5/2010,7713,798,Kansas,8511
5/5/2010,15862,1900,Kentucky,17762
5/5/2010,16551,3750,Louisiana,20301
5/5/2010,2417,1775,Maine,4192
5/5/2010,13733,1580,Maryland,15313
5/5/2010,11894,1655,Massachusetts,13549
5/5/2010,15598,4351,Michigan,19949
5/5/2010,15372,1271,Minnesota,16643
5/5/2010,20233,1945,Missouri,22178
5/5/2010,2610,922,Montana,3532
5/5/2010,6804,1061,Nebraska,7865
5/5/2010,5740,738,New Hampshire,6478
5/5/2010,27600,5165,New Jersey,32765
5/5/2010,5979,1407,New Mexico,7386
5/5/2010,42724,4375,New York,47099
5/5/2010,22571,11238,North Carolina,33809
5/5/2010,1120,1169,North Dakota,2289
5/5/2010,13948,5257,Ohio,19205
5/5/2010,7094,5252,Oklahoma,12346
5/5/2010,6638,1745,Oregon,8383
5/5/2010,38869,11048,Pennsylvania,49917
5/5/2010,5615,1174,Rhode Island,6789
5/5/2010,10665,7663,South Carolina,18328
5/5/2010,2909,676,South Dakota,3585
5/5/2010,16248,6292,Tennessee,22540
5/5/2010,16429,5832,Texas,22261
5/5/2010,1044,599,Vermont,1643
5/5/2010,240,454,Virgin Islands,694
5/5/2010,12153,4234,Virginia,16387
5/5/2010,8816,1082,Washington,9898
5/5/2010,8429,1049,West Virginia,9478
5/5/2010,14182,2032,Wisconsin,16214
5/1/2010,20444,2174,Arizona,22618
5/1/2010,5139,3626,Arkansas,8765
5/1/2010,9162,6617,Colorado,15779
5/1/2010,9907,3410,Connecticut,13317
5/1/2010,4380,567,Delaware,4947
5/1/2010,3347,544,Dist. of Columbia,3891
5/1/2010,68197,20354,Florida,88551
5/1/2010,18220,2747,Georgia,20967
5/1/2010,6137,1031,Idaho,7168
5/1/2010,14909,4726,Illinois,19635
5/1/2010,18188,4854,Indiana,23042
5/1/2010,8492,2607,Iowa,11099
5/1/2010,7646,714,Kansas,8360
5/1/2010,17432,1742,Kentucky,19174
5/1/2010,17322,3508,Louisiana,20830
5/1/2010,2575,1761,Maine,4336
5/1/2010,13668,1352,Maryland,15020
5/1/2010,12168,1699,Massachusetts,13867
5/1/2010,15422,3988,Michigan,19410
5/1/2010,14897,1119,Minnesota,16016
5/1/2010,20169,1904,Missouri,22073
5/1/2010,2381,721,Montana,3102
5/1/2010,6816,1014,Nebraska,7830
5/1/2010,5794,683,New Hampshire,6477
5/1/2010,24329,4673,New Jersey,29002
5/1/2010,5668,1160,New Mexico,6828
5/1/2010,40205,3381,New York,43586
5/1/2010,22551,10567,North Carolina,33118
5/1/2010,1061,1006,North Dakota,2067
5/1/2010,14662,5344,Ohio,20006
5/1/2010,7155,5284,Oklahoma,12439
5/1/2010,6509,1730,Oregon,8239
5/1/2010,36489,10287,Pennsylvania,46776
5/1/2010,6119,1045,Rhode Island,7164
5/1/2010,11250,7663,South Carolina,18913
5/1/2010,2719,548,South Dakota,3267
5/1/2010,15629,6076,Tennessee,21705
5/1/2010,16545,5840,Texas,22385
5/1/2010,1086,574,Vermont,1660
5/1/2010,196,411,Virgin Islands,607
5/1/2010,11760,3941,Virginia,15701
5/1/2010,7785,975,Washington,8760
5/1/2010,8564,966,West Virginia,9530
5/1/2010,14098,1982,Wisconsin,16080
4/28/2010,19183,2332,Arizona,21515
4/28/2010,4665,3094,Arkansas,7759
4/28/2010,8153,5499,Colorado,13652
4/28/2010,8801,3028,Connecticut,11829
4/28/2010,3963,541,Delaware,4504
4/28/2010,3056,516,Dist. of Columbia,3572
4/28/2010,57163,14921,Florida,72084
4/28/2010,16046,2122,Georgia,18168
4/28/2010,5880,920,Idaho,6800
4/28/2010,13944,4077,Illinois,18021
4/28/2010,13906,3636,Indiana,17542
4/28/2010,7215,2097,Iowa,9312
4/28/2010,6906,602,Kansas,7508
4/28/2010,15197,1540,Kentucky,16737
4/28/2010,15096,2937,Louisiana,18033
4/28/2010,2359,1463,Maine,3822
4/28/2010,12054,1137,Maryland,13191
4/28/2010,10545,1494,Massachusetts,12039
4/28/2010,13704,3204,Michigan,16908
4/28/2010,13102,923,Minnesota,14025
4/28/2010,18117,1597,Missouri,19714
4/28/2010,2386,746,Montana,3132
4/28/2010,6222,861,Nebraska,7083
4/28/2010,5216,651,New Hampshire,5867
4/28/2010,25505,4174,New Jersey,29679
4/28/2010,5213,914,New Mexico,6127
4/28/2010,40618,3010,New York,43628
4/28/2010,19594,9064,North Carolina,28658
4/28/2010,977,698,North Dakota,1675
4/28/2010,12776,4524,Ohio,17300
4/28/2010,5987,4251,Oklahoma,10238
4/28/2010,5485,1531,Oregon,7016
4/28/2010,32480,8834,Pennsylvania,41314
4/28/2010,5442,984,Rhode Island,6426
4/28/2010,9604,6086,South Carolina,15690
4/28/2010,2549,461,South Dakota,3010
4/28/2010,14747,4992,Tennessee,19739
4/28/2010,15397,5043,Texas,20440
4/28/2010,964,522,Vermont,1486
4/28/2010,199,377,Virgin Islands,576
4/28/2010,10609,3514,Virginia,14123
4/28/2010,7139,843,Washington,7982
4/28/2010,7502,740,West Virginia,8242
4/28/2010,13032,1807,Wisconsin,14839
4/24/2010,22245,2316,Arizona,24561
4/24/2010,5097,3739,Arkansas,8836
4/24/2010,8004,6022,Colorado,14026
4/24/2010,9619,3324,Connecticut,12943
4/24/2010,4380,588,Delaware,4968
4/24/2010,3274,679,Dist. of Columbia,3953
4/24/2010,66788,17129,Florida,83917
4/24/2010,17044,2157,Georgia,19201
4/24/2010,6442,1064,Idaho,7506
4/24/2010,15318,4092,Illinois,19410
4/24/2010,16903,4258,Indiana,21161
4/24/2010,8584,2414,Iowa,10998
4/24/2010,7301,632,Kansas,7933
4/24/2010,16953,1646,Kentucky,18599
4/24/2010,15871,3166,Louisiana,19037
4/24/2010,2670,1849,Maine,4519
4/24/2010,13933,1230,Maryland,15163
4/24/2010,11900,1620,Massachusetts,13520
4/24/2010,15658,3750,Michigan,19408
4/24/2010,14107,1052,Minnesota,15159
4/24/2010,18360,1753,Missouri,20113
4/24/2010,2606,800,Montana,3406
4/24/2010,7154,937,Nebraska,8091
4/24/2010,6369,747,New Hampshire,7116
4/24/2010,23498,3933,New Jersey,27431
4/24/2010,5608,1032,New Mexico,6640
4/24/2010,42776,3201,New York,45977
4/24/2010,23881,11261,North Carolina,35142
4/24/2010,1091,807,North Dakota,1898
4/24/2010,14931,5040,Ohio,19971
4/24/2010,6767,4528,Oklahoma,11295
4/24/2010,6098,1617,Oregon,7715
4/24/2010,38711,10773,Pennsylvania,49484
4/24/2010,6684,1145,Rhode Island,7829
4/24/2010,11561,7926,South Carolina,19487
4/24/2010,2701,495,South Dakota,3196
4/24/2010,16352,5477,Tennessee,21829
4/24/2010,16364,5323,Texas,21687
4/24/2010,1215,655,Vermont,1870
4/24/2010,283,541,Virgin Islands,824
4/24/2010,11720,3887,Virginia,15607
4/24/2010,7288,769,Washington,8057
4/24/2010,8413,834,West Virginia,9247
4/24/2010,14557,1953,Wisconsin,16510
4/21/2010,53213,3943,Arizona,57156
4/21/2010,10580,6060,Arkansas,16640
4/21/2010,31041,15348,Colorado,46389
4/21/2010,30195,6628,Connecticut,36823
4/21/2010,14904,1129,Delaware,16033
4/21/2010,6891,865,Dist. of Columbia,7756
4/21/2010,196993,36973,Florida,233966
4/21/2010,41230,3961,Georgia,45191
4/21/2010,13128,1727,Idaho,14855
4/21/2010,49225,8762,Illinois,57987
4/21/2010,47412,8368,Indiana,55780
4/21/2010,21074,4469,Iowa,25543
4/21/2010,18018,1111,Kansas,19129
4/21/2010,33057,2488,Kentucky,35545
4/21/2010,45873,5783,Louisiana,51656
4/21/2010,4428,2078,Maine,6506
4/21/2010,29084,1966,Maryland,31050
4/21/2010,46545,3463,Massachusetts,50008
4/21/2010,40395,6753,Michigan,47148
4/21/2010,44979,1991,Minnesota,46970
4/21/2010,48060,2782,Missouri,50842
4/21/2010,4929,1265,Montana,6194
4/21/2010,16328,1546,Nebraska,17874
4/21/2010,17603,1344,New Hampshire,18947
4/21/2010,82796,8042,New Jersey,90838
4/21/2010,16628,2069,New Mexico,18697
4/21/2010,142272,6676,New York,148948
4/21/2010,50714,17345,North Carolina,68059
4/21/2010,3142,1491,North Dakota,4633
4/21/2010,34965,7729,Ohio,42694
4/21/2010,18415,10146,Oklahoma,28561
4/21/2010,22452,3664,Oregon,26116
4/21/2010,161579,26110,Pennsylvania,187689
4/21/2010,13861,1822,Rhode Island,15683
4/21/2010,24852,12467,South Carolina,37319
4/21/2010,6939,881,South Dakota,7820
4/21/2010,40133,9971,Tennessee,50104
4/21/2010,45878,10064,Texas,55942
4/21/2010,2060,820,Vermont,2880
4/21/2010,625,815,Virgin Islands,1440
4/21/2010,25989,5891,Virginia,31880
4/21/2010,21091,1855,Washington,22946
4/21/2010,21137,1470,West Virginia,22607
4/21/2010,58058,4440,Wisconsin,62498
4/17/2010,48513,3661,Arizona,52174
4/17/2010,8314,4748,Arkansas,13062
4/17/2010,22823,11722,Colorado,34545
4/17/2010,22305,5318,Connecticut,27623
4/17/2010,11424,991,Delaware,12415
4/17/2010,6116,895,Dist. of Columbia,7011
4/17/2010,144827,29741,Florida,174568
4/17/2010,34946,3622,Georgia,38568
4/17/2010,10811,1439,Idaho,12250
4/17/2010,38701,7514,Illinois,46215
4/17/2010,34698,6758,Indiana,41456
4/17/2010,16728,3852,Iowa,20580
4/17/2010,15483,1117,Kansas,16600
4/17/2010,30773,2435,Kentucky,33208
4/17/2010,36161,4825,Louisiana,40986
4/17/2010,3966,1975,Maine,5941
4/17/2010,23202,1766,Maryland,24968
4/17/2010,35241,2765,Massachusetts,38006
4/17/2010,34165,6182,Michigan,40347
4/17/2010,36198,1858,Minnesota,38056
4/17/2010,38541,2463,Missouri,41004
4/17/2010,4272,1165,Montana,5437
4/17/2010,13581,1331,Nebraska,14912
4/17/2010,13080,1059,New Hampshire,14139
4/17/2010,62652,7062,New Jersey,69714
4/17/2010,13802,2036,New Mexico,15838
4/17/2010,112729,5885,New York,118614
4/17/2010,40214,15006,North Carolina,55220
4/17/2010,2436,1320,North Dakota,3756
4/17/2010,34224,8304,Ohio,42528
4/17/2010,14314,8292,Oklahoma,22606
4/17/2010,16974,3008,Oregon,19982
4/17/2010,117733,21149,Pennsylvania,138882
4/17/2010,13517,1809,Rhode Island,15326
4/17/2010,20903,11338,South Carolina,32241
4/17/2010,5456,755,South Dakota,6211
4/17/2010,31833,8438,Tennessee,40271
4/17/2010,36450,8443,Texas,44893
4/17/2010,1752,756,Vermont,2508
4/17/2010,486,783,Virgin Islands,1269
4/17/2010,22270,5253,Virginia,27523
4/17/2010,17327,1429,Washington,18756
4/17/2010,18173,1283,West Virginia,19456
4/17/2010,34675,3129,Wisconsin,37804
4/14/2010,36572,2974,Arizona,39546
4/14/2010,6476,3830,Arkansas,10306
4/14/2010,17319,8914,Colorado,26233
4/14/2010,16653,4428,Connecticut,21081
4/14/2010,8123,711,Delaware,8834
4/14/2010,4690,681,Dist. of Columbia,5371
4/14/2010,104396,22755,Florida,127151
4/14/2010,25414,2728,Georgia,28142
4/14/2010,8514,1223,Idaho,9737
4/14/2010,30234,5886,Illinois,36120
4/14/2010,24259,4806,Indiana,29065
4/14/2010,13435,3283,Iowa,16718
4/14/2010,11460,874,Kansas,12334
4/14/2010,23732,2079,Kentucky,25811
4/14/2010,26169,4090,Louisiana,30259
4/14/2010,3173,1702,Maine,4875
4/14/2010,18833,1492,Maryland,20325
4/14/2010,25052,2267,Massachusetts,27319
4/14/2010,27604,5312,Michigan,32916
4/14/2010,27713,1481,Minnesota,29194
4/14/2010,28828,1951,Missouri,30779
4/14/2010,3349,919,Montana,4268
4/14/2010,10189,1137,Nebraska,11326
4/14/2010,8413,844,New Hampshire,9257
4/14/2010,48063,5637,New Jersey,53700
4/14/2010,10565,1455,New Mexico,12020
4/14/2010,86233,4735,New York,90968
4/14/2010,30084,11764,North Carolina,41848
4/14/2010,1826,1017,North Dakota,2843
4/14/2010,11043,6369,Oklahoma,17412
4/14/2010,13216,2411,Oregon,15627
4/14/2010,81786,15574,Pennsylvania,97360
4/14/2010,9070,1322,Rhode Island,10392
4/14/2010,15800,8918,South Carolina,24718
4/14/2010,4443,648,South Dakota,5091
4/14/2010,24105,6627,Tennessee,30732
4/14/2010,26364,6582,Texas,32946
4/14/2010,1453,615,Vermont,2068
4/14/2010,393,627,Virgin Islands,1020
4/14/2010,18012,4331,Virginia,22343
4/14/2010,13908,1205,Washington,15113
4/14/2010,13528,1148,West Virginia,14676
4/14/2010,25877,2610,Wisconsin,28487
4/10/2010,33408,2645,Arizona,36053
4/10/2010,5689,3518,Arkansas,9207
4/10/2010,14621,7972,Colorado,22593
4/10/2010,15136,4055,Connecticut,19191
4/10/2010,6867,669,Delaware,7536
4/10/2010,4204,600,Dist. of Columbia,4804
4/10/2010,91448,19322,Florida,110770
4/10/2010,24740,2820,Georgia,27560
4/10/2010,7613,1151,Idaho,8764
4/10/2010,28131,5976,Illinois,34107
4/10/2010,22738,4392,Indiana,27130
4/10/2010,11955,3023,Iowa,14978
4/10/2010,10849,797,Kansas,11646
4/10/2010,23094,1816,Kentucky,24910
4/10/2010,23830,3440,Louisiana,27270
4/10/2010,3024,1699,Maine,4723
4/10/2010,17144,1349,Maryland,18493
4/10/2010,21050,1968,Massachusetts,23018
4/10/2010,23921,4908,Michigan,28829
4/10/2010,24876,1243,Minnesota,26119
4/10/2010,27369,1694,Missouri,29063
4/10/2010,3049,874,Montana,3923
4/10/2010,9161,946,Nebraska,10107
4/10/2010,8113,776,New Hampshire,8889
4/10/2010,39180,5110,New Jersey,44290
4/10/2010,9199,1352,New Mexico,10551
4/10/2010,72839,4224,New York,77063
4/10/2010,27013,10351,North Carolina,37364
4/10/2010,1707,1023,North Dakota,2730
4/10/2010,9603,5647,Oklahoma,15250
4/10/2010,11282,2070,Oregon,13352
4/10/2010,69485,13706,Pennsylvania,83191
4/10/2010,8634,1145,Rhode Island,9779
4/10/2010,14350,7911,South Carolina,22261
4/10/2010,3962,561,South Dakota,4523
4/10/2010,21532,5821,Tennessee,27353
4/10/2010,23640,6245,Texas,29885
4/10/2010,1455,694,Vermont,2149
4/10/2010,307,451,Virgin Islands,758
4/10/2010,16189,4091,Virginia,20280
4/10/2010,12228,1115,Washington,13343
4/10/2010,12274,958,West Virginia,13232
4/10/2010,21469,2140,Wisconsin,23609
4/7/2010,31118,2561,Arizona,33679
4/7/2010,5623,3538,Arkansas,9161
4/7/2010,13496,7577,Colorado,21073
4/7/2010,13421,3903,Connecticut,17324
4/7/2010,5875,601,Delaware,6476
4/7/2010,4110,638,Dist. of Columbia,4748
4/7/2010,81148,19022,Florida,100170
4/7/2010,21187,2628,Georgia,23815
4/7/2010,7310,1061,Idaho,8371
4/7/2010,24236,5442,Illinois,29678
4/7/2010,19025,4061,Indiana,23086
4/7/2010,10891,2672,Iowa,13563
4/7/2010,9631,727,Kansas,10358
4/7/2010,20448,1842,Kentucky,22290
4/7/2010,20745,3409,Louisiana,24154
4/7/2010,2794,1577,Maine,4371
4/7/2010,14901,1383,Maryland,16284
4/7/2010,18690,1965,Massachusetts,20655
4/7/2010,20396,4517,Michigan,24913
4/7/2010,22069,1276,Minnesota,23345
4/7/2010,24640,1781,Missouri,26421
4/7/2010,2870,806,Montana,3676
4/7/2010,8708,979,Nebraska,9687
4/7/2010,7019,884,New Hampshire,7903
4/7/2010,37416,5131,New Jersey,42547
4/7/2010,8220,1286,New Mexico,9506
4/7/2010,65749,4240,New York,69989
4/7/2010,24388,9738,North Carolina,34126
4/7/2010,1471,870,North Dakota,2341
4/7/2010,8782,5287,Oklahoma,14069
4/7/2010,10423,2023,Oregon,12446
4/7/2010,59876,12899,Pennsylvania,72775
4/7/2010,7536,1142,Rhode Island,8678
4/7/2010,12441,7125,South Carolina,19566
4/7/2010,3746,555,South Dakota,4301
4/7/2010,19266,5598,Tennessee,24864
4/7/2010,20571,5921,Texas,26492
4/7/2010,1247,623,Vermont,1870
4/7/2010,258,374,Virgin Islands,632
4/7/2010,14700,3863,Virginia,18563
4/7/2010,11591,1156,Washington,12747
4/7/2010,10657,883,West Virginia,11540
4/7/2010,19240,1971,Wisconsin,21211
4/3/2010,31883,2842,Arizona,34725
4/3/2010,5950,3894,Arkansas,9844
4/3/2010,14158,8688,Colorado,22846
4/3/2010,13959,4103,Connecticut,18062
4/3/2010,6370,748,Delaware,7118
4/3/2010,4424,704,Dist. of Columbia,5128
4/3/2010,97543,23481,Florida,121024
4/3/2010,23402,2987,Georgia,26389
4/3/2010,7612,1135,Idaho,8747
4/3/2010,23910,5998,Illinois,29908
4/3/2010,22625,4919,Indiana,27544
4/3/2010,11339,2859,Iowa,14198
4/3/2010,10423,831,Kansas,11254
4/3/2010,22831,2095,Kentucky,24926
4/3/2010,23016,3876,Louisiana,26892
4/3/2010,3202,1872,Maine,5074
4/3/2010,15943,1450,Maryland,17393
4/3/2010,18195,2203,Massachusetts,20398
4/3/2010,21839,5139,Michigan,26978
4/3/2010,22715,1384,Minnesota,24099
4/3/2010,26534,1955,Missouri,28489
4/3/2010,3111,978,Montana,4089
4/3/2010,9534,1169,Nebraska,10703
4/3/2010,8244,827,New Hampshire,9071
4/3/2010,34629,5463,New Jersey,40092
4/3/2010,8495,1484,New Mexico,9979
4/3/2010,62400,4438,New York,66838
4/3/2010,29446,12166,North Carolina,41612
4/3/2010,1415,938,North Dakota,2353
4/3/2010,9342,5856,Oklahoma,15198
4/3/2010,10390,2125,Oregon,12515
4/3/2010,62763,14681,Pennsylvania,77444
4/3/2010,8206,1246,Rhode Island,9452
4/3/2010,14904,9131,South Carolina,24035
4/3/2010,3854,643,South Dakota,4497
4/3/2010,22062,6644,Tennessee,28706
4/3/2010,19462,6245,Texas,25707
4/3/2010,1484,719,Vermont,2203
4/3/2010,288,472,Virgin Islands,760
4/3/2010,15279,4524,Virginia,19803
4/3/2010,11724,1292,Washington,13016
4/3/2010,11858,1010,West Virginia,12868
4/3/2010,19340,2397,Wisconsin,21737
3/31/2010,25950,2546,Arizona,28496
3/31/2010,5225,3593,Arkansas,8818
3/31/2010,10971,6721,Colorado,17692
3/31/2010,10771,3254,Connecticut,14025
3/31/2010,4722,620,Delaware,5342
3/31/2010,3528,572,Dist. of Columbia,4100
3/31/2010,74015,18929,Florida,92944
3/31/2010,19185,2392,Georgia,21577
3/31/2010,6650,1012,Idaho,7662
3/31/2010,19756,5156,Illinois,24912
3/31/2010,16964,4035,Indiana,20999
3/31/2010,8605,2131,Iowa,10736
3/31/2010,8120,701,Kansas,8821
3/31/2010,17839,1706,Kentucky,19545
3/31/2010,17866,3382,Louisiana,21248
3/31/2010,2556,1536,Maine,4092
3/31/2010,13168,1325,Maryland,14493
3/31/2010,13531,1701,Massachusetts,15232
3/31/2010,17149,4172,Michigan,21321
3/31/2010,16934,1164,Minnesota,18098
3/31/2010,21197,1667,Missouri,22864
3/31/2010,2701,802,Montana,3503
3/31/2010,7480,1013,Nebraska,8493
3/31/2010,6099,672,New Hampshire,6771
3/31/2010,30268,4680,New Jersey,34948
3/31/2010,6261,1134,New Mexico,7395
3/31/2010,49176,3686,New York,52862
3/31/2010,23764,10950,North Carolina,34714
3/31/2010,1203,760,North Dakota,1963
3/31/2010,7544,4909,Oklahoma,12453
3/31/2010,8076,1922,Oregon,9998
3/31/2010,44592,11134,Pennsylvania,55726
3/31/2010,5649,1043,Rhode Island,6692
3/31/2010,11607,7167,South Carolina,18774
3/31/2010,2983,506,South Dakota,3489
3/31/2010,17764,5711,Tennessee,23475
3/31/2010,15267,4993,Texas,20260
3/31/2010,1133,568,Vermont,1701
3/31/2010,256,478,Virgin Islands,734
3/31/2010,12755,3807,Virginia,16562
3/31/2010,9696,1030,Washington,10726
3/31/2010,9487,860,West Virginia,10347
3/31/2010,15340,1868,Wisconsin,17208
3/27/2010,24393,2454,Arizona,26847
3/27/2010,5432,3623,Arkansas,9055
3/27/2010,10264,7177,Colorado,17441
3/27/2010,11147,3611,Connecticut,14758
3/27/2010,4943,657,Delaware,5600
3/27/2010,3601,711,Dist. of Columbia,4312
3/27/2010,78144,19600,Florida,97744
3/27/2010,19759,2592,Georgia,22351
3/27/2010,6544,1062,Idaho,7606
3/27/2010,19243,5123,Illinois,24366
3/27/2010,19864,4696,Indiana,24560
3/27/2010,9256,2455,Iowa,11711
3/27/2010,8689,775,Kansas,9464
3/27/2010,19561,1887,Kentucky,21448
3/27/2010,19081,3549,Louisiana,22630
3/27/2010,2738,1641,Maine,4379
3/27/2010,13813,1399,Maryland,15212
3/27/2010,13958,1709,Massachusetts,15667
3/27/2010,17671,4559,Michigan,22230
3/27/2010,17142,1211,Minnesota,18353
3/27/2010,22022,1901,Missouri,23923
3/27/2010,2640,779,Montana,3419
3/27/2010,7784,1063,Nebraska,8847
3/27/2010,6737,784,New Hampshire,7521
3/27/2010,27105,4500,New Jersey,31605
3/27/2010,6346,1244,New Mexico,7590
3/27/2010,44473,3401,New York,47874
3/27/2010,25834,11643,North Carolina,37477
3/27/2010,1153,831,North Dakota,1984
3/27/2010,8077,5413,Oklahoma,13490
3/27/2010,7622,1908,Oregon,9530
3/27/2010,44690,11346,Pennsylvania,56036
3/27/2010,6675,1146,Rhode Island,7821
3/27/2010,12750,8476,South Carolina,21226
3/27/2010,2962,515,South Dakota,3477
3/27/2010,18599,6064,Tennessee,24663
3/27/2010,14704,5184,Texas,19888
3/27/2010,1253,692,Vermont,1945
3/27/2010,301,460,Virgin Islands,761
3/27/2010,12601,3998,Virginia,16599
3/27/2010,9089,979,Washington,10068
3/27/2010,9573,852,West Virginia,10425
3/27/2010,15483,1990,Wisconsin,17473
3/24/2010,23759,2528,Arizona,26287
3/24/2010,5194,3456,Arkansas,8650
3/24/2010,8863,6406,Colorado,15269
3/24/2010,10061,3226,Connecticut,13287
3/24/2010,4598,570,Delaware,5168
3/24/2010,3701,755,Dist. of Columbia,4456
3/24/2010,69308,19645,Florida,88953
3/24/2010,17762,2377,Georgia,20139
3/24/2010,6559,1038,Idaho,7597
3/24/2010,17410,4838,Illinois,22248
3/24/2010,15875,3979,Indiana,19854
3/24/2010,8493,2297,Iowa,10790
3/24/2010,7926,720,Kansas,8646
3/24/2010,18252,1810,Kentucky,20062
3/24/2010,17265,3479,Louisiana,20744
3/24/2010,2468,1529,Maine,3997
3/24/2010,12698,1332,Maryland,14030
3/24/2010,12882,1832,Massachusetts,14714
3/24/2010,16386,4402,Michigan,20788
3/24/2010,15569,1192,Minnesota,16761
3/24/2010,20390,1802,Missouri,22192
3/24/2010,2684,843,Montana,3527
3/24/2010,7449,1095,Nebraska,8544
3/24/2010,6031,733,New Hampshire,6764
3/24/2010,26550,4593,New Jersey,31143
3/24/2010,5991,1199,New Mexico,7190
3/24/2010,41279,3520,New York,44799
3/24/2010,23622,10846,North Carolina,34468
3/24/2010,1107,763,North Dakota,1870
3/24/2010,7253,5061,Oklahoma,12314
3/24/2010,6833,1781,Oregon,8614
3/24/2010,38418,10503,Pennsylvania,48921
3/24/2010,6092,1120,Rhode Island,7212
3/24/2010,11172,7648,South Carolina,18820
3/24/2010,2750,481,South Dakota,3231
3/24/2010,16986,5658,Tennessee,22644
3/24/2010,13897,5218,Texas,19115
3/24/2010,1159,580,Vermont,1739
3/24/2010,285,450,Virgin Islands,735
3/24/2010,11685,3768,Virginia,15453
3/24/2010,8804,962,Washington,9766
3/24/2010,8902,863,West Virginia,9765
3/24/2010,14188,1855,Wisconsin,16043
3/20/2010,23013,2412,Arizona,25425
3/20/2010,5469,3782,Arkansas,9251
3/20/2010,8639,6459,Colorado,15098
3/20/2010,9809,3147,Connecticut,12956
3/20/2010,4356,616,Delaware,4972
3/20/2010,3654,638,Dist. of Columbia,4292
3/20/2010,66210,17497,Florida,83707
3/20/2010,17955,2401,Georgia,20356
3/20/2010,6611,1110,Idaho,7721
3/20/2010,15750,4460,Illinois,20210
3/20/2010,18585,4700,Indiana,23285
3/20/2010,8296,2291,Iowa,10587
3/20/2010,7526,699,Kansas,8225
3/20/2010,19070,1866,Kentucky,20936
3/20/2010,17896,3416,Louisiana,21312
3/20/2010,2558,1652,Maine,4210
3/20/2010,12829,1201,Maryland,14030
3/20/2010,12679,1624,Massachusetts,14303
3/20/2010,16209,4106,Michigan,20315
3/20/2010,14904,1129,Minnesota,16033
3/20/2010,20469,1788,Missouri,22257
3/20/2010,2593,916,Montana,3509
3/20/2010,7369,1111,Nebraska,8480
3/20/2010,6433,710,New Hampshire,7143
3/20/2010,23683,4220,New Jersey,27903
3/20/2010,5929,1164,New Mexico,7093
3/20/2010,38615,3184,New York,41799
3/20/2010,23701,10918,North Carolina,34619
3/20/2010,1106,797,North Dakota,1903
3/20/2010,6718,4795,Oklahoma,11513
3/20/2010,6101,1700,Oregon,7801
3/20/2010,37887,10441,Pennsylvania,48328
3/20/2010,6551,1198,Rhode Island,7749
3/20/2010,11368,7743,South Carolina,19111
3/20/2010,2536,502,South Dakota,3038
3/20/2010,17730,5875,Tennessee,23605
3/20/2010,13290,4879,Texas,18169
3/20/2010,1143,571,Vermont,1714
3/20/2010,224,482,Virgin Islands,706
3/20/2010,10823,3807,Virginia,14630
3/20/2010,7665,792,Washington,8457
3/20/2010,8695,840,West Virginia,9535
3/20/2010,14461,1837,Wisconsin,16298
3/17/2010,21740,2400,Arizona,24140
3/17/2010,5154,3290,Arkansas,8444
3/17/2010,8091,5976,Colorado,14067
3/17/2010,8782,2953,Connecticut,11735
3/17/2010,3959,468,Delaware,4427
3/17/2010,3253,593,Dist. of Columbia,3846
3/17/2010,57599,15533,Florida,73132
3/17/2010,15766,2163,Georgia,17929
3/17/2010,6241,1076,Idaho,7317
3/17/2010,15359,4245,Illinois,19604
3/17/2010,15641,3868,Indiana,19509
3/17/2010,8024,2077,Iowa,10101
3/17/2010,7272,648,Kansas,7920
3/17/2010,18007,1775,Kentucky,19782
3/17/2010,15276,3019,Louisiana,18295
3/17/2010,2291,1440,Maine,3731
3/17/2010,12394,1210,Maryland,13604
3/17/2010,12136,1588,Massachusetts,13724
3/17/2010,15876,4156,Michigan,20032
3/17/2010,13484,990,Minnesota,14474
3/17/2010,18902,1567,Missouri,20469
3/17/2010,2496,853,Montana,3349
3/17/2010,7125,1022,Nebraska,8147
3/17/2010,5473,681,New Hampshire,6154
3/17/2010,23805,4120,New Jersey,27925
3/17/2010,5528,1098,New Mexico,6626
3/17/2010,38012,3185,New York,41197
3/17/2010,21279,9917,North Carolina,31196
3/17/2010,1077,880,North Dakota,1957
3/17/2010,6446,4361,Oklahoma,10807
3/17/2010,5969,1657,Oregon,7626
3/17/2010,33677,9325,Pennsylvania,43002
3/17/2010,5709,1049,Rhode Island,6758
3/17/2010,10187,6756,South Carolina,16943
3/17/2010,2359,474,South Dakota,2833
3/17/2010,15819,5255,Tennessee,21074
3/17/2010,12697,4654,Texas,17351
3/17/2010,991,539,Vermont,1530
3/17/2010,232,444,Virgin Islands,676
3/17/2010,10532,3445,Virginia,13977
3/17/2010,7561,868,Washington,8429
3/17/2010,8173,844,West Virginia,9017
3/17/2010,13675,1718,Wisconsin,15393
3/13/2010,60543,4436,Arizona,64979
3/13/2010,10064,5591,Arkansas,15655
3/13/2010,27091,13863,Colorado,40954
3/13/2010,24642,5811,Connecticut,30453
3/13/2010,11746,1025,Delaware,12771
3/13/2010,6643,962,Dist. of Columbia,7605
3/13/2010,185215,38248,Florida,223463
3/13/2010,41111,4005,Georgia,45116
3/13/2010,12494,1768,Idaho,14262
3/13/2010,45453,8876,Illinois,54329
3/13/2010,40707,7726,Indiana,48433
3/13/2010,19566,3938,Iowa,23504
3/13/2010,17826,1239,Kansas,19065
3/13/2010,37733,2997,Kentucky,40730
3/13/2010,38956,5338,Louisiana,44294
3/13/2010,4535,2365,Maine,6900
3/13/2010,27055,2018,Maryland,29073
3/13/2010,39486,3169,Massachusetts,42655
3/13/2010,38037,7410,Michigan,45447
3/13/2010,39907,1917,Minnesota,41824
3/13/2010,42196,2654,Missouri,44850
3/13/2010,4784,1215,Montana,5999
3/13/2010,16861,1778,Nebraska,18639
3/13/2010,16379,1376,New Hampshire,17755
3/13/2010,61532,7048,New Jersey,68580
3/13/2010,14894,2199,New Mexico,17093
3/13/2010,117696,6387,New York,124083
3/13/2010,48130,17654,North Carolina,65784
3/13/2010,2364,1431,North Dakota,3795
3/13/2010,16201,9026,Oklahoma,25227
3/13/2010,21820,3825,Oregon,25645
3/13/2010,120242,22154,Pennsylvania,142396
3/13/2010,15026,1944,Rhode Island,16970
3/13/2010,23706,13058,South Carolina,36764
3/13/2010,5857,821,South Dakota,6678
3/13/2010,37718,10158,Tennessee,47876
3/13/2010,29048,7556,Texas,36604
3/13/2010,2181,912,Vermont,3093
3/13/2010,501,757,Virgin Islands,1258
3/13/2010,22780,5607,Virginia,28387
3/13/2010,15971,1477,Washington,17448
3/13/2010,19379,1446,West Virginia,20825
3/13/2010,33777,3072,Wisconsin,36849
3/10/2010,38493,2922,Arizona,41415
3/10/2010,6756,3930,Arkansas,10686
3/10/2010,17519,9150,Colorado,26669
3/10/2010,17232,4122,Connecticut,21354
3/10/2010,7997,686,Delaware,8683
3/10/2010,5279,741,Dist. of Columbia,6020
3/10/2010,110158,23040,Florida,133198
3/10/2010,26747,2929,Georgia,29676
3/10/2010,8295,1158,Idaho,9453
3/10/2010,33928,7241,Illinois,41169
3/10/2010,23730,4655,Indiana,28385
3/10/2010,13538,2778,Iowa,16316
3/10/2010,11592,762,Kansas,12354
3/10/2010,25248,1995,Kentucky,27243
3/10/2010,26535,3861,Louisiana,30396
3/10/2010,3124,1670,Maine,4794
3/10/2010,19261,1412,Maryland,20673
3/10/2010,27754,2371,Massachusetts,30125
3/10/2010,28228,5785,Michigan,34013
3/10/2010,27282,1364,Minnesota,28646
3/10/2010,28782,1851,Missouri,30633
3/10/2010,3166,874,Montana,4040
3/10/2010,11960,1292,Nebraska,13252
3/10/2010,9642,907,New Hampshire,10549
3/10/2010,50282,6058,New Jersey,56340
3/10/2010,9799,1428,New Mexico,11227
3/10/2010,89839,5063,New York,94902
3/10/2010,30036,10845,North Carolina,40881
3/10/2010,1559,911,North Dakota,2470
3/10/2010,10707,5958,Oklahoma,16665
3/10/2010,14886,2729,Oregon,17615
3/10/2010,77146,14009,Pennsylvania,91155
3/10/2010,10035,1305,Rhode Island,11340
3/10/2010,15389,8085,South Carolina,23474
3/10/2010,4380,573,South Dakota,4953
3/10/2010,23809,6308,Tennessee,30117
3/10/2010,21869,6016,Texas,27885
3/10/2010,1396,593,Vermont,1989
3/10/2010,316,464,Virgin Islands,780
3/10/2010,17671,4298,Virginia,21969
3/10/2010,12653,1150,Washington,13803
3/10/2010,12839,997,West Virginia,13836
3/10/2010,23296,2164,Wisconsin,25460
3/6/2010,36704,2929,Arizona,39633
3/6/2010,6822,4471,Arkansas,11293
3/6/2010,16255,9169,Colorado,25424
3/6/2010,14585,4003,Connecticut,18588
3/6/2010,7227,751,Delaware,7978
3/6/2010,4643,773,Dist. of Columbia,5416
3/6/2010,103152,23576,Florida,126728
3/6/2010,26729,3029,Georgia,29758
3/6/2010,8058,1204,Idaho,9262
3/6/2010,27953,6792,Illinois,34745
3/6/2010,23725,4987,Indiana,28712
3/6/2010,12271,2855,Iowa,15126
3/6/2010,11596,896,Kansas,12492
3/6/2010,25134,2218,Kentucky,27352
3/6/2010,26142,4235,Louisiana,30377
3/6/2010,3183,1868,Maine,5051
3/6/2010,17116,1544,Maryland,18660
3/6/2010,22735,2043,Massachusetts,24778
3/6/2010,24636,5595,Michigan,30231
3/6/2010,24896,1376,Minnesota,26272
3/6/2010,28696,2041,Missouri,30737
3/6/2010,3163,966,Montana,4129
3/6/2010,11111,1186,Nebraska,12297
3/6/2010,8797,818,New Hampshire,9615
3/6/2010,38365,5751,New Jersey,44116
3/6/2010,9320,1516,New Mexico,10836
3/6/2010,67301,4312,New York,71613
3/6/2010,30186,12286,North Carolina,42472
3/6/2010,1494,968,North Dakota,2462
3/6/2010,10099,6360,Oklahoma,16459
3/6/2010,12947,2659,Oregon,15606
3/6/2010,67196,14270,Pennsylvania,81466
3/6/2010,10163,1339,Rhode Island,11502
3/6/2010,15091,9289,South Carolina,24380
3/6/2010,3864,557,South Dakota,4421
3/6/2010,23409,6605,Tennessee,30014
3/6/2010,19252,6015,Texas,25267
3/6/2010,1478,676,Vermont,2154
3/6/2010,318,507,Virgin Islands,825
3/6/2010,15199,4453,Virginia,19652
3/6/2010,10570,1125,Washington,11695
3/6/2010,12327,1011,West Virginia,13338
3/6/2010,21379,2252,Wisconsin,23631
3/3/2010,35986,3515,Arizona,39501
3/3/2010,7474,5149,Arkansas,12623
3/3/2010,14806,8913,Colorado,23719
3/3/2010,14405,4215,Connecticut,18620
3/3/2010,6428,721,Delaware,7149
3/3/2010,4933,785,Dist. of Columbia,5718
3/3/2010,93091,23769,Florida,116860
3/3/2010,25634,3222,Georgia,28856
3/3/2010,8390,1393,Idaho,9783
3/3/2010,26737,6628,Illinois,33365
3/3/2010,20586,4989,Indiana,25575
3/3/2010,11379,2725,Iowa,14104
3/3/2010,10754,881,Kansas,11635
3/3/2010,24021,2505,Kentucky,26526
3/3/2010,24065,4431,Louisiana,28496
3/3/2010,3017,1873,Maine,4890
3/3/2010,15358,1413,Maryland,16771
3/3/2010,21928,2095,Massachusetts,24023
3/3/2010,23252,5429,Michigan,28681
3/3/2010,23084,1458,Minnesota,24542
3/3/2010,27534,2348,Missouri,29882
3/3/2010,3295,1025,Montana,4320
3/3/2010,10645,1354,Nebraska,11999
3/3/2010,8459,878,New Hampshire,9337
3/3/2010,39743,5898,New Jersey,45641
3/3/2010,9009,1619,New Mexico,10628
3/3/2010,65921,4481,New York,70402
3/3/2010,28867,13178,North Carolina,42045
3/3/2010,1380,902,North Dakota,2282
3/3/2010,10031,6325,Oklahoma,16356
3/3/2010,11914,2668,Oregon,14582
3/3/2010,62780,15311,Pennsylvania,78091
3/3/2010,9404,1431,Rhode Island,10835
3/3/2010,14072,9195,South Carolina,23267
3/3/2010,3685,559,South Dakota,4244
3/3/2010,22928,7723,Tennessee,30651
3/3/2010,18981,6296,Texas,25277
3/3/2010,1416,676,Vermont,2092
3/3/2010,338,557,Virgin Islands,895
3/3/2010,14004,4311,Virginia,18315
3/3/2010,10548,1102,Washington,11650
3/3/2010,11786,1127,West Virginia,12913
3/3/2010,20663,2443,Wisconsin,23106
2/27/2010,27207,2554,Arizona,29761
2/27/2010,5590,3858,Arkansas,9448
2/27/2010,11875,7967,Colorado,19842
2/27/2010,11818,3798,Connecticut,15616
2/27/2010,4939,602,Delaware,5541
2/27/2010,3524,595,Dist. of Columbia,4119
2/27/2010,77430,18361,Florida,95791
2/27/2010,20650,2576,Georgia,23226
2/27/2010,6564,1017,Idaho,7581
2/27/2010,19329,5472,Illinois,24801
2/27/2010,20090,4622,Indiana,24712
2/27/2010,10057,2429,Iowa,12486
2/27/2010,9113,681,Kansas,9794
2/27/2010,20713,2026,Kentucky,22739
2/27/2010,20449,3519,Louisiana,23968
2/27/2010,2929,1756,Maine,4685
2/27/2010,13584,1313,Maryland,14897
2/27/2010,14546,1714,Massachusetts,16260
2/27/2010,19297,4794,Michigan,24091
2/27/2010,18721,1171,Minnesota,19892
2/27/2010,24052,1823,Missouri,25875
2/27/2010,2782,793,Montana,3575
2/27/2010,8667,1060,Nebraska,9727
2/27/2010,6371,746,New Hampshire,7117
2/27/2010,24358,4314,New Jersey,28672
2/27/2010,7165,1241,New Mexico,8406
2/27/2010,38492,3027,New York,41519
2/27/2010,25583,10947,North Carolina,36530
2/27/2010,1207,824,North Dakota,2031
2/27/2010,8073,5225,Oklahoma,13298
2/27/2010,9555,2109,Oregon,11664
2/27/2010,43939,10570,Pennsylvania,54509
2/27/2010,7398,1201,Rhode Island,8599
2/27/2010,12603,8049,South Carolina,20652
2/27/2010,3042,539,South Dakota,3581
2/27/2010,18485,5848,Tennessee,24333
2/27/2010,16530,5480,Texas,22010
2/27/2010,1289,628,Vermont,1917
2/27/2010,220,455,Virgin Islands,675
2/27/2010,11800,4044,Virginia,15844
2/27/2010,8615,922,Washington,9537
2/27/2010,9616,866,West Virginia,10482
2/27/2010,16644,1996,Wisconsin,18640
2/24/2010,24043,2471,Arizona,26514
2/24/2010,5484,3883,Arkansas,9367
2/24/2010,10244,6836,Colorado,17080
2/24/2010,9980,3174,Connecticut,13154
2/24/2010,4544,585,Delaware,5129
2/24/2010,3514,608,Dist. of Columbia,4122
2/24/2010,69464,18334,Florida,87798
2/24/2010,17673,2445,Georgia,20118
2/24/2010,5991,923,Idaho,6914
2/24/2010,16512,5096,Illinois,21608
2/24/2010,16095,3999,Indiana,20094
2/24/2010,8373,2153,Iowa,10526
2/24/2010,7969,687,Kansas,8656
2/24/2010,17362,1861,Kentucky,19223
2/24/2010,17395,3283,Louisiana,20678
2/24/2010,2549,1592,Maine,4141
2/24/2010,12647,1303,Maryland,13950
2/24/2010,12283,1562,Massachusetts,13845
2/24/2010,16763,4521,Michigan,21284
2/24/2010,16228,1115,Minnesota,17343
2/24/2010,20688,1699,Missouri,22387
2/24/2010,2558,872,Montana,3430
2/24/2010,7550,1050,Nebraska,8600
2/24/2010,5576,595,New Hampshire,6171
2/24/2010,28179,4827,New Jersey,33006
2/24/2010,6143,1151,New Mexico,7294
2/24/2010,39382,3468,New York,42850
2/24/2010,23514,11073,North Carolina,34587
2/24/2010,1020,777,North Dakota,1797
2/24/2010,7523,4926,Oklahoma,12449
2/24/2010,7889,1928,Oregon,9817
2/24/2010,40640,10347,Pennsylvania,50987
2/24/2010,6036,1064,Rhode Island,7100
2/24/2010,11344,7257,South Carolina,18601
2/24/2010,2794,446,South Dakota,3240
2/24/2010,16825,5725,Tennessee,22550
2/24/2010,14759,5291,Texas,20050
2/24/2010,965,461,Vermont,1426
2/24/2010,254,445,Virgin Islands,699
2/24/2010,10812,3814,Virginia,14626
2/24/2010,8313,911,Washington,9224
2/24/2010,9121,831,West Virginia,9952
2/24/2010,14449,1716,Wisconsin,16165
2/20/2010,22596,2284,Arizona,24880
2/20/2010,5136,3799,Arkansas,8935
2/20/2010,9339,6743,Colorado,16082
2/20/2010,10064,3166,Connecticut,13230
2/20/2010,4366,520,Delaware,4886
2/20/2010,3248,525,Dist. of Columbia,3773
2/20/2010,64849,16264,Florida,81113
2/20/2010,17184,2482,Georgia,19666
2/20/2010,5902,910,Idaho,6812
2/20/2010,15255,4686,Illinois,19941
2/20/2010,17033,4141,Indiana,21174
2/20/2010,8366,2322,Iowa,10688
2/20/2010,8251,625,Kansas,8876
2/20/2010,18458,1739,Kentucky,20197
2/20/2010,17327,3110,Louisiana,20437
2/20/2010,2624,1575,Maine,4199
2/20/2010,12155,1206,Maryland,13361
2/20/2010,12025,1442,Massachusetts,13467
2/20/2010,16236,4239,Michigan,20475
2/20/2010,15299,1025,Minnesota,16324
2/20/2010,21162,1632,Missouri,22794
2/20/2010,2406,800,Montana,3206
2/20/2010,7130,933,Nebraska,8063
2/20/2010,6198,641,New Hampshire,6839
2/20/2010,23040,4288,New Jersey,27328
2/20/2010,6173,1168,New Mexico,7341
2/20/2010,33592,3017,New York,36609
2/20/2010,22426,10088,North Carolina,32514
2/20/2010,1064,786,North Dakota,1850
2/20/2010,7246,4927,Oklahoma,12173
2/20/2010,7086,1798,Oregon,8884
2/20/2010,38689,10132,Pennsylvania,48821
2/20/2010,5894,1051,Rhode Island,6945
2/20/2010,11324,7436,South Carolina,18760
2/20/2010,2513,492,South Dakota,3005
2/20/2010,17006,5501,Tennessee,22507
2/20/2010,14750,5067,Texas,19817
2/20/2010,1146,545,Vermont,1691
2/20/2010,198,366,Virgin Islands,564
2/20/2010,9663,3395,Virginia,13058
2/20/2010,7796,871,Washington,8667
2/20/2010,8271,800,West Virginia,9071
2/20/2010,14347,1666,Wisconsin,16013
2/17/2010,21031,2296,Arizona,23327
2/17/2010,4704,3878,Arkansas,8582
2/17/2010,8450,6012,Colorado,14462
2/17/2010,8365,2848,Connecticut,11213
2/17/2010,3919,513,Delaware,4432
2/17/2010,3051,585,Dist. of Columbia,3636
2/17/2010,56657,15713,Florida,72370
2/17/2010,15693,2490,Georgia,18183
2/17/2010,5843,968,Idaho,6811
2/17/2010,14425,4787,Illinois,19212
2/17/2010,14083,3757,Indiana,17840
2/17/2010,7481,2007,Iowa,9488
2/17/2010,7122,646,Kansas,7768
2/17/2010,15589,1662,Kentucky,17251
2/17/2010,15354,3090,Louisiana,18444
2/17/2010,2258,1394,Maine,3652
2/17/2010,11039,1155,Maryland,12194
2/17/2010,11053,1463,Massachusetts,12516
2/17/2010,15525,4075,Michigan,19600
2/17/2010,14053,1149,Minnesota,15202
2/17/2010,18864,1668,Missouri,20532
2/17/2010,2352,790,Montana,3142
2/17/2010,6772,974,Nebraska,7746
2/17/2010,5254,594,New Hampshire,5848
2/17/2010,24242,4346,New Jersey,28588
2/17/2010,5668,1154,New Mexico,6822
2/17/2010,32944,3158,New York,36102
2/17/2010,20459,10031,North Carolina,30490
2/17/2010,994,717,North Dakota,1711
2/17/2010,6374,4403,Oklahoma,10777
2/17/2010,6338,1736,Oregon,8074
2/17/2010,33087,9072,Pennsylvania,42159
2/17/2010,5427,1012,Rhode Island,6439
2/17/2010,9918,6956,South Carolina,16874
2/17/2010,2426,414,South Dakota,2840
2/17/2010,14396,4991,Tennessee,19387
2/17/2010,14709,5159,Texas,19868
2/17/2010,1025,498,Vermont,1523
2/17/2010,234,384,Virgin Islands,618
2/17/2010,9184,3542,Virginia,12726
2/17/2010,7761,861,Washington,8622
2/17/2010,7301,760,West Virginia,8061
2/17/2010,13413,1741,Wisconsin,15154
2/13/2010,20590,2172,Arizona,22762
2/13/2010,4871,3628,Arkansas,8499
2/13/2010,8329,6020,Colorado,14349
2/13/2010,9419,3090,Connecticut,12509
2/13/2010,3655,483,Delaware,4138
2/13/2010,2644,488,Dist. of Columbia,3132
2/13/2010,58612,15516,Florida,74128
2/13/2010,13561,2259,Georgia,15820
2/13/2010,5411,848,Idaho,6259
2/13/2010,13500,4435,Illinois,17935
2/13/2010,16277,4185,Indiana,20462
2/13/2010,7981,2163,Iowa,10144
2/13/2010,7438,630,Kansas,8068
2/13/2010,18059,1710,Kentucky,19769
2/13/2010,15006,2956,Louisiana,17962
2/13/2010,2444,1519,Maine,3963
2/13/2010,11413,1212,Maryland,12625
2/13/2010,11803,1409,Massachusetts,13212
2/13/2010,15927,3962,Michigan,19889
2/13/2010,14079,1043,Minnesota,15122
2/13/2010,19594,1615,Missouri,21209
2/13/2010,2251,703,Montana,2954
2/13/2010,6667,940,Nebraska,7607
2/13/2010,5817,682,New Hampshire,6499
2/13/2010,21639,3930,New Jersey,25569
2/13/2010,5689,1080,New Mexico,6769
2/13/2010,32850,3032,New York,35882
2/13/2010,20228,9125,North Carolina,29353
2/13/2010,970,676,North Dakota,1646
2/13/2010,6295,4291,Oklahoma,10586
2/13/2010,6162,1580,Oregon,7742
2/13/2010,33261,8661,Pennsylvania,41922
2/13/2010,5723,1032,Rhode Island,6755
2/13/2010,9922,6730,South Carolina,16652
2/13/2010,2155,393,South Dakota,2548
2/13/2010,15235,5146,Tennessee,20381
2/13/2010,14292,4830,Texas,19122
2/13/2010,1039,569,Vermont,1608
2/13/2010,198,381,Virgin Islands,579
2/13/2010,9153,3510,Virginia,12663
2/13/2010,7796,844,Washington,8640
2/13/2010,7566,775,West Virginia,8341
2/13/2010,13446,1491,Wisconsin,14937
2/10/2010,18155,1848,Arizona,20003
2/10/2010,4542,3281,Arkansas,7823
2/10/2010,6795,5178,Colorado,11973
2/10/2010,7531,2457,Connecticut,9988
2/10/2010,2521,331,Delaware,2852
2/10/2010,1369,200,Dist. of Columbia,1569
2/10/2010,47138,12215,Florida,59353
2/10/2010,13459,2008,Georgia,15467
2/10/2010,5038,846,Idaho,5884
2/10/2010,12716,3964,Illinois,16680
2/10/2010,11857,3152,Indiana,15009
2/10/2010,6702,1822,Iowa,8524
2/10/2010,6215,552,Kansas,6767
2/10/2010,14515,1434,Kentucky,15949
2/10/2010,13742,2523,Louisiana,16265
2/10/2010,2027,1293,Maine,3320
2/10/2010,7686,668,Maryland,8354
2/10/2010,12861,1251,Massachusetts,14112
2/10/2010,14008,3036,Michigan,17044
2/10/2010,12034,894,Minnesota,12928
2/10/2010,17033,1339,Missouri,18372
2/10/2010,2092,690,Montana,2782
2/10/2010,5903,802,Nebraska,6705
2/10/2010,4984,552,New Hampshire,5536
2/10/2010,19457,3126,New Jersey,22583
2/10/2010,4980,909,New Mexico,5889
2/10/2010,31294,2675,New York,33969
2/10/2010,17130,7677,North Carolina,24807
2/10/2010,892,667,North Dakota,1559
2/10/2010,5647,3840,Oklahoma,9487
2/10/2010,5338,1475,Oregon,6813
2/10/2010,25138,6328,Pennsylvania,31466
2/10/2010,4687,754,Rhode Island,5441
2/10/2010,8607,5566,South Carolina,14173
2/10/2010,1982,370,South Dakota,2352
2/10/2010,12672,4160,Tennessee,16832
2/10/2010,15714,5006,Texas,20720
2/10/2010,980,474,Vermont,1454
2/10/2010,211,295,Virgin Islands,506
2/10/2010,7796,2940,Virginia,10736
2/10/2010,7812,789,Washington,8601
2/10/2010,6194,548,West Virginia,6742
2/10/2010,11487,1349,Wisconsin,12836
2/6/2010,37791,3173,Arizona,40964
2/6/2010,8046,5644,Arkansas,13690
2/6/2010,16927,10304,Colorado,27231
2/6/2010,17775,4704,Connecticut,22479
2/6/2010,6150,625,Delaware,6775
2/6/2010,3959,601,Dist. of Columbia,4560
2/6/2010,119122,27806,Florida,146928
2/6/2010,23097,3240,Georgia,26337
2/6/2010,8480,1338,Idaho,9818
2/6/2010,27883,7037,Illinois,34920
2/6/2010,24742,5056,Indiana,29798
2/6/2010,13776,3003,Iowa,16779
2/6/2010,12011,889,Kansas,12900
2/6/2010,27731,2344,Kentucky,30075
2/6/2010,27676,4275,Louisiana,31951
2/6/2010,3510,2009,Maine,5519
2/6/2010,13933,1200,Maryland,15133
2/6/2010,27465,2255,Massachusetts,29720
2/6/2010,23179,4191,Michigan,27370
2/6/2010,27901,1589,Minnesota,29490
2/6/2010,30870,2086,Missouri,32956
2/6/2010,3335,968,Montana,4303
2/6/2010,11059,1293,Nebraska,12352
2/6/2010,9642,894,New Hampshire,10536
2/6/2010,42948,5534,New Jersey,48482
2/6/2010,10576,1789,New Mexico,12365
2/6/2010,68994,4958,New York,73952
2/6/2010,35408,14484,North Carolina,49892
2/6/2010,1643,979,North Dakota,2622
2/6/2010,11134,6944,Oklahoma,18078
2/6/2010,13879,2659,Oregon,16538
2/6/2010,63681,13008,Pennsylvania,76689
2/6/2010,10558,1524,Rhode Island,12082
2/6/2010,17931,10468,South Carolina,28399
2/6/2010,4013,619,South Dakota,4632
2/6/2010,25786,7605,Tennessee,33391
2/6/2010,25693,6684,Texas,32377
2/6/2010,1612,758,Vermont,2370
2/6/2010,348,574,Virgin Islands,922
2/6/2010,12320,3994,Virginia,16314
2/6/2010,12675,1145,Washington,13820
2/6/2010,11164,961,West Virginia,12125
2/6/2010,23305,2181,Wisconsin,25486
2/3/2010,33451,2992,Arizona,36443
2/3/2010,7512,5531,Arkansas,13043
2/3/2010,14616,9047,Colorado,23663
2/3/2010,15021,4203,Connecticut,19224
2/3/2010,6712,769,Delaware,7481
2/3/2010,5353,824,Dist. of Columbia,6177
2/3/2010,93065,22884,Florida,115949
2/3/2010,23623,3837,Georgia,27460
2/3/2010,7665,1244,Idaho,8909
2/3/2010,27373,7664,Illinois,35037
2/3/2010,21666,5043,Indiana,26709
2/3/2010,11444,2718,Iowa,14162
2/3/2010,10824,833,Kansas,11657
2/3/2010,25246,2356,Kentucky,27602
2/3/2010,24149,4067,Louisiana,28216
2/3/2010,3059,1699,Maine,4758
2/3/2010,18206,1809,Maryland,20015
2/3/2010,30496,2130,Massachusetts,32626
2/3/2010,24248,3643,Michigan,27891
2/3/2010,25216,1516,Minnesota,26732
2/3/2010,28565,2067,Missouri,30632
2/3/2010,2995,906,Montana,3901
2/3/2010,10150,1212,Nebraska,11362
2/3/2010,8215,872,New Hampshire,9087
2/3/2010,48121,7616,New Jersey,55737
2/3/2010,9332,1517,New Mexico,10849
2/3/2010,71596,6588,New York,78184
2/3/2010,30325,13861,North Carolina,44186
2/3/2010,1430,939,North Dakota,2369
2/3/2010,9652,6202,Oklahoma,15854
2/3/2010,11421,2448,Oregon,13869
2/3/2010,64844,13967,Pennsylvania,78811
2/3/2010,9032,1392,Rhode Island,10424
2/3/2010,15131,9235,South Carolina,24366
2/3/2010,3471,604,South Dakota,4075
2/3/2010,22385,6944,Tennessee,29329
2/3/2010,32779,7610,Texas,40389
2/3/2010,1448,674,Vermont,2122
2/3/2010,258,455,Virgin Islands,713
2/3/2010,13517,5449,Virginia,18966
2/3/2010,15814,1241,Washington,17055
2/3/2010,11942,1030,West Virginia,12972
2/3/2010,20431,2146,Wisconsin,22577
